#   20.074  -1.849   6.179 ;Mean Elev.(m), Avg Gradient(m/km), RMS Gradient(m/km) - SRTM1     
#   20.043  -1.656   6.909 ;Mean Elev.(m), Avg Gradient(m/km), RMS Gradient(m/km) - ASTER GDEM
#   21.812  -1.914   6.424 ;Mean Elev.(m), Avg Gradient(m/km), RMS Gradient(m/km) - GMTED2010 
   1    29.722 54668.44329219 38.13 296.903231  -4.055704 19.620 -100.00 -100.00 -100.00
   1    29.766 54668.44329278 37.19 296.904129  -4.053204 15.573 -100.00 -100.00 -100.00
   1    29.580 54668.44329337 37.94 296.905026  -4.050704 17.561 -100.00 -100.00 -100.00
   1    29.703 54668.44329396 37.36 296.905923  -4.048204 14.786 -100.00 -100.00 -100.00
   2    29.599 54678.35893629 44.99 296.902576  -4.054523 23.175 -100.00 -100.00 -100.00
   2    29.289 54678.35893688 50.61 296.903473  -4.052023   -100 -100.00 -100.00 -100.00
   2    29.111 54678.35893747 53.15 296.904370  -4.049523  1.662 -100.00 -100.00 -100.00
   3   -22.828 54688.27457837 27.53 296.902838  -4.057127 12.622 -100.00 -100.00 -100.00
   3   -18.083 54688.27457896 27.42 296.903735  -4.054627 11.575 -100.00 -100.00 -100.00
   3     6.524 54688.27457955 18.79 296.904632  -4.052127  4.378 -100.00 -100.00 -100.00
   3     7.385 54688.27458014 18.55 296.905529  -4.049627  3.261 -100.00 -100.00 -100.00
   4    27.703 54698.19021905 41.43 296.905719  -4.058057 18.478 -100.00 -100.00 -100.00
   4    27.467 54698.19021964 43.58 296.906616  -4.055557 23.778 -100.00 -100.00 -100.00
   4    27.149 54698.19022023 50.26 296.907513  -4.053057   -100 -100.00 -100.00 -100.00
   4    27.042 54698.19022082 51.33 296.908410  -4.050557  4.095 -100.00 -100.00 -100.00
   6    23.865 54718.02151289 42.72 296.905182  -4.056847 27.768 -100.00 -100.00 -100.00
   6    23.804 54718.02151348 44.89 296.906079  -4.054347   -100 -100.00 -100.00 -100.00
   6    23.662 54718.02151407 48.09 296.906976  -4.051847   -100 -100.00 -100.00 -100.00
   6    23.554 54718.02151466 44.87 296.907873  -4.049347   -100 -100.00 -100.00 -100.00
   7    14.393 54727.93716186 23.81 296.901663  -4.056234  5.042 -100.00 -100.00 -100.00
   7    14.424 54727.93716245 24.34 296.902561  -4.053734  6.521 -100.00 -100.00 -100.00
   7    14.391 54727.93716304 24.84 296.903458  -4.051234  6.523 -100.00 -100.00 -100.00
   7    13.923 54727.93716363 24.92 296.904355  -4.048734  7.042 -100.00 -100.00 -100.00
   8    23.188 54737.85281012 25.99 296.899000  -4.053614  7.241 -100.00 -100.00 -100.00
   8    23.258 54737.85281071 25.02 296.899898  -4.051114  5.682 -100.00 -100.00 -100.00
   8    23.230 54737.85281130 24.79 296.900795  -4.048614  5.651 -100.00 -100.00 -100.00
   9    23.567 54747.76845756 29.97 296.896407  -4.054802 15.337 -100.00 -100.00 -100.00
   9    22.833 54747.76845815 29.82 296.897304  -4.052302 16.553 -100.00 -100.00 -100.00
   9    22.743 54747.76845874 28.27 296.898201  -4.049802 12.613 -100.00 -100.00 -100.00
   9    22.616 54747.76845933 27.92 296.899099  -4.047302 13.292 -100.00 -100.00 -100.00
  10    21.965 54757.68410564 42.45 296.896508  -4.052458   -100 -100.00 -100.00 -100.00
  10    21.934 54757.68410623 42.91 296.897405  -4.049958   -100 -100.00 -100.00 -100.00
  10    22.046 54757.68410682 43.34 296.898302  -4.047458   -100 -100.00 -100.00 -100.00
  11    22.126 54767.59975083 42.78 296.896761  -4.054217 31.274 -100.00 -100.00 -100.00
  11    22.524 54767.59975142 41.67 296.897658  -4.051717 27.826 -100.00 -100.00 -100.00
  11    22.391 54767.59975201 36.30 296.898555  -4.049217 16.780 -100.00 -100.00 -100.00
  11    21.862 54767.59975260 40.21 296.899452  -4.046716 29.317 -100.00 -100.00 -100.00
  12    22.721 54777.51539313 26.91 296.898259  -4.054108 10.521 -100.00 -100.00 -100.00
  12    22.703 54777.51539372 24.87 296.899156  -4.051608  8.247 -100.00 -100.00 -100.00
  12    22.460 54777.51539431 26.40 296.900053  -4.049108  9.482 -100.00 -100.00 -100.00
  12    30.236 54777.51539490 25.70 296.900950  -4.046608  7.372 -100.00 -100.00 -100.00
  13    23.456 54787.43103279 39.77 296.899252  -4.053979 31.892 -100.00 -100.00 -100.00
  13    23.398 54787.43103338 41.17 296.900149  -4.051479   -100 -100.00 -100.00 -100.00
  13    23.338 54787.43103397 41.66 296.901046  -4.048979   -100 -100.00 -100.00 -100.00
  13    23.453 54787.43103456 39.04 296.901944  -4.046479   -100 -100.00 -100.00 -100.00
  14    24.469 54797.34667067 41.77 296.899447  -4.055580 22.036 -100.00 -100.00 -100.00
  14    24.420 54797.34667126 45.02 296.900344  -4.053080 25.588 -100.00 -100.00 -100.00
  14    24.453 54797.34667185 48.94 296.901242  -4.050580   -100 -100.00 -100.00 -100.00
  14    24.029 54797.34667244 52.13 296.902139  -4.048080  7.410 -100.00 -100.00 -100.00
  15    24.995 54807.26230844 46.06 296.901440  -4.056489 31.050 -100.00 -100.00 -100.00
  15    24.876 54807.26230903 45.75 296.902337  -4.053989   -100 -100.00 -100.00 -100.00
  15    24.717 54807.26230962 49.29 296.903235  -4.051488   -100 -100.00 -100.00 -100.00
  15    24.684 54807.26231021 52.25 296.904132  -4.048988 21.896 -100.00 -100.00 -100.00
  16    25.581 54817.17794588 42.88 296.904918  -4.056761 30.177 -100.00 -100.00 -100.00
  16    25.496 54817.17794647 44.90 296.905815  -4.054261   -100 -100.00 -100.00 -100.00
  16    25.432 54817.17794706 47.05 296.906712  -4.051761   -100 -100.00 -100.00 -100.00
  16    25.655 54817.17794765 44.98 296.907609  -4.049261   -100 -100.00 -100.00 -100.00
  17    26.276 54827.09359487 40.61 296.904115  -4.057119 23.877 -100.00 -100.00 -100.00
  17    26.169 54827.09359546 45.90 296.905012  -4.054619   -100 -100.00 -100.00 -100.00
  17    25.963 54827.09359605 50.74 296.905909  -4.052119   -100 -100.00 -100.00 -100.00
  17    25.852 54827.09359664 53.75 296.906807  -4.049618  2.462 -100.00 -100.00 -100.00
  18    25.759 54837.00923391 27.51 296.901026  -4.056263  7.398 -100.00 -100.00 -100.00
  18    25.772 54837.00923450 26.91 296.901923  -4.053763  6.338 -100.00 -100.00 -100.00
  18    25.763 54837.00923509 28.24 296.902820  -4.051262  9.066 -100.00 -100.00 -100.00
  18    25.689 54837.00923568 28.29 296.903717  -4.048762  7.748 -100.00 -100.00 -100.00
  19    26.278 54846.92488346 35.35 296.897314  -4.054985 25.882 -100.00 -100.00 -100.00
  19    25.700 54846.92488405 28.31 296.898211  -4.052485 12.173 -100.00 -100.00 -100.00
  19    25.818 54846.92488465 27.10 296.899108  -4.049985  9.552 -100.00 -100.00 -100.00
  19    25.772 54846.92488524 26.27 296.900005  -4.047484  7.485 -100.00 -100.00 -100.00
  20    27.311 54856.84053291 36.73 296.895225  -4.053346 20.609 -100.00 -100.00 -100.00
  20    27.186 54856.84053350 33.00 296.896123  -4.050846 13.071 -100.00 -100.00 -100.00
  20    27.076 54856.84053409 33.35 296.897020  -4.048345 13.083 -100.00 -100.00 -100.00
  20    27.014 54856.84053468 32.27 296.897917  -4.045845 12.431 -100.00 -100.00 -100.00
  21    28.291 54866.75618234 35.64 296.894569  -4.052861   -100 -100.00 -100.00 -100.00
  21    28.168 54866.75618293 25.78 296.895466  -4.050361 10.082 -100.00 -100.00 -100.00
  21    28.119 54866.75618352 25.61 296.896364  -4.047860  7.798 -100.00 -100.00 -100.00
  21    27.918 54866.75618411 27.52 296.897261  -4.045360  9.782 -100.00 -100.00 -100.00
  22    28.885 54876.67183131 29.60 296.894953  -4.052378 19.805 -100.00 -100.00 -100.00
  22    28.678 54876.67183190 25.52 296.895850  -4.049878 11.209 -100.00 -100.00 -100.00
  22    28.445 54876.67183249 26.60 296.896747  -4.047377  9.850 -100.00 -100.00 -100.00
  22    30.469 54876.67183308 29.38 296.897644  -4.044877 15.742 -100.00 -100.00 -100.00
  23    29.313 54886.58747721 30.03 296.896030  -4.052062 18.168 -100.00 -100.00 -100.00
  23    29.107 54886.58747780 27.52 296.896927  -4.049562  9.685 -100.00 -100.00 -100.00
  23    28.667 54886.58747839 29.77 296.897824  -4.047061 14.124 -100.00 -100.00 -100.00
  24    29.958 54896.50311885 32.10 296.894805  -4.053852 22.055 -100.00 -100.00 -100.00
  24    29.830 54896.50311944 29.39 296.895702  -4.051351 15.781 -100.00 -100.00 -100.00
  24    29.452 54896.50312004 30.69 296.896599  -4.048851 16.754 -100.00 -100.00 -100.00
  24    29.147 54896.50312063 32.22 296.897497  -4.046350 21.040 -100.00 -100.00 -100.00
  25    30.522 54906.41875820 38.30 296.893985  -4.052587 16.296 -100.00 -100.00 -100.00
  25    30.267 54906.41875879 37.22 296.894883  -4.050086 11.916 -100.00 -100.00 -100.00
  25    30.115 54906.41875938 38.98 296.895780  -4.047586 20.056 -100.00 -100.00 -100.00
  25    30.249 54906.41875997 41.02 296.896677  -4.045086 24.679 -100.00 -100.00 -100.00
  26    30.784 54916.33439565 40.76 296.893931  -4.053427   -100 -100.00 -100.00 -100.00
  26    30.693 54916.33439624 29.81 296.894828  -4.050926 12.775 -100.00 -100.00 -100.00
  26    30.381 54916.33439683 31.73 296.895726  -4.048426 15.012 -100.00 -100.00 -100.00
  26    30.172 54916.33439742 33.25 296.896623  -4.045926 20.263 -100.00 -100.00 -100.00
  27    30.912 54926.25003331 46.33 296.896205  -4.052766   -100 -100.00 -100.00 -100.00
  27    31.096 54926.25003390 42.39 296.897103  -4.050265 27.338 -100.00 -100.00 -100.00
  27    31.158 54926.25003449 44.69 296.898000  -4.047765   -100 -100.00 -100.00 -100.00
  27    31.173 54926.25003508 40.61 296.898897  -4.045264 19.018 -100.00 -100.00 -100.00
  28    31.559 54936.16566985 44.83 296.899165  -4.054664   -100 -100.00 -100.00 -100.00
  28    31.293 54936.16567044 47.16 296.900062  -4.052164  5.658 -100.00 -100.00 -100.00
  28    31.350 54936.16567103 48.12 296.900959  -4.049664  4.308 -100.00 -100.00 -100.00
  28    31.394 54936.16567162 46.91 296.901856  -4.047163   -100 -100.00 -100.00 -100.00
  29    31.895 54946.08130485 44.82 296.903281  -4.055502   -100 -100.00 -100.00 -100.00
  29    31.592 54946.08130544 44.96 296.904179  -4.053002   -100 -100.00 -100.00 -100.00
  29    31.664 54946.08130603 39.58 296.905076  -4.050501 27.364 -100.00 -100.00 -100.00
  30    32.012 54955.99693705 42.46 296.906966  -4.057457 24.258 -100.00 -100.00 -100.00
  30    32.011 54955.99693764 39.87 296.907863  -4.054957 15.563 -100.00 -100.00 -100.00
  30    31.814 54955.99693823 42.66 296.908761  -4.052456 25.878 -100.00 -100.00 -100.00
  30    31.895 54955.99693883 41.47 296.909658  -4.049956 19.729 -100.00 -100.00 -100.00
  31    32.036 54965.91258513 32.76 296.904886  -4.056333 14.749 -100.00 -100.00 -100.00
  31    31.726 54965.91258572 36.46 296.905783  -4.053832 29.547 -100.00 -100.00 -100.00
  31    31.820 54965.91258631 36.79 296.906680  -4.051332 30.253 -100.00 -100.00 -100.00
  31    31.949 54965.91258690 39.90 296.907578  -4.048832   -100 -100.00 -100.00 -100.00
  32    32.461 54975.82823262 37.46 296.901978  -4.056885 25.905 -100.00 -100.00 -100.00
  32    32.112 54975.82823321 39.68 296.902875  -4.054385   -100 -100.00 -100.00 -100.00
  32    32.106 54975.82823380 35.82 296.903773  -4.051884 23.284 -100.00 -100.00 -100.00
  32    31.763 54975.82823439 39.80 296.904670  -4.049384   -100 -100.00 -100.00 -100.00
  33    32.400 54985.74388076 38.84 296.901115  -4.055201   -100 -100.00 -100.00 -100.00
  33    32.279 54985.74388135 33.85 296.902012  -4.052701 19.072 -100.00 -100.00 -100.00
  33    32.008 54985.74388194 36.42 296.902910  -4.050201 27.145 -100.00 -100.00 -100.00
  33    32.152 54985.74388253 37.21 296.903807  -4.047700 30.007 -100.00 -100.00 -100.00
  34    32.461 54995.65952891 37.94 296.901595  -4.054202   -100 -100.00 -100.00 -100.00
  34    32.456 54995.65952950 34.66 296.902492  -4.051701 18.517 -100.00 -100.00 -100.00
  34    32.421 54995.65953009 35.71 296.903389  -4.049201 22.139 -100.00 -100.00 -100.00
  35    32.544 55005.57517516 35.88 296.901426  -4.054511 15.759 -100.00 -100.00 -100.00
  35    32.560 55005.57517575 36.18 296.902324  -4.052011 15.946 -100.00 -100.00 -100.00
  35    32.480 55005.57517634 38.37 296.903221  -4.049510 22.257 -100.00 -100.00 -100.00
  36    32.657 55015.49081878 36.29 296.900119  -4.055336 26.514 -100.00 -100.00 -100.00
  36    32.222 55015.49081937 34.82 296.901016  -4.052836 21.764 -100.00 -100.00 -100.00
  36    32.270 55015.49081996 35.72 296.901913  -4.050336 22.784 -100.00 -100.00 -100.00
  36    32.247 55015.49082055 37.93 296.902810  -4.047836   -100 -100.00 -100.00 -100.00
  37    32.563 55025.40646117 47.28 296.899070  -4.054564   -100 -100.00 -100.00 -100.00
  37    32.702 55025.40646176 51.18 296.899967  -4.052064   -100 -100.00 -100.00 -100.00
  37    32.717 55025.40646235 52.79 296.900864  -4.049564   -100 -100.00 -100.00 -100.00
  37    32.399 55025.40646294 51.73 296.901761  -4.047064 25.240 -100.00 -100.00 -100.00
  38    32.792 55035.32210262 44.94 296.898385  -4.055043 26.316 -100.00 -100.00 -100.00
  38    32.476 55035.32210321 49.23 296.899282  -4.052543   -100 -100.00 -100.00 -100.00
  38    32.173 55035.32210380 54.14 296.900180  -4.050043 13.088 -100.00 -100.00 -100.00
  38    32.120 55035.32210439 55.27 296.901077  -4.047543 31.141 -100.00 -100.00 -100.00
  39    32.144 55045.23774350 49.08 296.900111  -4.055521 28.546 -100.00 -100.00 -100.00
  39    31.787 55045.23774409 52.10 296.901008  -4.053021   -100 -100.00 -100.00 -100.00
  39    32.004 55045.23774468 53.37 296.901905  -4.050521   -100 -100.00 -100.00 -100.00
  39    31.747 55045.23774527 52.67 296.902802  -4.048021   -100 -100.00 -100.00 -100.00
  40    31.534 55055.15338257 44.94 296.903632  -4.057012 23.588 -100.00 -100.00 -100.00
  40    31.211 55055.15338316 49.06 296.904529  -4.054511   -100 -100.00 -100.00 -100.00
  40    31.348 55055.15338375 48.46 296.905426  -4.052011   -100 -100.00 -100.00 -100.00
  40    31.177 55055.15338435 51.51 296.906323  -4.049511  4.679 -100.00 -100.00 -100.00
  41    30.478 55065.06901936 36.64 296.906263  -4.058740 14.716 -100.00 -100.00 -100.00
  41    30.481 55065.06901995 33.58 296.907160  -4.056240  7.053 -100.00 -100.00 -100.00
  41    30.387 55065.06902054 33.09 296.908057  -4.053740  6.911 -100.00 -100.00 -100.00
  41    30.190 55065.06902113 33.19 296.908955  -4.051240  7.879 -100.00 -100.00 -100.00
  42    29.147 55074.98466735 28.33 296.904721  -4.055657 16.369 -100.00 -100.00 -100.00
  42    29.172 55074.98466794 29.68 296.905618  -4.053157 18.035 -100.00 -100.00 -100.00
  42    28.991 55074.98466853 31.65 296.906515  -4.050657 24.706 -100.00 -100.00 -100.00
  43    28.778 55084.90031488 32.62 296.900139  -4.055882 17.400 -100.00 -100.00 -100.00
  43    29.054 55084.90031547 25.65 296.901037  -4.053382  4.607 -100.00 -100.00 -100.00
  43    28.399 55084.90031606 27.53 296.901934  -4.050882  8.144 -100.00 -100.00 -100.00
  43    28.033 55084.90031665 29.54 296.902831  -4.048382 10.457 -100.00 -100.00 -100.00
  44    26.055 55094.81596189 27.31 296.897746  -4.053525  9.740 -100.00 -100.00 -100.00
  44    27.689 55094.81596248 26.16 296.898644  -4.051025  7.863 -100.00 -100.00 -100.00
  44    26.983 55094.81596307 25.82 296.899541  -4.048525  6.666 -100.00 -100.00 -100.00
  44    29.912 55094.81596366 28.57 296.900438  -4.046025 12.474 -100.00 -100.00 -100.00
  45    23.564 55104.73160853 42.50 296.896955  -4.053322   -100 -100.00 -100.00 -100.00
  45    23.653 55104.73160912 41.50 296.897852  -4.050822 28.039 -100.00 -100.00 -100.00
  45    23.671 55104.73160971 42.46 296.898749  -4.048322 31.025 -100.00 -100.00 -100.00
  45    23.578 55104.73161031 42.40 296.899646  -4.045822 30.488 -100.00 -100.00 -100.00
  46    22.095 55114.64725469 41.86 296.896841  -4.054885 29.428 -100.00 -100.00 -100.00
  46    22.551 55114.64725528 43.48 296.897739  -4.052385   -100 -100.00 -100.00 -100.00
  46    22.167 55114.64725587 38.59 296.898636  -4.049885 22.433 -100.00 -100.00 -100.00
  46    22.108 55114.64725646 37.10 296.899533  -4.047384 20.083 -100.00 -100.00 -100.00
  47    23.205 55124.56289875 26.05 296.897802  -4.055127 15.114 -100.00 -100.00 -100.00
  47    27.586 55124.56289934 22.43 296.898700  -4.052626 10.332 -100.00 -100.00 -100.00
  47    29.354 55124.56289993 19.70 296.899597  -4.050126  6.674 -100.00 -100.00 -100.00
  47    29.583 55124.56290052 19.60 296.900494  -4.047626  5.016 -100.00 -100.00 -100.00
  48    22.487 55134.47853987 39.57 296.898477  -4.055557 26.398 -100.00 -100.00 -100.00
  48    22.440 55134.47854046 37.86 296.899374  -4.053057 22.410 -100.00 -100.00 -100.00
  48    22.189 55134.47854105 40.49 296.900271  -4.050557   -100 -100.00 -100.00 -100.00
  48    22.156 55134.47854164 41.14 296.901168  -4.048057   -100 -100.00 -100.00 -100.00
  49    21.717 55144.39417874 37.65 296.898982  -4.055265 23.707 -100.00 -100.00 -100.00
  49    21.971 55144.39417933 39.72 296.899880  -4.052765 27.639 -100.00 -100.00 -100.00
  49    22.008 55144.39417992 42.52 296.900777  -4.050265   -100 -100.00 -100.00 -100.00
  49    21.844 55144.39418051 43.70 296.901674  -4.047765   -100 -100.00 -100.00 -100.00
  50    20.803 55154.30981670 31.87 296.899680  -4.054903 19.983 -100.00 -100.00 -100.00
  50    20.796 55154.30981729 25.14 296.900577  -4.052403  8.370 -100.00 -100.00 -100.00
  50    21.837 55154.30981788 25.09 296.901475  -4.049903  7.174 -100.00 -100.00 -100.00
  50    29.504 55154.30981847 25.19 296.902372  -4.047403  7.125 -100.00 -100.00 -100.00
  51    20.468 55164.22545467 39.89 296.900934  -4.056022 18.733 -100.00 -100.00 -100.00
  51    20.394 55164.22545526 42.00 296.901831  -4.053522 24.544 -100.00 -100.00 -100.00
  51    20.318 55164.22545585 47.65 296.902728  -4.051022   -100 -100.00 -100.00 -100.00
  51    20.023 55164.22545644 51.17 296.903625  -4.048522 10.114 -100.00 -100.00 -100.00
  52    21.557 55174.14109271 39.75 296.903782  -4.056284 28.159 -100.00 -100.00 -100.00
  52    22.327 55174.14109331 40.90 296.904680  -4.053784 19.639 -100.00 -100.00 -100.00
  52    21.905 55174.14109390 45.07 296.905577  -4.051283 32.135 -100.00 -100.00 -100.00
  52    21.853 55174.14109449 50.40 296.906474  -4.048783   -100 -100.00 -100.00 -100.00
  53    24.097 55184.05673134 43.01 296.906021  -4.058012   -100 -100.00 -100.00 -100.00
  53    23.973 55184.05673193 42.92 296.906918  -4.055512   -100 -100.00 -100.00 -100.00
  53    23.837 55184.05673252 41.36 296.907815  -4.053011   -100 -100.00 -100.00 -100.00
  53    23.709 55184.05673312 37.72 296.908712  -4.050511 30.084 -100.00 -100.00 -100.00
  54    27.232 55193.97238278 24.63 296.903441  -4.056164  5.707 -100.00 -100.00 -100.00
  54    25.046 55193.97238337 25.48 296.904338  -4.053664  6.472 -100.00 -100.00 -100.00
  54    25.037 55193.97238396 25.38 296.905236  -4.051163  6.037 -100.00 -100.00 -100.00
  54    31.349 55193.97238455 25.11 296.906133  -4.048663  5.322 -100.00 -100.00 -100.00
  55    26.110 55203.88803308 29.88 296.899802  -4.054159  7.028 -100.00 -100.00 -100.00
  55    25.904 55203.88803367 30.00 296.900699  -4.051659  7.291 -100.00 -100.00 -100.00
  55    25.685 55203.88803426 30.36 296.901596  -4.049159  8.252 -100.00 -100.00 -100.00
  55    30.113 55203.88803485 30.26 296.902493  -4.046658  7.846 -100.00 -100.00 -100.00
  56    26.732 55213.80368254 33.03 296.896766  -4.054235   -100 -100.00 -100.00 -100.00
  56    26.568 55213.80368313 26.89 296.897663  -4.051734 16.774 -100.00 -100.00 -100.00
  56    30.315 55213.80368372 21.95 296.898560  -4.049234  7.294 -100.00 -100.00 -100.00
  56    31.578 55213.80368431 21.65 296.899458  -4.046733  5.436 -100.00 -100.00 -100.00
  57    26.197 55223.71933186 26.80 296.895842  -4.053760 15.115 -100.00 -100.00 -100.00
  57    26.210 55223.71933245 27.86 296.896739  -4.051260 17.446 -100.00 -100.00 -100.00
  57    26.864 55223.71933304 21.73 296.897636  -4.048759  6.804 -100.00 -100.00 -100.00
  57    30.297 55223.71933363 21.45 296.898534  -4.046259  4.592 -100.00 -100.00 -100.00
  58    26.269 55233.63497963 28.27 296.895945  -4.053554 13.425 -100.00 -100.00 -100.00
  58    26.173 55233.63498022 26.86 296.896843  -4.051053 11.787 -100.00 -100.00 -100.00
  58    26.041 55233.63498081 24.43 296.897740  -4.048553  7.266 -100.00 -100.00 -100.00
  58    30.411 55233.63498140 23.79 296.898637  -4.046052  5.417 -100.00 -100.00 -100.00
  59    26.708 55243.55062420 31.98 296.897119  -4.052869   -100 -100.00 -100.00 -100.00
  59    26.663 55243.55062479 23.38 296.898017  -4.050368 10.781 -100.00 -100.00 -100.00
  59    30.546 55243.55062538 21.01 296.898914  -4.047868  5.209 -100.00 -100.00 -100.00
  59    30.585 55243.55062597 31.60 296.899811  -4.045367 30.498 -100.00 -100.00 -100.00
  60    27.258 55253.46626470 31.87 296.895867  -4.054463 32.154 -100.00 -100.00 -100.00
  60    27.016 55253.46626529 29.34 296.896764  -4.051963 21.023 -100.00 -100.00 -100.00
  60    31.474 55253.46626588 23.56 296.897661  -4.049462  8.414 -100.00 -100.00 -100.00
  60    31.541 55253.46626647 23.32 296.898559  -4.046962  9.128 -100.00 -100.00 -100.00
  61    27.297 55263.38190367 32.78 296.895302  -4.052071  7.822 -100.00 -100.00 -100.00
  61    27.159 55263.38190426 33.20 296.896199  -4.049571  8.803 -100.00 -100.00 -100.00
  61    27.250 55263.38190485 31.68 296.897097  -4.047070  6.379 -100.00 -100.00 -100.00
  62    27.529 55273.29754101 45.32 296.895717  -4.052090  2.549 -100.00 -100.00 -100.00
  62    27.451 55273.29754160 40.42 296.896614  -4.049590   -100 -100.00 -100.00 -100.00
  62    27.327 55273.29754219 44.83 296.897511  -4.047090  8.614 -100.00 -100.00 -100.00
  63    27.610 55283.21317780 35.72 296.898078  -4.053632   -100 -100.00 -100.00 -100.00
  63    27.646 55283.21317839 30.44 296.898975  -4.051132 15.610 -100.00 -100.00 -100.00
  63    27.825 55283.21317898 33.36 296.899872  -4.048631 21.471 -100.00 -100.00 -100.00
  63    30.453 55283.21317957 34.35 296.900770  -4.046131 21.713 -100.00 -100.00 -100.00
  64    28.231 55293.12881323 42.69 296.901626  -4.055842 31.440 -100.00 -100.00 -100.00
  64    28.445 55293.12881382 44.10 296.902523  -4.053341 28.736 -100.00 -100.00 -100.00
  64    28.249 55293.12881441 46.27 296.903420  -4.050841   -100 -100.00 -100.00 -100.00
  64    28.380 55293.12881500 46.46 296.904318  -4.048341   -100 -100.00 -100.00 -100.00
  65    29.026 55303.04444883 38.60 296.904290  -4.057920 32.291 -100.00 -100.00 -100.00
  65    28.865 55303.04444943 36.21 296.905188  -4.055419 24.985 -100.00 -100.00 -100.00
  65    28.935 55303.04445002 39.98 296.906085  -4.052919   -100 -100.00 -100.00 -100.00
  65    29.057 55303.04445061 41.84 296.906983  -4.050419   -100 -100.00 -100.00 -100.00
  66    29.658 55312.96009629 36.02 296.902849  -4.056359 21.441 -100.00 -100.00 -100.00
  66    29.702 55312.96009688 32.75 296.903747  -4.053859 13.564 -100.00 -100.00 -100.00
  66    29.620 55312.96009747 32.02 296.904644  -4.051359  9.901 -100.00 -100.00 -100.00
  66    29.479 55312.96009806 32.75 296.905542  -4.048858 11.288 -100.00 -100.00 -100.00
  67    30.118 55322.87574173 34.63 296.901377  -4.055091 18.902 -100.00 -100.00 -100.00
  67    30.000 55322.87574232 32.02 296.902274  -4.052591 14.680 -100.00 -100.00 -100.00
  67    29.792 55322.87574291 32.89 296.903171  -4.050091 17.232 -100.00 -100.00 -100.00
  67    30.255 55322.87574350 32.57 296.904069  -4.047590 13.923 -100.00 -100.00 -100.00
  68    30.247 55332.79138612 40.12 296.900458  -4.054162 24.696 -100.00 -100.00 -100.00
  68    30.566 55332.79138671 37.75 296.901355  -4.051662 16.602 -100.00 -100.00 -100.00
  68    30.355 55332.79138730 41.44 296.902253  -4.049162 29.835 -100.00 -100.00 -100.00
  69    30.938 55342.70703008 35.17 296.899718  -4.055099 17.802 -100.00 -100.00 -100.00
  69    30.538 55342.70703067 32.93 296.900615  -4.052599 12.341 -100.00 -100.00 -100.00
  69    30.356 55342.70703126 33.25 296.901513  -4.050099 14.070 -100.00 -100.00 -100.00
  69    30.455 55342.70703185 33.80 296.902410  -4.047598 14.375 -100.00 -100.00 -100.00
  70    30.687 55352.62267397 36.08 296.900202  -4.055443 26.881 -100.00 -100.00 -100.00
  70    30.717 55352.62267456 28.93 296.901099  -4.052943  8.523 -100.00 -100.00 -100.00
  70    30.686 55352.62267515 30.45 296.901996  -4.050442  9.774 -100.00 -100.00 -100.00
  70    30.616 55352.62267574 32.39 296.902894  -4.047942 12.847 -100.00 -100.00 -100.00
  71    30.761 55362.53831590 39.58 296.901567  -4.054569 25.190 -100.00 -100.00 -100.00
  71    30.861 55362.53831649 41.71 296.902465  -4.052068 31.673 -100.00 -100.00 -100.00
  71    30.713 55362.53831708 43.97 296.903362  -4.049568   -100 -100.00 -100.00 -100.00
  72    30.777 55372.45395534 31.31 296.902098  -4.054887 14.271 -100.00 -100.00 -100.00
  72    30.432 55372.45395593 31.75 296.902995  -4.052387 15.229 -100.00 -100.00 -100.00
  72    30.195 55372.45395652 31.69 296.903892  -4.049887 16.261 -100.00 -100.00 -100.00
  73    30.360 55382.36959329 36.07 296.902998  -4.054917  9.082 -100.00 -100.00 -100.00
  73    30.191 55382.36959388 36.31 296.903895  -4.052417 10.390 -100.00 -100.00 -100.00
  73    30.223 55382.36959448 35.73 296.904792  -4.049917  8.254 -100.00 -100.00 -100.00
  74    29.822 55392.28523015 30.13 296.904064  -4.056057 15.932 -100.00 -100.00 -100.00
  74    29.260 55392.28523074 30.36 296.904961  -4.053557 16.704 -100.00 -100.00 -100.00
  74    29.140 55392.28523133 32.12 296.905858  -4.051056 20.474 -100.00 -100.00 -100.00
  74    29.326 55392.28523192 31.83 296.906755  -4.048556 18.004 -100.00 -100.00 -100.00
  75    29.136 55402.20086565 44.04 296.906813  -4.057347 24.133 -100.00 -100.00 -100.00
  75    29.029 55402.20086624 49.18 296.907710  -4.054846   -100 -100.00 -100.00 -100.00
  75    28.821 55402.20086683 53.24 296.908607  -4.052346 10.146 -100.00 -100.00 -100.00
  75    28.653 55402.20086742 53.39 296.909504  -4.049846 10.326 -100.00 -100.00 -100.00
  76    27.964 55412.11651616 37.95 296.906038  -4.056391 15.344 -100.00 -100.00 -100.00
  76    27.755 55412.11651675 37.64 296.906935  -4.053891 15.137 -100.00 -100.00 -100.00
  76    27.800 55412.11651734 37.61 296.907832  -4.051391 16.319 -100.00 -100.00 -100.00
  77    26.283 55422.03216494 45.16 296.903802  -4.056969 32.129 -100.00 -100.00 -100.00
  77    26.213 55422.03216554 48.06 296.904699  -4.054469   -100 -100.00 -100.00 -100.00
  77    26.302 55422.03216613 47.21 296.905596  -4.051969   -100 -100.00 -100.00 -100.00
  77    26.174 55422.03216672 48.50 296.906493  -4.049469   -100 -100.00 -100.00 -100.00
  78    24.163 55431.94781184 28.50 296.902115  -4.054642 16.024 -100.00 -100.00 -100.00
  78    24.568 55431.94781243 29.17 296.903013  -4.052142 17.387 -100.00 -100.00 -100.00
  78    25.397 55431.94781302 26.56 296.903910  -4.049642 12.249 -100.00 -100.00 -100.00
  79    27.845 55441.86345652 23.14 296.899339  -4.054105 11.621 -100.00 -100.00 -100.00
  79    27.223 55441.86345711 20.50 296.900236  -4.051605  6.989 -100.00 -100.00 -100.00
  79    27.181 55441.86345770 20.11 296.901133  -4.049105  6.456 -100.00 -100.00 -100.00
  79    29.781 55441.86345829 24.83 296.902031  -4.046605 14.272 -100.00 -100.00 -100.00
  80    20.080 55451.77910024 32.47 296.898346  -4.052940 25.953 -100.00 -100.00 -100.00
  80    19.911 55451.77910083 28.93 296.899243  -4.050440 26.923 -100.00 -100.00 -100.00
  80    20.153 55451.77910142 24.20 296.900141  -4.047940 13.278 -100.00 -100.00 -100.00
  81    19.656 55461.69474291 37.33 296.898734  -4.054295 23.347 -100.00 -100.00 -100.00
  81    18.953 55461.69474350 39.88 296.899631  -4.051795   -100 -100.00 -100.00 -100.00
  81    18.688 55461.69474409 38.80 296.900528  -4.049295   -100 -100.00 -100.00 -100.00
  81    18.915 55461.69474468 32.23 296.901425  -4.046795 24.836 -100.00 -100.00 -100.00
  82    19.955 55471.61038404 32.25 296.900182  -4.056271 16.592 -100.00 -100.00 -100.00
  82    19.332 55471.61038463 35.51 296.901079  -4.053771 27.696 -100.00 -100.00 -100.00
  82    18.941 55471.61038523 35.55 296.901976  -4.051271   -100 -100.00 -100.00 -100.00
  82    19.368 55471.61038582 29.45 296.902874  -4.048771 21.962 -100.00 -100.00 -100.00
  83    18.044 55481.52602293 40.09 296.902633  -4.055188 23.550 -100.00 -100.00 -100.00
  83    17.536 55481.52602352 45.03 296.903530  -4.052688   -100 -100.00 -100.00 -100.00
  83    17.741 55481.52602411 39.64 296.904427  -4.050188   -100 -100.00 -100.00 -100.00
  84    17.521 55491.44165892 40.15 296.903916  -4.055517 20.901 -100.00 -100.00 -100.00
  84    16.868 55491.44165951 42.12 296.904813  -4.053017   -100 -100.00 -100.00 -100.00
  84    16.822 55491.44166010 46.12 296.905710  -4.050517   -100 -100.00 -100.00 -100.00
  85    17.992 55501.35729250 34.62 296.905127  -4.057055   -100 -100.00 -100.00 -100.00
  85    18.682 55501.35729309 41.08 296.906024  -4.054555 23.679 -100.00 -100.00 -100.00
  85    18.000 55501.35729368 44.49 296.906922  -4.052055  3.017 -100.00 -100.00 -100.00
  85    17.747 55501.35729427 30.48 296.907819  -4.049555 28.444 -100.00 -100.00 -100.00
  86    17.535 55511.27293596 35.67 296.904187  -4.057265   -100 -100.00 -100.00 -100.00
  86    18.031 55511.27293655 38.03 296.905085  -4.054765 30.223 -100.00 -100.00 -100.00
  86    17.713 55511.27293714 40.94 296.905982  -4.052265  1.557 -100.00 -100.00 -100.00
  86    17.574 55511.27293773 29.38 296.906879  -4.049765 20.417 -100.00 -100.00 -100.00
  87    20.026 55521.18858562 42.07 296.902831  -4.055756 20.484 -100.00 -100.00 -100.00
  87    19.328 55521.18858621 48.26 296.903728  -4.053256   -100 -100.00 -100.00 -100.00
  87    19.148 55521.18858680 51.01 296.904625  -4.050756  7.458 -100.00 -100.00 -100.00
  87    19.288 55521.18858739 50.87 296.905522  -4.048256  3.271 -100.00 -100.00 -100.00
  88    21.372 55531.10423381 41.24 296.901535  -4.055846 23.877 -100.00 -100.00 -100.00
  88    21.121 55531.10423440 43.94 296.902432  -4.053346   -100 -100.00 -100.00 -100.00
  88    20.785 55531.10423499 47.94 296.903329  -4.050846 12.262 -100.00 -100.00 -100.00
  88    20.849 55531.10423558 43.62 296.904226  -4.048346   -100 -100.00 -100.00 -100.00
  89    21.517 55541.01988104 39.63 296.901124  -4.053937 31.177 -100.00 -100.00 -100.00
  89    21.408 55541.01988163 40.40 296.902022  -4.051437   -100 -100.00 -100.00 -100.00
  89    21.173 55541.01988222 37.02 296.902919  -4.048937 25.412 -100.00 -100.00 -100.00
  90    24.177 55550.93552560 19.75 296.899592  -4.055179  6.704 -100.00 -100.00 -100.00
  90    23.413 55550.93552619 20.11 296.900489  -4.052679  6.262 -100.00 -100.00 -100.00
  90    25.296 55550.93552678 18.77 296.901386  -4.050179  3.989 -100.00 -100.00 -100.00
  90    31.241 55550.93552738 19.40 296.902283  -4.047678  4.880 -100.00 -100.00 -100.00
  91    21.735 55560.85116956 29.30 296.898863  -4.053358 12.731 -100.00 -100.00 -100.00
  91    21.588 55560.85117015 29.58 296.899760  -4.050858 13.250 -100.00 -100.00 -100.00
  91    21.649 55560.85117074 28.66 296.900657  -4.048358 11.699 -100.00 -100.00 -100.00
  92    22.288 55570.76681216 32.42 296.898334  -4.055079 14.427 -100.00 -100.00 -100.00
  92    22.377 55570.76681275 33.29 296.899231  -4.052578 15.068 -100.00 -100.00 -100.00
  92    22.314 55570.76681334 32.59 296.900128  -4.050078 15.226 -100.00 -100.00 -100.00
  92    22.396 55570.76681393 30.74 296.901025  -4.047578 11.380 -100.00 -100.00 -100.00
  93    22.595 55580.68245443 38.70 296.899917  -4.054189 23.874 -100.00 -100.00 -100.00
  93    22.605 55580.68245502 35.65 296.900814  -4.051689 17.696 -100.00 -100.00 -100.00
  93    22.543 55580.68245561 35.32 296.901711  -4.049188 17.015 -100.00 -100.00 -100.00
  93    30.407 55580.68245620 32.65 296.902608  -4.046688 10.304 -100.00 -100.00 -100.00
  94    29.921 55590.59809339 19.90 296.901621  -4.054878  4.966 -100.00 -100.00 -100.00
  94    29.790 55590.59809398 18.90 296.902518  -4.052378  3.727 -100.00 -100.00 -100.00
  94    29.296 55590.59809457 18.68 296.903416  -4.049877  3.739 -100.00 -100.00 -100.00
  94    31.583 55590.59809516 23.48 296.904313  -4.047377  7.687 -100.00 -100.00 -100.00
  95    24.106 55600.51372884 34.16 296.903473  -4.056412 21.761 -100.00 -100.00 -100.00
  95    23.673 55600.51372943 34.43 296.904371  -4.053912 22.204 -100.00 -100.00 -100.00
  95    23.677 55600.51373002 34.84 296.905268  -4.051411 24.992 -100.00 -100.00 -100.00
  95    23.528 55600.51373061 34.14 296.906166  -4.048911 21.445 -100.00 -100.00 -100.00
  96    25.103 55610.42936165 43.12 296.904696  -4.058183 29.181 -100.00 -100.00 -100.00
  96    25.309 55610.42936224 43.89 296.905593  -4.055682   -100 -100.00 -100.00 -100.00
  96    25.151 55610.42936284 48.64 296.906491  -4.053182   -100 -100.00 -100.00 -100.00
  96    24.882 55610.42936343 49.63 296.907388  -4.050682 15.843 -100.00 -100.00 -100.00
  97    25.634 55620.34499362 33.19 296.907136  -4.056991  8.378 -100.00 -100.00 -100.00
  97    25.685 55620.34499421 32.05 296.908034  -4.054491  7.155 -100.00 -100.00 -100.00
  97    25.537 55620.34499480 31.88 296.908931  -4.051991  6.373 -100.00 -100.00 -100.00
  98    26.818 55630.26064430 39.04 296.903722  -4.057574 17.184 -100.00 -100.00 -100.00
  98    26.678 55630.26064489 41.06 296.904620  -4.055073 21.379 -100.00 -100.00 -100.00
  98    26.269 55630.26064548 47.64 296.905517  -4.052573   -100 -100.00 -100.00 -100.00
  98    26.362 55630.26064607 50.70 296.906414  -4.050073   -100 -100.00 -100.00 -100.00
  99    23.913 55640.17629517 28.84 296.903391  -4.055027 10.757 -100.00 -100.00 -100.00
  99    25.921 55640.17629576 28.33 296.904288  -4.052526  8.872 -100.00 -100.00 -100.00
  99    24.400 55640.17629635 29.35 296.905186  -4.050026 12.044 -100.00 -100.00 -100.00
 100    27.091 55650.09194274 46.55 296.902612  -4.056329   -100 -100.00 -100.00 -100.00
 100    27.078 55650.09194333 48.13 296.903509  -4.053829   -100 -100.00 -100.00 -100.00
 100    27.074 55650.09194392 51.34 296.904407  -4.051329   -100 -100.00 -100.00 -100.00
 100    27.185 55650.09194451 49.04 296.905304  -4.048828   -100 -100.00 -100.00 -100.00
 101    27.859 55660.00758724 46.44 296.901739  -4.056315 27.792 -100.00 -100.00 -100.00
 101    27.962 55660.00758783 47.08 296.902636  -4.053815   -100 -100.00 -100.00 -100.00
 101    27.878 55660.00758842 50.09 296.903534  -4.051314   -100 -100.00 -100.00 -100.00
 101    27.649 55660.00758901 53.67 296.904431  -4.048814 14.584 -100.00 -100.00 -100.00
 102    28.628 55669.92322878 39.30 296.901101  -4.054591 20.555 -100.00 -100.00 -100.00
 102    28.584 55669.92322937 41.48 296.901998  -4.052090 28.722 -100.00 -100.00 -100.00
 102    28.674 55669.92322996 39.77 296.902896  -4.049590 21.540 -100.00 -100.00 -100.00
 102    28.676 55669.92323055 39.47 296.903793  -4.047090 18.618 -100.00 -100.00 -100.00
 103    29.254 55679.83886792 37.31 296.900426  -4.056159   -100 -100.00 -100.00 -100.00
 103    29.361 55679.83886851 28.51 296.901323  -4.053658 12.569 -100.00 -100.00 -100.00
 103    28.982 55679.83886910 28.76 296.902221  -4.051158 10.478 -100.00 -100.00 -100.00
 103    28.642 55679.83886969 29.81 296.903118  -4.048657 13.382 -100.00 -100.00 -100.00
 104    30.062 55689.75450596 32.75 296.902664  -4.055823 15.090 -100.00 -100.00 -100.00
 104    29.994 55689.75450655 31.46 296.903561  -4.053322 11.968 -100.00 -100.00 -100.00
 104    29.867 55689.75450714 31.18 296.904459  -4.050822 12.381 -100.00 -100.00 -100.00
 104    29.918 55689.75450773 32.77 296.905356  -4.048321 15.786 -100.00 -100.00 -100.00
 105    30.503 55699.67014212 35.73 296.905306  -4.057093 28.439 -100.00 -100.00 -100.00
 105    30.207 55699.67014271 31.28 296.906203  -4.054593 16.279 -100.00 -100.00 -100.00
 105    29.905 55699.67014330 31.36 296.907100  -4.052092 15.700 -100.00 -100.00 -100.00
 105    29.682 55699.67014389 35.31 296.907998  -4.049592 28.793 -100.00 -100.00 -100.00
 106    30.784 55709.58578062 39.14 296.906773  -4.058542 31.557 -100.00 -100.00 -100.00
 106    30.503 55709.58578121 37.83 296.907670  -4.056041 27.023 -100.00 -100.00 -100.00
 106    30.627 55709.58578180 36.90 296.908567  -4.053541 21.489 -100.00 -100.00 -100.00
 106    30.666 55709.58578240 35.40 296.909465  -4.051041 16.622 -100.00 -100.00 -100.00
 107    31.095 55719.50143088 38.89 296.904147  -4.057687 23.265 -100.00 -100.00 -100.00
 107    31.045 55719.50143147 34.58 296.905044  -4.055187 11.034 -100.00 -100.00 -100.00
 107    31.095 55719.50143207 34.65 296.905942  -4.052686 11.351 -100.00 -100.00 -100.00
 107    31.083 55719.50143266 35.41 296.906839  -4.050186 11.669 -100.00 -100.00 -100.00
 108    31.591 55729.41707880 46.34 296.901856  -4.056142 32.474 -100.00 -100.00 -100.00
 108    31.407 55729.41707939 49.60 296.902753  -4.053642   -100 -100.00 -100.00 -100.00
 108    31.445 55729.41707999 47.07 296.903651  -4.051142   -100 -100.00 -100.00 -100.00
 108    31.303 55729.41708058 49.73 296.904548  -4.048642  0.248 -100.00 -100.00 -100.00
 109    31.525 55739.33272498 40.64 296.900683  -4.055793 32.250 -100.00 -100.00 -100.00
 109    31.474 55739.33272557 37.16 296.901580  -4.053292 20.043 -100.00 -100.00 -100.00
 109    31.452 55739.33272616 36.59 296.902477  -4.050792 18.718 -100.00 -100.00 -100.00
 109    31.505 55739.33272675 37.09 296.903374  -4.048292 18.528 -100.00 -100.00 -100.00
 110    31.277 55749.24836980 42.80 296.900415  -4.056054   -100 -100.00 -100.00 -100.00
 110    31.110 55749.24837039 32.63 296.901312  -4.053553 10.062 -100.00 -100.00 -100.00
 110    31.160 55749.24837098 33.65 296.902209  -4.051053 12.217 -100.00 -100.00 -100.00
 110    31.267 55749.24837157 33.47 296.903106  -4.048553 11.714 -100.00 -100.00 -100.00
 111    31.007 55759.16401278 33.74 296.901918  -4.054532  7.777 -100.00 -100.00 -100.00
 111    31.116 55759.16401337 33.40 296.902815  -4.052032  7.409 -100.00 -100.00 -100.00
 111    31.372 55759.16401396 34.58 296.903712  -4.049532  8.533 -100.00 -100.00 -100.00
 112    30.866 55769.07965239 36.90 296.902802  -4.055855 24.374 -100.00 -100.00 -100.00
 112    30.696 55769.07965298 30.93 296.903699  -4.053355  9.827 -100.00 -100.00 -100.00
 112    30.750 55769.07965357 30.83 296.904597  -4.050855  8.261 -100.00 -100.00 -100.00
 112    30.609 55769.07965416 34.60 296.905494  -4.048355 17.230 -100.00 -100.00 -100.00
 113    30.133 55778.99528892 38.66 296.903468  -4.057247   -100 -100.00 -100.00 -100.00
 113    30.209 55778.99528951 30.34 296.904365  -4.054747 12.715 -100.00 -100.00 -100.00
 113    30.012 55778.99529010 30.07 296.905262  -4.052247 11.901 -100.00 -100.00 -100.00
 113    29.635 55778.99529069 32.32 296.906159  -4.049747 16.578 -100.00 -100.00 -100.00
 114    29.072 55788.91092336 40.04 296.904597  -4.057983 29.092 -100.00 -100.00 -100.00
 114    29.050 55788.91092395 39.42 296.905494  -4.055483 27.716 -100.00 -100.00 -100.00
 114    28.966 55788.91092454 40.24 296.906391  -4.052983 30.597 -100.00 -100.00 -100.00
 114    29.166 55788.91092513 41.68 296.907288  -4.050483   -100 -100.00 -100.00 -100.00
 115    28.362 55798.82655692 36.17 296.906471  -4.058819 22.356 -100.00 -100.00 -100.00
 115    28.006 55798.82655751 34.50 296.907368  -4.056319 18.816 -100.00 -100.00 -100.00
 115    27.441 55798.82655810 32.51 296.908265  -4.053819 14.113 -100.00 -100.00 -100.00
 115    27.712 55798.82655869 32.12 296.909162  -4.051319 11.636 -100.00 -100.00 -100.00
 116    28.082 55808.74220337 30.91 296.906176  -4.056977 11.366 -100.00 -100.00 -100.00
 116    24.501 55808.74220396 31.94 296.907073  -4.054477 15.303 -100.00 -100.00 -100.00
 116    26.387 55808.74220455 30.17 296.907971  -4.051977  9.552 -100.00 -100.00 -100.00
 116    26.762 55808.74220514 30.27 296.908868  -4.049477 10.526 -100.00 -100.00 -100.00
 117    21.513 55818.65785284 42.26 296.905558  -4.056554   -100 -100.00 -100.00 -100.00
 117    21.372 55818.65785343 44.10 296.906456  -4.054054   -100 -100.00 -100.00 -100.00
 117    21.401 55818.65785402 41.03 296.907353  -4.051554   -100 -100.00 -100.00 -100.00
 117    21.243 55818.65785461 38.35 296.908250  -4.049054 28.444 -100.00 -100.00 -100.00
 118    19.490 55828.57349815 36.64 296.906010  -4.056477 29.638 -100.00 -100.00 -100.00
 118    19.762 55828.57349874 40.11 296.906907  -4.053977   -100 -100.00 -100.00 -100.00
 118    19.899 55828.57349933 39.86 296.907804  -4.051477   -100 -100.00 -100.00 -100.00
 119    20.333 55838.48913856 41.06 296.905678  -4.057858 24.320 -100.00 -100.00 -100.00
 119    20.144 55838.48913915 43.31 296.906575  -4.055358   -100 -100.00 -100.00 -100.00
 119    20.135 55838.48913974 47.57 296.907472  -4.052858   -100 -100.00 -100.00 -100.00
 119    20.105 55838.48914033 47.89 296.908369  -4.050358   -100 -100.00 -100.00 -100.00
 120    21.989 55848.40477604 38.27 296.905350  -4.057655 22.538 -100.00 -100.00 -100.00
 120    21.607 55848.40477663 41.11 296.906247  -4.055155   -100 -100.00 -100.00 -100.00
 120    21.656 55848.40477722 36.61 296.907144  -4.052655   -100 -100.00 -100.00 -100.00
 120    21.275 55848.40477781 32.71 296.908042  -4.050155 23.333 -100.00 -100.00 -100.00
 121    22.624 55858.32041142 40.13 296.906730  -4.056746 23.168 -100.00 -100.00 -100.00
 121    22.304 55858.32041201 43.72 296.907627  -4.054246   -100 -100.00 -100.00 -100.00
 121    22.262 55858.32041260 48.60 296.908524  -4.051746   -100 -100.00 -100.00 -100.00
 122    21.209 55868.23605791 32.19 296.905296  -4.057591 18.378 -100.00 -100.00 -100.00
 122    21.232 55868.23605850 33.41 296.906194  -4.055091 20.156 -100.00 -100.00 -100.00
 122    21.341 55868.23605909 35.54 296.907091  -4.052591 24.107 -100.00 -100.00 -100.00
 122    21.517 55868.23605968 38.33 296.907988  -4.050091 24.973 -100.00 -100.00 -100.00
 123    20.951 55878.15170936 42.21 296.904187  -4.057528 18.435 -100.00 -100.00 -100.00
 123    21.160 55878.15170995 45.45 296.905084  -4.055027 20.093 -100.00 -100.00 -100.00
 123    20.731 55878.15171054 50.67 296.905981  -4.052527   -100 -100.00 -100.00 -100.00
 123    20.356 55878.15171113 55.42 296.906878  -4.050027 10.377 -100.00 -100.00 -100.00
 124    21.846 55888.06735459 39.36 296.904450  -4.056798 17.391 -100.00 -100.00 -100.00
 124    21.125 55888.06735518 43.39 296.905347  -4.054298   -100 -100.00 -100.00 -100.00
 124    20.843 55888.06735577 50.47 296.906244  -4.051798  8.270 -100.00 -100.00 -100.00
 124    20.949 55888.06735636 51.51 296.907141  -4.049298  5.893 -100.00 -100.00 -100.00
 125    22.638 55897.98299425 27.24 296.904962  -4.056470  7.671 -100.00 -100.00 -100.00
 125    22.486 55897.98299484 26.43 296.905859  -4.053970  6.525 -100.00 -100.00 -100.00
 125    22.641 55897.98299543 27.04 296.906756  -4.051470  6.587 -100.00 -100.00 -100.00
 125    22.619 55897.98299602 27.06 296.907654  -4.048970  5.647 -100.00 -100.00 -100.00
 126    23.293 55907.89862871 25.14 296.905917  -4.058259  7.192 -100.00 -100.00 -100.00
 126    23.276 55907.89862930 25.09 296.906814  -4.055759  8.313 -100.00 -100.00 -100.00
 126    23.164 55907.89862989 25.75 296.907712  -4.053259  9.173 -100.00 -100.00 -100.00
 126    23.207 55907.89863048 25.02 296.908609  -4.050759  6.803 -100.00 -100.00 -100.00
 127    24.487 55917.81427726 43.14 296.904257  -4.055503 31.074 -100.00 -100.00 -100.00
 127    24.476 55917.81427785 44.61 296.905155  -4.053003 29.017 -100.00 -100.00 -100.00
 127    24.322 55917.81427844 45.63 296.906052  -4.050502   -100 -100.00 -100.00 -100.00
 128    25.205 55927.72993075 27.36 296.901295  -4.055782  7.126 -100.00 -100.00 -100.00
 128    25.247 55927.72993134 27.37 296.902192  -4.053281  7.333 -100.00 -100.00 -100.00
 128    25.378 55927.72993193 27.26 296.903090  -4.050781  6.894 -100.00 -100.00 -100.00
 128    25.138 55927.72993252 29.17 296.903987  -4.048281 11.863 -100.00 -100.00 -100.00
 129    27.721 55937.64558123 21.42 296.900689  -4.054798  4.647 -100.00 -100.00 -100.00
 129    29.737 55937.64558182 21.27 296.901586  -4.052298  4.597 -100.00 -100.00 -100.00
 129    28.920 55937.64558241 21.21 296.902483  -4.049798  4.360 -100.00 -100.00 -100.00
 129    31.340 55937.64558300 22.15 296.903380  -4.047297  4.523 -100.00 -100.00 -100.00
 130    27.809 55947.56122665 30.77 296.900212  -4.054024  8.135 -100.00 -100.00 -100.00
 130    27.820 55947.56122724 30.37 296.901109  -4.051524  7.426 -100.00 -100.00 -100.00
 130    27.740 55947.56122783 30.87 296.902006  -4.049023  9.265 -100.00 -100.00 -100.00
 131    29.058 55957.47686691 32.78 296.899282  -4.054986 18.095 -100.00 -100.00 -100.00
 131    28.578 55957.47686750 26.42 296.900179  -4.052485  7.729 -100.00 -100.00 -100.00
 131    28.453 55957.47686809 26.88 296.901077  -4.049985  7.933 -100.00 -100.00 -100.00
 131    28.263 55957.47686868 28.17 296.901974  -4.047485 10.671 -100.00 -100.00 -100.00
 132    29.321 55967.39250459 29.03 296.899281  -4.055226  6.942 -100.00 -100.00 -100.00
 132    29.051 55967.39250518 28.68 296.900178  -4.052726  6.391 -100.00 -100.00 -100.00
 132    28.321 55967.39250577 29.01 296.901076  -4.050225  7.422 -100.00 -100.00 -100.00
 132    28.461 55967.39250636 28.91 296.901973  -4.047725  6.704 -100.00 -100.00 -100.00
 133    29.386 55977.30814135 33.65 296.901004  -4.054776  7.892 -100.00 -100.00 -100.00
 133    29.046 55977.30814194 33.66 296.901901  -4.052276 10.610 -100.00 -100.00 -100.00
 133    29.120 55977.30814253 32.34 296.902798  -4.049776  7.567 -100.00 -100.00 -100.00
 133    29.483 55977.30814312 32.78 296.903696  -4.047275  8.179 -100.00 -100.00 -100.00
 134    29.933 55987.22377730 33.67 296.904373  -4.055181 10.828 -100.00 -100.00 -100.00
 134    30.001 55987.22377789 34.30 296.905271  -4.052681 12.771 -100.00 -100.00 -100.00
 134    29.969 55987.22377848 37.25 296.906168  -4.050180 19.303 -100.00 -100.00 -100.00
 135    30.153 55997.13941521 30.99 296.907040  -4.057232 15.548 -100.00 -100.00 -100.00
 135    30.085 55997.13941580 29.42 296.907937  -4.054731  9.784 -100.00 -100.00 -100.00
 135    29.726 55997.13941639 32.14 296.908834  -4.052231 15.207 -100.00 -100.00 -100.00
 135    29.556 55997.13941698 33.02 296.909732  -4.049731 18.150 -100.00 -100.00 -100.00
 136    30.702 56007.05506613 44.32 296.905243  -4.056843   -100 -100.00 -100.00 -100.00
 136    30.698 56007.05506672 47.56 296.906140  -4.054342   -100 -100.00 -100.00 -100.00
 136    30.572 56007.05506731 49.11 296.907037  -4.051842  1.714 -100.00 -100.00 -100.00
 136    30.732 56007.05506790 46.63 296.907935  -4.049341   -100 -100.00 -100.00 -100.00
 137    30.871 56016.97071322 33.08 296.903098  -4.055482 15.850 -100.00 -100.00 -100.00
 137    30.623 56016.97071381 32.71 296.903995  -4.052982 13.779 -100.00 -100.00 -100.00
 137    30.675 56016.97071440 32.79 296.904893  -4.050481 13.478 -100.00 -100.00 -100.00
 137    30.772 56016.97071499 35.06 296.905790  -4.047981 19.085 -100.00 -100.00 -100.00
 138    31.493 56026.88635741 34.76 296.900301  -4.054828 23.325 -100.00 -100.00 -100.00
 138    31.216 56026.88635800 33.18 296.901198  -4.052328 17.455 -100.00 -100.00 -100.00
 138    31.087 56026.88635859 33.12 296.902095  -4.049827 17.245 -100.00 -100.00 -100.00
 138    31.039 56026.88635918 35.80 296.902993  -4.047327 24.831 -100.00 -100.00 -100.00
 139    31.804 56036.80200000 43.55 296.898598  -4.055650   -100 -100.00 -100.00 -100.00
 139    31.868 56036.80200059 33.60 296.899495  -4.053150 14.092 -100.00 -100.00 -100.00
 139    31.557 56036.80200118 36.03 296.900393  -4.050649 22.051 -100.00 -100.00 -100.00
 139    31.659 56036.80200177 35.95 296.901290  -4.048149 19.009 -100.00 -100.00 -100.00
 140    32.304 56046.71764109 36.59 296.900415  -4.055762 13.250 -100.00 -100.00 -100.00
 140    32.079 56046.71764168 35.28 296.901312  -4.053262 12.241 -100.00 -100.00 -100.00
 140    32.069 56046.71764227 35.37 296.902209  -4.050761 11.690 -100.00 -100.00 -100.00
 140    32.067 56046.71764286 37.06 296.903107  -4.048261 13.579 -100.00 -100.00 -100.00
 141    32.493 56056.63327958 35.44 296.903854  -4.055215 11.854 -100.00 -100.00 -100.00
 141    32.236 56056.63328017 35.97 296.904751  -4.052714 14.124 -100.00 -100.00 -100.00
 141    32.134 56056.63328076 38.12 296.905648  -4.050214 19.219 -100.00 -100.00 -100.00
 142    32.757 56066.54891313 35.93 296.907247  -4.057647 21.730 -100.00 -100.00 -100.00
 142    32.440 56066.54891372 34.93 296.908144  -4.055147 18.286 -100.00 -100.00 -100.00
 142    32.305 56066.54891431 35.70 296.909041  -4.052646 18.990 -100.00 -100.00 -100.00
 142    32.472 56066.54891490 35.13 296.909939  -4.050146 16.374 -100.00 -100.00 -100.00
 143    32.710 56076.46456086 35.08 296.905453  -4.055979 19.430 -100.00 -100.00 -100.00
 143    32.500 56076.46456145 36.51 296.906350  -4.053478 25.322 -100.00 -100.00 -100.00
 143    32.701 56076.46456204 38.25 296.907247  -4.050978 27.349 -100.00 -100.00 -100.00
 144    32.743 56086.38020954 34.97 296.902196  -4.054498 18.741 -100.00 -100.00 -100.00
 144    32.490 56086.38021013 36.81 296.903093  -4.051997 25.664 -100.00 -100.00 -100.00
 144    32.418 56086.38021072 38.39 296.903990  -4.049497   -100 -100.00 -100.00 -100.00
 145    32.778 56096.29585530 39.81 296.900442  -4.055179 16.279 -100.00 -100.00 -100.00
 145    32.753 56096.29585589 40.55 296.901339  -4.052678 19.422 -100.00 -100.00 -100.00
 145    32.772 56096.29585648 39.36 296.902236  -4.050178 15.445 -100.00 -100.00 -100.00
 145    32.804 56096.29585707 41.54 296.903133  -4.047678 20.745 -100.00 -100.00 -100.00
 146    32.606 56106.21149930 47.56 296.901329  -4.055126   -100 -100.00 -100.00 -100.00
 146    32.683 56106.21149989 49.12 296.902226  -4.052626   -100 -100.00 -100.00 -100.00
 146    32.666 56106.21150048 50.64 296.903123  -4.050126   -100 -100.00 -100.00 -100.00
 146    32.392 56106.21150107 52.01 296.904020  -4.047625 18.808 -100.00 -100.00 -100.00
 147    32.471 56116.12712857 46.37 296.902603  -4.056759   -100 -100.00 -100.00 -100.00
 147    32.315 56116.12712916 49.97 296.903500  -4.054259   -100 -100.00 -100.00 -100.00
 147    32.057 56116.12712975 52.95 296.904397  -4.051759  8.401 -100.00 -100.00 -100.00
 147    32.212 56116.12713034 53.91 296.905295  -4.049258 11.983 -100.00 -100.00 -100.00
 148    31.686 56126.04276599 44.99 296.904503  -4.057680   -100 -100.00 -100.00 -100.00
 148    31.658 56126.04276658 46.09 296.905400  -4.055180   -100 -100.00 -100.00 -100.00
 148    31.718 56126.04276717 42.46 296.906298  -4.052680 27.340 -100.00 -100.00 -100.00
 148    31.770 56126.04276776 46.04 296.907195  -4.050179   -100 -100.00 -100.00 -100.00
 149    31.048 56135.95839971 37.41 296.906080  -4.058296 20.670 -100.00 -100.00 -100.00
 149    30.863 56135.95840030 31.94 296.906977  -4.055796  8.758 -100.00 -100.00 -100.00
 149    30.682 56135.95840089 32.98 296.907874  -4.053296 10.471 -100.00 -100.00 -100.00
 149    30.755 56135.95840148 34.08 296.908771  -4.050796 12.861 -100.00 -100.00 -100.00
 150    29.923 56145.87404308 32.30 296.905430  -4.055823 11.708 -100.00 -100.00 -100.00
 150    29.819 56145.87404367 32.06 296.906327  -4.053323 11.747 -100.00 -100.00 -100.00
 150    29.686 56145.87404426 33.50 296.907224  -4.050823 15.782 -100.00 -100.00 -100.00
 151    28.929 56155.78969263 37.68 296.902491  -4.056742   -100 -100.00 -100.00 -100.00
 151    28.954 56155.78969322 29.20 296.903388  -4.054242 14.452 -100.00 -100.00 -100.00
 151    28.323 56155.78969381 28.21 296.904285  -4.051742 12.446 -100.00 -100.00 -100.00
 151    28.523 56155.78969440 29.56 296.905183  -4.049242 15.474 -100.00 -100.00 -100.00
 152    28.824 56165.70534177 29.06 296.901705  -4.056347 16.741 -100.00 -100.00 -100.00
 152    30.344 56165.70534236 23.75 296.902603  -4.053847  6.473 -100.00 -100.00 -100.00
 152    27.302 56165.70534295 27.05 296.903500  -4.051347 12.321 -100.00 -100.00 -100.00
 152    27.232 56165.70534354 30.04 296.904397  -4.048847 18.899 -100.00 -100.00 -100.00
 153    24.096 56175.62098876 35.92 296.902198  -4.055966 17.730 -100.00 -100.00 -100.00
 153    23.974 56175.62098935 37.77 296.903095  -4.053466 25.631 -100.00 -100.00 -100.00
 153    23.950 56175.62098994 37.70 296.903992  -4.050966 25.071 -100.00 -100.00 -100.00
 153    24.120 56175.62099053 35.15 296.904889  -4.048466 16.625 -100.00 -100.00 -100.00
 154    30.033 56185.53663085 20.89 296.903706  -4.055026  8.540 -100.00 -100.00 -100.00
 154    29.968 56185.53663144 20.06 296.904603  -4.052526  6.062 -100.00 -100.00 -100.00
 154    29.688 56185.53663203 20.10 296.905501  -4.050026  6.849 -100.00 -100.00 -100.00
 155    22.167 56195.45226844 43.76 296.903792  -4.056078 30.217 -100.00 -100.00 -100.00
 155    22.038 56195.45226903 45.61 296.904689  -4.053578   -100 -100.00 -100.00 -100.00
 155    21.814 56195.45226962 46.70 296.905586  -4.051078   -100 -100.00 -100.00 -100.00
 155    21.821 56195.45227021 48.24 296.906483  -4.048578  0.533 -100.00 -100.00 -100.00
 156    21.107 56205.36790301 36.97 296.904088  -4.056390 25.510 -100.00 -100.00 -100.00
 156    20.742 56205.36790360 42.51 296.904986  -4.053890   -100 -100.00 -100.00 -100.00
 156    20.603 56205.36790420 39.11 296.905883  -4.051390   -100 -100.00 -100.00 -100.00
 156    20.549 56205.36790479 29.53 296.906780  -4.048890 17.099 -100.00 -100.00 -100.00
 157    21.112 56215.28353576 35.39 296.905560  -4.057786 26.385 -100.00 -100.00 -100.00
 157    21.049 56215.28353635 37.38 296.906457  -4.055287 27.816 -100.00 -100.00 -100.00
 157    21.211 56215.28353694 40.44 296.907354  -4.052787 32.058 -100.00 -100.00 -100.00
 157    20.986 56215.28353753 43.56 296.908251  -4.050287   -100 -100.00 -100.00 -100.00
 158    21.734 56225.19917382 42.55 296.908096  -4.057888 22.020 -100.00 -100.00 -100.00
 158    21.400 56225.19917441 47.87 296.908993  -4.055388   -100 -100.00 -100.00 -100.00
 158    21.333 56225.19917500 51.75 296.909890  -4.052888   -100 -100.00 -100.00 -100.00
 158    21.324 56225.19917559 50.91 296.910787  -4.050388   -100 -100.00 -100.00 -100.00
 159    22.617 56235.11482889 42.54 296.906235  -4.058403 15.517 -100.00 -100.00 -100.00
 159    21.937 56235.11482948 44.73 296.907132  -4.055903 24.783 -100.00 -100.00 -100.00
 159    21.614 56235.11483007 51.73 296.908029  -4.053403   -100 -100.00 -100.00 -100.00
 159    21.660 56235.11483066 52.54 296.908926  -4.050903  8.953 -100.00 -100.00 -100.00
 160    21.968 56245.03048056 42.49 296.904838  -4.057256 20.479 -100.00 -100.00 -100.00
 160    21.443 56245.03048115 45.75 296.905735  -4.054756   -100 -100.00 -100.00 -100.00
 160    21.110 56245.03048174 45.80 296.906632  -4.052256   -100 -100.00 -100.00 -100.00
 160    21.098 56245.03048233 48.79 296.907529  -4.049756   -100 -100.00 -100.00 -100.00
 161    20.520 56254.94612748 41.70 296.903118  -4.055754   -100 -100.00 -100.00 -100.00
 161    20.394 56254.94612807 40.13 296.904015  -4.053254   -100 -100.00 -100.00 -100.00
 161    20.143 56254.94612866 37.43 296.904912  -4.050753   -100 -100.00 -100.00 -100.00
 161    20.259 56254.94612925 35.70 296.905809  -4.048253 20.996 -100.00 -100.00 -100.00
 162    21.874 56264.86177025 42.65 296.901448  -4.055947 22.570 -100.00 -100.00 -100.00
 162    21.343 56264.86177084 44.64 296.902345  -4.053447   -100 -100.00 -100.00 -100.00
 162    21.219 56264.86177144 48.77 296.903242  -4.050946  3.668 -100.00 -100.00 -100.00
 162    21.369 56264.86177203 44.28 296.904139  -4.048446   -100 -100.00 -100.00 -100.00
 163    22.366 56274.77741159 41.72 296.900910  -4.056160 32.193 -100.00 -100.00 -100.00
 163    22.291 56274.77741218 43.86 296.901807  -4.053660   -100 -100.00 -100.00 -100.00
 163    22.328 56274.77741277 45.81 296.902704  -4.051160   -100 -100.00 -100.00 -100.00
 163    22.348 56274.77741336 45.29 296.903601  -4.048659   -100 -100.00 -100.00 -100.00
 164    22.438 56284.69305731 35.26 296.900996  -4.055938 20.661 -100.00 -100.00 -100.00
 164    22.586 56284.69305790 31.45 296.901893  -4.053437 13.308 -100.00 -100.00 -100.00
 164    22.527 56284.69305849 34.29 296.902790  -4.050937 19.913 -100.00 -100.00 -100.00
 164    22.526 56284.69305908 32.40 296.903687  -4.048437 15.815 -100.00 -100.00 -100.00
 165    29.589 56294.60870916 21.02 296.900649  -4.054243  6.588 -100.00 -100.00 -100.00
 165    29.125 56294.60870975 19.86 296.901546  -4.051742  5.216 -100.00 -100.00 -100.00
 165    30.041 56294.60871034 19.56 296.902444  -4.049242  4.047 -100.00 -100.00 -100.00
 166    25.699 56304.52435643 32.13 296.899760  -4.053315 10.813 -100.00 -100.00 -100.00
 166    25.636 56304.52435702 35.49 296.900657  -4.050814 20.576 -100.00 -100.00 -100.00
 166    25.707 56304.52435761 31.29 296.901554  -4.048314  9.851 -100.00 -100.00 -100.00
 167    27.103 56314.43999925 32.20 296.898169  -4.053947 26.326 -100.00 -100.00 -100.00
 167    26.958 56314.43999984 21.36 296.899067  -4.051447  4.187 -100.00 -100.00 -100.00
 167    26.572 56314.44000043 21.99 296.899964  -4.048946  4.879 -100.00 -100.00 -100.00
 167    30.539 56314.44000103 22.97 296.900861  -4.046446  6.159 -100.00 -100.00 -100.00
 168    27.719 56324.35563975 39.61 296.897365  -4.054840 31.056 -100.00 -100.00 -100.00
 168    27.585 56324.35564034 41.79 296.898263  -4.052340   -100 -100.00 -100.00 -100.00
 168    27.718 56324.35564093 35.78 296.899160  -4.049840 22.393 -100.00 -100.00 -100.00
 168    27.542 56324.35564152 39.19 296.900057  -4.047339   -100 -100.00 -100.00 -100.00
 169    28.490 56334.27127952 33.73 296.898623  -4.055414 18.731 -100.00 -100.00 -100.00
 169    28.057 56334.27128011 25.38 296.899520  -4.052913  5.803 -100.00 -100.00 -100.00
 169    27.718 56334.27128070 25.33 296.900418  -4.050413  6.217 -100.00 -100.00 -100.00
 169    27.622 56334.27128129 25.78 296.901315  -4.047913  6.475 -100.00 -100.00 -100.00
 170    28.829 56344.18691876 45.58 296.901593  -4.055520 29.923 -100.00 -100.00 -100.00
 170    28.751 56344.18691935 47.62 296.902490  -4.053020   -100 -100.00 -100.00 -100.00
 170    28.615 56344.18691994 50.82 296.903388  -4.050519   -100 -100.00 -100.00 -100.00
 170    28.413 56344.18692053 52.14 296.904285  -4.048019 11.056 -100.00 -100.00 -100.00
 171    29.310 56354.10255546 44.66 296.904721  -4.056903 25.840 -100.00 -100.00 -100.00
 171    29.184 56354.10255605 46.02 296.905619  -4.054402 31.403 -100.00 -100.00 -100.00
 171    29.063 56354.10255664 49.89 296.906516  -4.051902   -100 -100.00 -100.00 -100.00
 171    28.929 56354.10255723 51.19 296.907413  -4.049401  9.476 -100.00 -100.00 -100.00
 172    29.650 56364.01819876 47.62 296.904133  -4.058003   -100 -100.00 -100.00 -100.00
 172    29.484 56364.01819935 49.00 296.905030  -4.055502   -100 -100.00 -100.00 -100.00
 172    29.429 56364.01819994 48.92 296.905928  -4.053002   -100 -100.00 -100.00 -100.00
 172    29.663 56364.01820053 48.27 296.906825  -4.050501   -100 -100.00 -100.00 -100.00
 173    30.106 56373.93384801 30.72 296.901750  -4.055192 16.762 -100.00 -100.00 -100.00
 173    29.910 56373.93384860 28.76 296.902647  -4.052692 11.339 -100.00 -100.00 -100.00
 173    29.804 56373.93384919 28.97 296.903545  -4.050191 11.300 -100.00 -100.00 -100.00
 173    30.212 56373.93384978 31.39 296.904442  -4.047691 17.090 -100.00 -100.00 -100.00
 175    31.236 56393.76513839 38.52 296.897742  -4.054281   -100 -100.00 -100.00 -100.00
 175    31.220 56393.76513898 34.06 296.898639  -4.051781 25.391 -100.00 -100.00 -100.00
 175    30.804 56393.76513957 32.10 296.899536  -4.049280 18.787 -100.00 -100.00 -100.00
 175    30.513 56393.76514016 35.30 296.900433  -4.046780 29.385 -100.00 -100.00 -100.00
 176    31.420 56403.68078066 39.86 296.898795  -4.055578   -100 -100.00 -100.00 -100.00
 176    31.255 56403.68078125 30.31 296.899693  -4.053077 11.472 -100.00 -100.00 -100.00
 176    31.070 56403.68078184 31.22 296.900590  -4.050577 14.452 -100.00 -100.00 -100.00
 176    30.925 56403.68078243 33.41 296.901487  -4.048076 19.790 -100.00 -100.00 -100.00
 177    31.684 56413.59642032 39.80 296.901616  -4.055849 29.388 -100.00 -100.00 -100.00
 177    31.865 56413.59642091 32.44 296.902513  -4.053349  8.264 -100.00 -100.00 -100.00
 177    31.569 56413.59642150 33.98 296.903410  -4.050848 11.272 -100.00 -100.00 -100.00
 177    31.677 56413.59642209 34.95 296.904307  -4.048348 12.613 -100.00 -100.00 -100.00
 178    32.092 56423.51205446 36.27 296.904901  -4.058303 19.936 -100.00 -100.00 -100.00
 178    31.992 56423.51205505 35.48 296.905799  -4.055802 18.300 -100.00 -100.00 -100.00
 178    31.847 56423.51205564 35.02 296.906696  -4.053302 16.049 -100.00 -100.00 -100.00
 178    31.986 56423.51205623 35.76 296.907593  -4.050801 18.903 -100.00 -100.00 -100.00
 179    32.353 56433.42769839 36.51 296.904419  -4.057772 21.054 -100.00 -100.00 -100.00
 179    32.155 56433.42769898 35.10 296.905316  -4.055271 16.992 -100.00 -100.00 -100.00
 179    32.134 56433.42769957 34.95 296.906213  -4.052771 14.541 -100.00 -100.00 -100.00
 179    32.092 56433.42770016 36.35 296.907110  -4.050271 18.904 -100.00 -100.00 -100.00
 180    32.814 56443.34335057 47.01 296.900913  -4.054545   -100 -100.00 -100.00 -100.00
 180    32.726 56443.34335116 49.92 296.901810  -4.052045   -100 -100.00 -100.00 -100.00
 180    32.718 56443.34335175 51.61 296.902708  -4.049545   -100 -100.00 -100.00 -100.00
 180    32.658 56443.34335234 51.86 296.903605  -4.047044   -100 -100.00 -100.00 -100.00
 181    32.891 56453.25899941 47.00 296.898107  -4.054909 30.924 -100.00 -100.00 -100.00
 181    32.515 56453.25900000 47.88 296.899004  -4.052409   -100 -100.00 -100.00 -100.00
 181    32.571 56453.25900059 51.99 296.899901  -4.049909  0.799 -100.00 -100.00 -100.00
 181    32.660 56453.25900118 53.82 296.900798  -4.047408   -100 -100.00 -100.00 -100.00
 182    32.423 56463.17464617 47.05 296.898272  -4.053758   -100 -100.00 -100.00 -100.00
 182    32.462 56463.17464676 50.09 296.899169  -4.051258  1.354 -100.00 -100.00 -100.00
 182    32.545 56463.17464735 52.71 296.900066  -4.048757   -100 -100.00 -100.00 -100.00
 182    32.638 56463.17464794 51.55 296.900963  -4.046257   -100 -100.00 -100.00 -100.00
 183    32.256 56473.09028948 42.44 296.899397  -4.053679 21.134 -100.00 -100.00 -100.00
 183    32.040 56473.09029007 45.99 296.900294  -4.051179   -100 -100.00 -100.00 -100.00
 183    32.045 56473.09029066 47.67 296.901191  -4.048678   -100 -100.00 -100.00 -100.00
 184    31.983 56483.00592911 43.28 296.900430  -4.055552 31.372 -100.00 -100.00 -100.00
 184    31.784 56483.00592970 42.39 296.901328  -4.053051 30.278 -100.00 -100.00 -100.00
 184    32.046 56483.00593029 38.28 296.902225  -4.050551 14.304 -100.00 -100.00 -100.00
 184    31.915 56483.00593088 41.89 296.903122  -4.048051 25.618 -100.00 -100.00 -100.00
 185    31.455 56492.92156573 41.38 296.901414  -4.056500   -100 -100.00 -100.00 -100.00
 185    31.344 56492.92156632 35.29 296.902312  -4.054000 16.078 -100.00 -100.00 -100.00
 185    31.361 56492.92156691 33.34 296.903209  -4.051500 10.834 -100.00 -100.00 -100.00
 185    31.112 56492.92156750 34.58 296.904106  -4.049000 14.520 -100.00 -100.00 -100.00
 186    30.844 56502.83720058 30.44 296.903651  -4.056350 14.692 -100.00 -100.00 -100.00
 186    30.825 56502.83720117 29.60 296.904549  -4.053850 11.460 -100.00 -100.00 -100.00
 186    30.586 56502.83720176 31.40 296.905446  -4.051350 15.784 -100.00 -100.00 -100.00
 186    30.515 56502.83720235 34.01 296.906343  -4.048850 20.019 -100.00 -100.00 -100.00
 187    30.591 56512.75283377 33.81 296.907159  -4.058077 16.008 -100.00 -100.00 -100.00
 187    30.376 56512.75283437 32.91 296.908056  -4.055577 13.647 -100.00 -100.00 -100.00
 187    30.398 56512.75283496 35.08 296.908953  -4.053076 20.848 -100.00 -100.00 -100.00
 187    30.379 56512.75283555 36.13 296.909850  -4.050576 23.236 -100.00 -100.00 -100.00
 188    29.713 56522.66848202 38.47 296.906430  -4.059319 31.552 -100.00 -100.00 -100.00
 188    30.217 56522.66848261 28.69 296.907327  -4.056819  7.991 -100.00 -100.00 -100.00
 188    29.347 56522.66848320 29.03 296.908225  -4.054319  7.972 -100.00 -100.00 -100.00
 188    29.246 56522.66848379 30.40 296.909122  -4.051819 10.236 -100.00 -100.00 -100.00
 189    30.333 56532.58413535 26.55 296.905414  -4.055782  9.814 -100.00 -100.00 -100.00
 189    29.545 56532.58413594 26.47 296.906312  -4.053282  9.203 -100.00 -100.00 -100.00
 189    28.137 56532.58413653 29.58 296.907209  -4.050782 18.382 -100.00 -100.00 -100.00
 191    27.224 56552.41542890 37.51 296.901340  -4.054610 14.723 -100.00 -100.00 -100.00
 191    27.003 56552.41542949 39.46 296.902237  -4.052110 20.004 -100.00 -100.00 -100.00
 191    27.399 56552.41543008 34.38 296.903134  -4.049610  7.402 -100.00 -100.00 -100.00
 192    26.187 56562.33107126 42.67 296.900102  -4.054807 19.863 -100.00 -100.00 -100.00
 192    25.824 56562.33107185 47.90 296.900999  -4.052307   -100 -100.00 -100.00 -100.00
 192    25.589 56562.33107244 53.22 296.901896  -4.049807   -100 -100.00 -100.00 -100.00
 192    25.366 56562.33107303 55.16 296.902793  -4.047307 30.387 -100.00 -100.00 -100.00
 193    29.610 56572.24671273 23.15 296.900982  -4.053855  6.347 -100.00 -100.00 -100.00
 193    27.649 56572.24671332 22.97 296.901879  -4.051355  5.565 -100.00 -100.00 -100.00
 193    24.687 56572.24671391 24.07 296.902776  -4.048855  7.126 -100.00 -100.00 -100.00
 194    23.105 56582.16235166 39.03 296.902451  -4.056752 24.058 -100.00 -100.00 -100.00
 194    23.069 56582.16235225 36.40 296.903348  -4.054252 16.426 -100.00 -100.00 -100.00
 194    23.031 56582.16235284 37.68 296.904245  -4.051752 20.609 -100.00 -100.00 -100.00
 194    22.941 56582.16235343 38.01 296.905141  -4.049252 20.074 -100.00 -100.00 -100.00
 195    27.955 56592.07798687 26.81 296.906685  -4.058025  8.737 -100.00 -100.00 -100.00
 195    27.890 56592.07798746 25.81 296.907582  -4.055524  8.599 -100.00 -100.00 -100.00
 195    22.978 56592.07798805 27.83 296.908479  -4.053025 11.921 -100.00 -100.00 -100.00
 195    23.717 56592.07798864 25.22 296.909376  -4.050524  6.384 -100.00 -100.00 -100.00
 196    24.028 56601.99363719 41.77 296.905390  -4.056614 26.823 -100.00 -100.00 -100.00
 196    23.881 56601.99363778 45.98 296.906287  -4.054114   -100 -100.00 -100.00 -100.00
 196    23.790 56601.99363837 48.93 296.907184  -4.051614   -100 -100.00 -100.00 -100.00
 196    23.842 56601.99363896 49.93 296.908081  -4.049114   -100 -100.00 -100.00 -100.00
 197    27.458 56611.90928718 23.18 296.902783  -4.054773  5.058 -100.00 -100.00 -100.00
 197    27.365 56611.90928777 22.99 296.903680  -4.052273  5.304 -100.00 -100.00 -100.00
 197    26.050 56611.90928836 23.24 296.904577  -4.049773  5.025 -100.00 -100.00 -100.00
 198    24.541 56621.82493242 30.12 296.900658  -4.055783 18.447 -100.00 -100.00 -100.00
 198    24.539 56621.82493301 26.82 296.901555  -4.053282  9.796 -100.00 -100.00 -100.00
 198    24.572 56621.82493360 25.88 296.902452  -4.050782 10.662 -100.00 -100.00 -100.00
 198    24.485 56621.82493419 25.63 296.903349  -4.048282  8.785 -100.00 -100.00 -100.00
 199    29.889 56631.74057526 21.64 296.900421  -4.055550  4.255 -100.00 -100.00 -100.00
 199    25.480 56631.74057585 21.50 296.901319  -4.053050  4.587 -100.00 -100.00 -100.00
 199    27.210 56631.74057644 21.50 296.902216  -4.050550  4.744 -100.00 -100.00 -100.00
 199    26.638 56631.74057703 22.02 296.903113  -4.048049  6.239 -100.00 -100.00 -100.00
 200    25.648 56641.65621390 33.86 296.902327  -4.056665 23.646 -100.00 -100.00 -100.00
 200    25.719 56641.65621449 32.71 296.903224  -4.054164 19.886 -100.00 -100.00 -100.00
 200    25.823 56641.65621508 31.10 296.904121  -4.051664 15.717 -100.00 -100.00 -100.00
 200    25.696 56641.65621567 36.14 296.905018  -4.049164 32.727 -100.00 -100.00 -100.00
 201    29.708 56651.57186341 19.40 296.902084  -4.055264  4.313 -100.00 -100.00 -100.00
 201    27.293 56651.57186400 19.45 296.902981  -4.052764  4.151 -100.00 -100.00 -100.00
 201    26.809 56651.57186459 20.14 296.903878  -4.050264  5.422 -100.00 -100.00 -100.00
 201    30.706 56651.57186518 20.60 296.904776  -4.047763  5.169 -100.00 -100.00 -100.00
 202    26.425 56661.48751357 25.47 296.899526  -4.055718 13.604 -100.00 -100.00 -100.00
 202    26.489 56661.48751416 21.08 296.900424  -4.053218  6.674 -100.00 -100.00 -100.00
 202    26.190 56661.48751475 22.18 296.901321  -4.050718  7.439 -100.00 -100.00 -100.00
 202    26.322 56661.48751534 21.24 296.902218  -4.048218  6.000 -100.00 -100.00 -100.00
 203    26.796 56671.40316072 34.73 296.897949  -4.054512 27.491 -100.00 -100.00 -100.00
 203    26.704 56671.40316131 25.70 296.898846  -4.052012  7.862 -100.00 -100.00 -100.00
 203    26.618 56671.40316190 24.19 296.899744  -4.049511  5.256 -100.00 -100.00 -100.00
 203    26.645 56671.40316249 24.64 296.900641  -4.047011  4.919 -100.00 -100.00 -100.00
 204    27.118 56681.31880584 30.26 296.897728  -4.053199 21.440 -100.00 -100.00 -100.00
 204    26.931 56681.31880643 27.62 296.898626  -4.050699 15.345 -100.00 -100.00 -100.00
 204    27.041 56681.31880702 25.12 296.899523  -4.048198  8.549 -100.00 -100.00 -100.00
 204    30.261 56681.31880761 25.69 296.900420  -4.045698  8.689 -100.00 -100.00 -100.00
 205    28.099 56691.23444851 42.90 296.898796  -4.054181 23.263 -100.00 -100.00 -100.00
 205    27.851 56691.23444910 48.15 296.899693  -4.051681   -100 -100.00 -100.00 -100.00
 205    27.746 56691.23444969 51.42 296.900591  -4.049180   -100 -100.00 -100.00 -100.00
 205    27.741 56691.23445028 54.21 296.901488  -4.046680 28.196 -100.00 -100.00 -100.00
 206    28.378 56701.15008786 44.61 296.901969  -4.054289 31.250 -100.00 -100.00 -100.00
 206    28.211 56701.15008845 50.35 296.902867  -4.051789   -100 -100.00 -100.00 -100.00
 206    27.867 56701.15008904 54.04 296.903764  -4.049289 27.308 -100.00 -100.00 -100.00
 207    27.773 56711.06572197 27.51 296.904755  -4.056443  8.208 -100.00 -100.00 -100.00
 207    27.676 56711.06572256 26.29 296.905653  -4.053943  6.345 -100.00 -100.00 -100.00
 207    27.604 56711.06572315 26.11 296.906550  -4.051442  6.753 -100.00 -100.00 -100.00
 207    27.541 56711.06572374 28.29 296.907447  -4.048942  9.327 -100.00 -100.00 -100.00
 208    28.523 56720.98136574 39.16 296.903562  -4.055600 20.109 -100.00 -100.00 -100.00
 208    28.477 56720.98136633 38.34 296.904459  -4.053100 20.572 -100.00 -100.00 -100.00
 208    28.422 56720.98136692 38.77 296.905357  -4.050599 20.225 -100.00 -100.00 -100.00
 209    29.019 56730.89701738 32.14 296.899209  -4.055000 16.180 -100.00 -100.00 -100.00
 209    28.847 56730.89701797 31.53 296.900107  -4.052500 16.701 -100.00 -100.00 -100.00
 209    29.008 56730.89701856 30.74 296.901004  -4.049999 12.603 -100.00 -100.00 -100.00
 209    29.005 56730.89701915 34.46 296.901902  -4.047499 24.767 -100.00 -100.00 -100.00
 210    29.534 56740.81266593 34.25 296.897538  -4.053036 14.844 -100.00 -100.00 -100.00
 210    29.457 56740.81266652 33.37 296.898436  -4.050535 12.364 -100.00 -100.00 -100.00
 210    29.391 56740.81266711 32.67 296.899333  -4.048035  9.863 -100.00 -100.00 -100.00
 210    29.133 56740.81266770 34.53 296.900230  -4.045534 14.933 -100.00 -100.00 -100.00
 211    30.198 56750.72830977 30.61 296.897477  -4.054491 16.263 -100.00 -100.00 -100.00
 211    30.190 56750.72831036 33.91 296.898375  -4.051990 24.486 -100.00 -100.00 -100.00
 211    29.718 56750.72831095 31.07 296.899272  -4.049490 16.400 -100.00 -100.00 -100.00
 211    29.217 56750.72831154 31.79 296.900169  -4.046989 17.481 -100.00 -100.00 -100.00
 212    30.456 56760.64394886 32.16 296.900364  -4.055576 22.965 -100.00 -100.00 -100.00
 212    30.297 56760.64394945 28.67 296.901261  -4.053075 13.002 -100.00 -100.00 -100.00
 212    29.698 56760.64395004 29.99 296.902158  -4.050575 14.986 -100.00 -100.00 -100.00
 212    29.680 56760.64395063 31.63 296.903056  -4.048074 19.831 -100.00 -100.00 -100.00
 213    30.618 56770.55958162 29.88 296.905069  -4.055881 11.280 -100.00 -100.00 -100.00
 213    30.607 56770.55958221 30.36 296.905967  -4.053380 12.439 -100.00 -100.00 -100.00
 213    30.308 56770.55958280 32.40 296.906864  -4.050879 17.841 -100.00 -100.00 -100.00
 214    31.290 56780.47523420 32.92 296.901645  -4.055679 19.732 -100.00 -100.00 -100.00
 214    30.920 56780.47523479 31.88 296.902542  -4.053178 17.272 -100.00 -100.00 -100.00
 214    30.649 56780.47523538 31.92 296.903440  -4.050678 19.019 -100.00 -100.00 -100.00
 214    30.724 56780.47523597 31.30 296.904337  -4.048178 14.732 -100.00 -100.00 -100.00
 215    31.508 56790.39088919 34.13 296.898156  -4.052758 12.501 -100.00 -100.00 -100.00
 215    31.285 56790.39088978 34.24 296.899053  -4.050257 12.377 -100.00 -100.00 -100.00
 215    31.298 56790.39089037 32.71 296.899950  -4.047757  9.249 -100.00 -100.00 -100.00
 216    31.872 56800.30654005 42.02 296.894393  -4.053329   -100 -100.00 -100.00 -100.00
 216    31.858 56800.30654064 32.14 296.895290  -4.050829 15.262 -100.00 -100.00 -100.00
 216    31.558 56800.30654123 31.77 296.896188  -4.048328 13.265 -100.00 -100.00 -100.00
 216    31.571 56800.30654182 35.20 296.897085  -4.045828 22.380 -100.00 -100.00 -100.00
 217    32.309 56810.22218464 42.26 296.894497  -4.052953   -100 -100.00 -100.00 -100.00
 217    32.326 56810.22218523 33.00 296.895394  -4.050453 14.328 -100.00 -100.00 -100.00
 217    31.878 56810.22218582 33.98 296.896291  -4.047952 19.332 -100.00 -100.00 -100.00
 217    32.081 56810.22218641 38.38 296.897189  -4.045452 29.836 -100.00 -100.00 -100.00
 218    32.280 56820.13782413 44.14 296.896335  -4.054137   -100 -100.00 -100.00 -100.00
 218    32.401 56820.13782473 36.76 296.897233  -4.051636 15.599 -100.00 -100.00 -100.00
 218    32.385 56820.13782532 42.68 296.898130  -4.049136   -100 -100.00 -100.00 -100.00
 218    32.713 56820.13782591 46.39 296.899027  -4.046636   -100 -100.00 -100.00 -100.00
 219    32.351 56830.05346006 38.49 296.899625  -4.054490 22.563 -100.00 -100.00 -100.00
 219    32.425 56830.05346065 35.25 296.900522  -4.051990 11.873 -100.00 -100.00 -100.00
 219    32.428 56830.05346124 35.72 296.901419  -4.049490 12.472 -100.00 -100.00 -100.00
 219    32.352 56830.05346183 36.66 296.902317  -4.046989 15.683 -100.00 -100.00 -100.00
 220    32.497 56839.96909275 46.52 296.903013  -4.055766   -100 -100.00 -100.00 -100.00
 220    32.473 56839.96909334 44.27 296.903910  -4.053266   -100 -100.00 -100.00 -100.00
 220    32.485 56839.96909393 49.25 296.904807  -4.050766   -100 -100.00 -100.00 -100.00
 220    32.495 56839.96909452 46.30 296.905704  -4.048266   -100 -100.00 -100.00 -100.00
 221    32.204 56849.88472697 33.69 296.905576  -4.056334 17.266 -100.00 -100.00 -100.00
 221    32.071 56849.88472756 34.04 296.906473  -4.053834 18.866 -100.00 -100.00 -100.00
 221    32.022 56849.88472815 35.50 296.907370  -4.051334 19.763 -100.00 -100.00 -100.00
 222    31.983 56859.80038158 33.66 296.902318  -4.055108 14.956 -100.00 -100.00 -100.00
 222    31.903 56859.80038217 33.58 296.903216  -4.052608 15.088 -100.00 -100.00 -100.00
 222    31.878 56859.80038276 33.21 296.904113  -4.050108 13.407 -100.00 -100.00 -100.00
 222    32.096 56859.80038335 36.54 296.905010  -4.047608 20.997 -100.00 -100.00 -100.00
 223    31.655 56869.71603534 41.99 296.900363  -4.055065   -100 -100.00 -100.00 -100.00
 223    31.801 56869.71603593 33.66 296.901260  -4.052565 11.575 -100.00 -100.00 -100.00
 223    31.550 56869.71603652 34.86 296.902157  -4.050065 14.665 -100.00 -100.00 -100.00
 223    31.402 56869.71603711 36.73 296.903054  -4.047565 18.928 -100.00 -100.00 -100.00
 224    31.253 56879.63168659 38.52 296.899176  -4.055496 28.448 -100.00 -100.00 -100.00
 224    31.134 56879.63168718 30.54 296.900073  -4.052995  8.528 -100.00 -100.00 -100.00
 224    30.842 56879.63168777 30.77 296.900970  -4.050495 10.426 -100.00 -100.00 -100.00
 224    30.725 56879.63168836 33.03 296.901867  -4.047995 13.066 -100.00 -100.00 -100.00
 225    30.512 56889.54733481 40.41 296.898568  -4.053436 29.527 -100.00 -100.00 -100.00
 225    30.389 56889.54733540 37.85 296.899465  -4.050936 19.719 -100.00 -100.00 -100.00
 225    30.406 56889.54733600 38.09 296.900362  -4.048436 19.130 -100.00 -100.00 -100.00
 226    29.642 56899.46297977 30.93 296.896899  -4.052351 16.272 -100.00 -100.00 -100.00
 226    29.535 56899.46298036 30.80 296.897796  -4.049851 15.176 -100.00 -100.00 -100.00
 226    29.491 56899.46298095 29.92 296.898693  -4.047351 11.215 -100.00 -100.00 -100.00
 227    28.604 56909.37862186 42.06 296.894860  -4.053094   -100 -100.00 -100.00 -100.00
 227    28.616 56909.37862245 44.65 296.895757  -4.050594   -100 -100.00 -100.00 -100.00
 227    28.806 56909.37862304 41.80 296.896654  -4.048094   -100 -100.00 -100.00 -100.00
 227    28.904 56909.37862363 40.15 296.897551  -4.045594 32.275 -100.00 -100.00 -100.00
 228    27.545 56919.29426244 31.22 296.895716  -4.053055 12.279 -100.00 -100.00 -100.00
 228    27.502 56919.29426303 38.65 296.896613  -4.050555   -100 -100.00 -100.00 -100.00
 228    27.833 56919.29426362 40.05 296.897511  -4.048055 28.551 -100.00 -100.00 -100.00
 228    27.980 56919.29426421 40.97 296.898408  -4.045555 25.719 -100.00 -100.00 -100.00
 229    26.350 56929.20990102 44.22 296.899115  -4.053618 26.145 -100.00 -100.00 -100.00
 229    26.046 56929.20990161 44.11 296.900012  -4.051118   -100 -100.00 -100.00 -100.00
 229    25.982 56929.20990220 43.61 296.900909  -4.048618 31.620 -100.00 -100.00 -100.00
 230    29.847 56939.12553467 23.58 296.903114  -4.056867  7.338 -100.00 -100.00 -100.00
 230    28.099 56939.12553526 23.58 296.904011  -4.054367  6.832 -100.00 -100.00 -100.00
 230    27.131 56939.12553585 24.39 296.904908  -4.051867  7.388 -100.00 -100.00 -100.00
 230    25.342 56939.12553644 25.34 296.905805  -4.049367  8.623 -100.00 -100.00 -100.00
 231    23.992 56949.04117011 37.97 296.906548  -4.057769 30.846 -100.00 -100.00 -100.00
 231    23.917 56949.04117070 35.86 296.907445  -4.055269 27.042 -100.00 -100.00 -100.00
 231    23.968 56949.04117129 34.56 296.908342  -4.052769 22.927 -100.00 -100.00 -100.00
 231    24.068 56949.04117188 33.49 296.909239  -4.050269 19.251 -100.00 -100.00 -100.00
 232    24.582 56958.95682297 40.07 296.903195  -4.055963 30.280 -100.00 -100.00 -100.00
 232    24.449 56958.95682356 42.99 296.904092  -4.053463   -100 -100.00 -100.00 -100.00
 232    24.331 56958.95682416 41.88 296.904989  -4.050963   -100 -100.00 -100.00 -100.00
 232    24.473 56958.95682475 42.72 296.905886  -4.048463   -100 -100.00 -100.00 -100.00
 233    24.582 56968.87247097 27.39 296.900583  -4.054227 12.510 -100.00 -100.00 -100.00
 233    24.426 56968.87247156 27.92 296.901481  -4.051727 13.662 -100.00 -100.00 -100.00
 233    24.605 56968.87247215 26.42 296.902378  -4.049227 10.191 -100.00 -100.00 -100.00
 234    24.664 56978.78811516 30.27 296.900099  -4.054099 18.818 -100.00 -100.00 -100.00
 234    24.744 56978.78811575 27.68 296.900996  -4.051599 12.890 -100.00 -100.00 -100.00
 234    24.852 56978.78811634 27.75 296.901894  -4.049099 12.349 -100.00 -100.00 -100.00
 235    25.152 56988.70375471 29.68 296.901436  -4.056073 15.986 -100.00 -100.00 -100.00
 235    25.240 56988.70375530 25.96 296.902333  -4.053573  7.898 -100.00 -100.00 -100.00
 235    26.085 56988.70375589 24.63 296.903230  -4.051073  5.412 -100.00 -100.00 -100.00
 235    26.720 56988.70375648 25.02 296.904127  -4.048573  5.188 -100.00 -100.00 -100.00
 236    27.474 56998.61938834 30.49 296.905463  -4.057726 11.481 -100.00 -100.00 -100.00
 236    25.626 56998.61938893 30.85 296.906361  -4.055226 12.669 -100.00 -100.00 -100.00
 236    25.472 56998.61938952 31.21 296.907258  -4.052726 12.636 -100.00 -100.00 -100.00
 236    25.801 56998.61939011 28.94 296.908155  -4.050226 10.304 -100.00 -100.00 -100.00
 237    30.064 57008.53503962 20.65 296.904487  -4.055311  4.300 -100.00 -100.00 -100.00
 237    27.909 57008.53504022 21.26 296.905385  -4.052810  5.096 -100.00 -100.00 -100.00
 237    29.285 57008.53504081 21.47 296.906282  -4.050310  4.929 -100.00 -100.00 -100.00
 238    26.559 57018.45069280 22.65 296.901170  -4.054406  5.249 -100.00 -100.00 -100.00
 238    26.599 57018.45069339 21.68 296.902068  -4.051906  4.338 -100.00 -100.00 -100.00
 238    26.369 57018.45069398 22.54 296.902965  -4.049406  4.994 -100.00 -100.00 -100.00
 239    26.683 57028.36634249 29.08 296.898733  -4.053763 18.694 -100.00 -100.00 -100.00
 239    26.977 57028.36634308 21.72 296.899630  -4.051263  5.408 -100.00 -100.00 -100.00
 239    26.702 57028.36634367 21.48 296.900527  -4.048762  4.360 -100.00 -100.00 -100.00
 239    27.045 57028.36634426 22.81 296.901425  -4.046262  6.477 -100.00 -100.00 -100.00
 240    28.497 57038.28198991 42.07 296.897369  -4.055124 16.980 -100.00 -100.00 -100.00
 240    28.035 57038.28199050 45.11 296.898266  -4.052624 24.361 -100.00 -100.00 -100.00
 240    27.470 57038.28199109 51.50 296.899164  -4.050123   -100 -100.00 -100.00 -100.00
 240    27.382 57038.28199168 55.31 296.900061  -4.047623 16.515 -100.00 -100.00 -100.00
 241    28.153 57048.19763559 29.02 296.898963  -4.053838 12.101 -100.00 -100.00 -100.00
 241    28.005 57048.19763618 26.59 296.899860  -4.051338  7.381 -100.00 -100.00 -100.00
 241    28.114 57048.19763677 26.28 296.900758  -4.048838  6.108 -100.00 -100.00 -100.00
 241    27.940 57048.19763736 28.28 296.901655  -4.046337  9.629 -100.00 -100.00 -100.00
 242    28.996 57058.11327697 43.05 296.901107  -4.055230 24.514 -100.00 -100.00 -100.00
 242    28.859 57058.11327756 45.29 296.902004  -4.052729 32.038 -100.00 -100.00 -100.00
 242    29.031 57058.11327815 48.06 296.902901  -4.050229   -100 -100.00 -100.00 -100.00
 242    28.805 57058.11327874 50.73 296.903798  -4.047728  6.963 -100.00 -100.00 -100.00
 243    28.989 57068.02891306 31.21 296.903563  -4.055468 10.559 -100.00 -100.00 -100.00
 243    28.761 57068.02891366 30.27 296.904461  -4.052968  9.450 -100.00 -100.00 -100.00
 243    28.698 57068.02891425 29.32 296.905358  -4.050467  6.512 -100.00 -100.00 -100.00
 244    29.458 57077.94454487 30.95 296.905021  -4.056497 10.200 -100.00 -100.00 -100.00
 244    29.450 57077.94454546 29.84 296.905918  -4.053996  6.916 -100.00 -100.00 -100.00
 244    29.454 57077.94454605 31.01 296.906815  -4.051496  8.514 -100.00 -100.00 -100.00
 244    29.429 57077.94454665 33.86 296.907713  -4.048995 14.438 -100.00 -100.00 -100.00
 245    29.869 57087.86017834 36.11 296.905964  -4.058028 25.794 -100.00 -100.00 -100.00
 245    29.811 57087.86017893 32.01 296.906861  -4.055528 13.722 -100.00 -100.00 -100.00
 245    29.893 57087.86017952 31.20 296.907759  -4.053027 10.577 -100.00 -100.00 -100.00
 245    29.697 57087.86018011 34.84 296.908656  -4.050527 19.677 -100.00 -100.00 -100.00
 246    30.142 57097.77583725 39.02 296.901608  -4.056291   -100 -100.00 -100.00 -100.00
 246    30.359 57097.77583784 30.82 296.902505  -4.053790 10.891 -100.00 -100.00 -100.00
 246    30.106 57097.77583843 31.46 296.903403  -4.051290 13.119 -100.00 -100.00 -100.00
 246    29.654 57097.77583902 33.70 296.904300  -4.048789 18.842 -100.00 -100.00 -100.00
 247    30.757 57107.69149340 40.28 296.899738  -4.054791   -100 -100.00 -100.00 -100.00
 247    30.572 57107.69149399 30.09 296.900635  -4.052290  9.054 -100.00 -100.00 -100.00
 247    30.385 57107.69149458 32.77 296.901532  -4.049789 15.871 -100.00 -100.00 -100.00
 247    30.006 57107.69149517 33.13 296.902429  -4.047289 17.023 -100.00 -100.00 -100.00
 248    31.092 57117.60714454 32.88 296.900219  -4.053888 22.102 -100.00 -100.00 -100.00
 248    30.905 57117.60714513 30.22 296.901117  -4.051388 13.405 -100.00 -100.00 -100.00
 248    30.433 57117.60714572 31.75 296.902014  -4.048887 17.323 -100.00 -100.00 -100.00
 249    31.566 57127.52278896 35.65 296.900145  -4.054475 25.739 -100.00 -100.00 -100.00
 249    31.182 57127.52278956 30.30 296.901043  -4.051974 13.525 -100.00 -100.00 -100.00
 249    31.015 57127.52279015 31.89 296.901940  -4.049474 14.989 -100.00 -100.00 -100.00
 249    31.003 57127.52279074 33.35 296.902837  -4.046973 17.451 -100.00 -100.00 -100.00
 250    31.823 57137.43842786 36.85 296.900282  -4.054141 13.040 -100.00 -100.00 -100.00
 250    31.657 57137.43842845 36.61 296.901179  -4.051641 13.731 -100.00 -100.00 -100.00
 250    31.667 57137.43842904 35.63 296.902076  -4.049140 12.074 -100.00 -100.00 -100.00
 251    32.121 57147.35406235 46.35 296.901457  -4.055187   -100 -100.00 -100.00 -100.00
 251    32.251 57147.35406294 46.18 296.902354  -4.052686   -100 -100.00 -100.00 -100.00
 251    32.051 57147.35406354 49.12 296.903251  -4.050186   -100 -100.00 -100.00 -100.00
 251    32.122 57147.35406413 48.07 296.904149  -4.047686   -100 -100.00 -100.00 -100.00
 252    32.867 57157.26969420 44.95 296.904547  -4.057133 32.330 -100.00 -100.00 -100.00
 252    32.514 57157.26969479 49.20 296.905444  -4.054633   -100 -100.00 -100.00 -100.00
 252    32.513 57157.26969538 53.51 296.906342  -4.052133 16.138 -100.00 -100.00 -100.00
 252    32.570 57157.26969597 54.31 296.907239  -4.049632 21.935 -100.00 -100.00 -100.00
 253    32.774 57167.18533915 33.45 296.905766  -4.056396 12.449 -100.00 -100.00 -100.00
 253    32.557 57167.18533974 34.34 296.906663  -4.053896 15.391 -100.00 -100.00 -100.00
 253    32.458 57167.18534033 36.17 296.907561  -4.051396 23.168 -100.00 -100.00 -100.00
 254    33.146 57177.10099465 47.17 296.903071  -4.056619   -100 -100.00 -100.00 -100.00
 254    33.020 57177.10099524 50.49 296.903969  -4.054119   -100 -100.00 -100.00 -100.00
 254    33.155 57177.10099583 50.24 296.904866  -4.051619   -100 -100.00 -100.00 -100.00
 254    32.979 57177.10099642 51.60 296.905763  -4.049118  6.017 -100.00 -100.00 -100.00
 255    33.261 57187.01664668 37.19 296.901351  -4.055014 11.661 -100.00 -100.00 -100.00
 255    32.969 57187.01664727 39.73 296.902248  -4.052514 18.692 -100.00 -100.00 -100.00
 255    32.923 57187.01664786 38.26 296.903145  -4.050014 14.956 -100.00 -100.00 -100.00
 255    32.984 57187.01664845 39.20 296.904043  -4.047514 15.482 -100.00 -100.00 -100.00
 256    33.346 57196.93229447 36.84 296.899523  -4.054977 23.500 -100.00 -100.00 -100.00
 256    33.122 57196.93229506 37.18 296.900420  -4.052477 24.261 -100.00 -100.00 -100.00
 256    32.957 57196.93229565 37.24 296.901318  -4.049976 23.516 -100.00 -100.00 -100.00
 256    33.123 57196.93229624 38.81 296.902215  -4.047476 26.855 -100.00 -100.00 -100.00
 257    33.188 57206.84792905 42.58 296.898441  -4.054542   -100 -100.00 -100.00 -100.00
 257    33.243 57206.84792964 39.04 296.899339  -4.052042 24.813 -100.00 -100.00 -100.00
 257    33.061 57206.84793023 40.08 296.900236  -4.049542 29.472 -100.00 -100.00 -100.00
 257    33.193 57206.84793082 39.01 296.901133  -4.047042 23.233 -100.00 -100.00 -100.00
 258    33.209 57216.76357405 41.63 296.898336  -4.055133   -100 -100.00 -100.00 -100.00
 258    32.881 57216.76357464 35.17 296.899233  -4.052633 20.118 -100.00 -100.00 -100.00
 258    32.708 57216.76357523 36.84 296.900130  -4.050133 28.299 -100.00 -100.00 -100.00
 258    32.833 57216.76357582 38.53 296.901027  -4.047633 29.569 -100.00 -100.00 -100.00
 259    32.697 57226.67921849 41.17 296.900404  -4.054127   -100 -100.00 -100.00 -100.00
 259    32.685 57226.67921908 36.52 296.901301  -4.051627 14.379 -100.00 -100.00 -100.00
 259    32.522 57226.67921967 38.71 296.902199  -4.049127 23.165 -100.00 -100.00 -100.00
 260    32.608 57236.59486006 39.32 296.901725  -4.056541 29.121 -100.00 -100.00 -100.00
 260    32.306 57236.59486065 33.70 296.902622  -4.054041 11.473 -100.00 -100.00 -100.00
 260    32.111 57236.59486124 35.54 296.903519  -4.051541 17.154 -100.00 -100.00 -100.00
 260    32.576 57236.59486183 36.41 296.904416  -4.049041 18.151 -100.00 -100.00 -100.00
 261    31.949 57246.51049863 36.66 296.903506  -4.056400 30.872 -100.00 -100.00 -100.00
 261    31.910 57246.51049922 33.08 296.904403  -4.053900 17.305 -100.00 -100.00 -100.00
 261    31.806 57246.51049981 31.87 296.905301  -4.051400 14.154 -100.00 -100.00 -100.00
 261    31.850 57246.51050040 35.33 296.906198  -4.048900 20.626 -100.00 -100.00 -100.00
 262    31.404 57256.42613427 45.33 296.904526  -4.056444   -100 -100.00 -100.00 -100.00
 262    31.360 57256.42613486 46.64 296.905423  -4.053944   -100 -100.00 -100.00 -100.00
 262    31.681 57256.42613545 43.67 296.906320  -4.051444 29.108 -100.00 -100.00 -100.00
 262    31.443 57256.42613604 47.83 296.907217  -4.048944   -100 -100.00 -100.00 -100.00
 263    30.888 57266.34176816 42.11 296.905257  -4.058112   -100 -100.00 -100.00 -100.00
 263    30.917 57266.34176875 40.96 296.906154  -4.055612   -100 -100.00 -100.00 -100.00
 263    30.703 57266.34176934 38.23 296.907052  -4.053112 27.798 -100.00 -100.00 -100.00
 263    30.744 57266.34176993 38.89 296.907949  -4.050613 29.091 -100.00 -100.00 -100.00
 264    30.177 57276.25741282 44.08 296.906029  -4.056283 24.038 -100.00 -100.00 -100.00
 264    29.900 57276.25741341 50.32 296.906926  -4.053783   -100 -100.00 -100.00 -100.00
 264    29.681 57276.25741400 53.60 296.907822  -4.051283 19.661 -100.00 -100.00 -100.00
 265    28.288 57286.17306912 40.79 296.904243  -4.056375   -100 -100.00 -100.00 -100.00
 265    28.173 57286.17306971 35.63 296.905140  -4.053875 17.148 -100.00 -100.00 -100.00
 265    28.084 57286.17307030 38.59 296.906037  -4.051375 23.452 -100.00 -100.00 -100.00
 265    28.305 57286.17307089 37.34 296.906934  -4.048875 20.827 -100.00 -100.00 -100.00
 266    24.806 57296.08872301 33.29 296.903333  -4.054853 15.064 -100.00 -100.00 -100.00
 266    24.530 57296.08872360 32.76 296.904230  -4.052353 12.794 -100.00 -100.00 -100.00
 266    26.454 57296.08872419 31.45 296.905127  -4.049853 10.030 -100.00 -100.00 -100.00
 267    21.531 57306.00437278 40.20 296.901241  -4.055963   -100 -100.00 -100.00 -100.00
 267    21.399 57306.00437337 37.05 296.902138  -4.053463   -100 -100.00 -100.00 -100.00
 267    21.269 57306.00437396 35.75 296.903035  -4.050963   -100 -100.00 -100.00 -100.00
 267    20.954 57306.00437455 37.88 296.903932  -4.048463   -100 -100.00 -100.00 -100.00
 268    20.452 57315.92001984 33.99 296.899500  -4.053194 27.596 -100.00 -100.00 -100.00
 268    20.201 57315.92002043 28.71 296.900397  -4.050694 13.154 -100.00 -100.00 -100.00
 268    24.311 57315.92002102 25.50 296.901295  -4.048194  8.311 -100.00 -100.00 -100.00
 269    21.251 57325.83566301 40.75 296.896724  -4.054478 31.962 -100.00 -100.00 -100.00
 269    21.574 57325.83566360 43.22 296.897621  -4.051978   -100 -100.00 -100.00 -100.00
 269    21.761 57325.83566419 45.14 296.898518  -4.049478   -100 -100.00 -100.00 -100.00
 269    21.844 57325.83566478 47.34 296.899415  -4.046978   -100 -100.00 -100.00 -100.00
 270    22.407 57335.75130508 40.02 296.897342  -4.053688 26.037 -100.00 -100.00 -100.00
 270    22.573 57335.75130567 37.40 296.898239  -4.051188 19.525 -100.00 -100.00 -100.00
 270    22.292 57335.75130626 36.61 296.899137  -4.048688 21.265 -100.00 -100.00 -100.00
 270    22.148 57335.75130685 34.49 296.900034  -4.046188 16.287 -100.00 -100.00 -100.00
 271    22.206 57345.66695261 25.83 296.897924  -4.053021  7.315 -100.00 -100.00 -100.00
 271    21.899 57345.66695320 25.15 296.898821  -4.050521  4.771 -100.00 -100.00 -100.00
 271    21.889 57345.66695379 25.11 296.899718  -4.048021  4.842 -100.00 -100.00 -100.00
 272    22.847 57355.58260064 41.12 296.897851  -4.053345 27.928 -100.00 -100.00 -100.00
 272    22.580 57355.58260124 44.11 296.898749  -4.050845   -100 -100.00 -100.00 -100.00
 272    22.385 57355.58260183 43.45 296.899646  -4.048345   -100 -100.00 -100.00 -100.00
 272    22.653 57355.58260242 38.81 296.900543  -4.045844 25.708 -100.00 -100.00 -100.00
 273    23.357 57365.49824475 31.91 296.898111  -4.053980 19.410 -100.00 -100.00 -100.00
 273    23.130 57365.49824534 23.68 296.899008  -4.051480  5.632 -100.00 -100.00 -100.00
 273    23.162 57365.49824593 23.98 296.899905  -4.048980  6.400 -100.00 -100.00 -100.00
 273    26.086 57365.49824652 24.09 296.900802  -4.046480  6.374 -100.00 -100.00 -100.00
 274    23.842 57375.41388546 36.50 296.898888  -4.053635 18.989 -100.00 -100.00 -100.00
 274    23.318 57375.41388605 39.86 296.899785  -4.051135   -100 -100.00 -100.00 -100.00
 274    23.146 57375.41388664 40.11 296.900682  -4.048635   -100 -100.00 -100.00 -100.00
 274    23.309 57375.41388723 42.02 296.901579  -4.046135   -100 -100.00 -100.00 -100.00
 275    24.011 57385.32952402 38.15 296.900431  -4.053570 25.071 -100.00 -100.00 -100.00
 275    23.665 57385.32952461 39.68 296.901328  -4.051070   -100 -100.00 -100.00 -100.00
 275    23.547 57385.32952520 42.06 296.902225  -4.048570   -100 -100.00 -100.00 -100.00
 276    24.874 57395.24516161 21.96 296.902638  -4.055197  3.915 -100.00 -100.00 -100.00
 276    24.591 57395.24516220 22.29 296.903535  -4.052697  4.990 -100.00 -100.00 -100.00
 276    24.694 57395.24516279 21.99 296.904432  -4.050197  4.148 -100.00 -100.00 -100.00
 277    25.527 57405.16079815 23.49 296.905704  -4.057583  6.103 -100.00 -100.00 -100.00
 277    25.527 57405.16079874 23.02 296.906601  -4.055083  5.504 -100.00 -100.00 -100.00
 277    25.549 57405.16079933 23.53 296.907498  -4.052583  5.048 -100.00 -100.00 -100.00
 277    25.326 57405.16079992 23.25 296.908395  -4.050082  5.692 -100.00 -100.00 -100.00
 278    25.683 57415.07644648 40.58 296.905848  -4.056589 31.846 -100.00 -100.00 -100.00
 278    25.508 57415.07644707 41.49 296.906746  -4.054089   -100 -100.00 -100.00 -100.00
 278    25.797 57415.07644766 39.20 296.907643  -4.051589 25.734 -100.00 -100.00 -100.00
 279    24.756 57424.99209777 45.02 296.903454  -4.055557   -100 -100.00 -100.00 -100.00
 279    24.804 57424.99209837 42.47 296.904351  -4.053057   -100 -100.00 -100.00 -100.00
 279    24.809 57424.99209896 40.34 296.905248  -4.050557 24.777 -100.00 -100.00 -100.00
 280    23.986 57434.90774632 28.46 296.900169  -4.054429 19.266 -100.00 -100.00 -100.00
 280    23.863 57434.90774691 25.20 296.901067  -4.051928 12.585 -100.00 -100.00 -100.00
 280    24.036 57434.90774750 24.48 296.901964  -4.049428 10.271 -100.00 -100.00 -100.00
 280    24.058 57434.90774809 28.06 296.902861  -4.046927 18.839 -100.00 -100.00 -100.00
 281    25.068 57444.82339310 32.69 296.897714  -4.054473   -100 -100.00 -100.00 -100.00
 281    24.882 57444.82339369 26.90 296.898611  -4.051972 21.580 -100.00 -100.00 -100.00
 281    24.694 57444.82339428 23.53 296.899508  -4.049472 12.717 -100.00 -100.00 -100.00
 281    27.214 57444.82339487 19.32 296.900406  -4.046971  6.919 -100.00 -100.00 -100.00
 282    26.846 57454.73903930 32.62 296.897254  -4.055042 24.566 -100.00 -100.00 -100.00
 282    26.470 57454.73903989 28.17 296.898151  -4.052541 19.013 -100.00 -100.00 -100.00
 282    27.123 57454.73904048 21.69 296.899048  -4.050040  6.849 -100.00 -100.00 -100.00
 282    26.866 57454.73904107 20.78 296.899945  -4.047540  4.526 -100.00 -100.00 -100.00
 283    27.329 57464.65468410 27.06 296.899413  -4.053993  7.891 -100.00 -100.00 -100.00
 283    27.057 57464.65468469 25.80 296.900310  -4.051492  6.919 -100.00 -100.00 -100.00
 283    27.171 57464.65468528 26.01 296.901207  -4.048992  6.818 -100.00 -100.00 -100.00
 283    27.308 57464.65468587 25.63 296.902104  -4.046491  6.193 -100.00 -100.00 -100.00
 284    27.946 57474.57032482 23.70 296.902637  -4.054568  5.280 -100.00 -100.00 -100.00
 284    27.871 57474.57032541 25.33 296.903535  -4.052068  6.120 -100.00 -100.00 -100.00
 284    26.884 57474.57032600 27.67 296.904432  -4.049567 10.716 -100.00 -100.00 -100.00
 286    29.284 57494.40159462 36.48 296.905008  -4.058465 30.575 -100.00 -100.00 -100.00
 286    29.407 57494.40159521 29.27 296.905905  -4.055965  9.479 -100.00 -100.00 -100.00
 286    29.228 57494.40159580 28.32 296.906802  -4.053464  8.306 -100.00 -100.00 -100.00
 286    28.870 57494.40159639 30.62 296.907700  -4.050964 11.969 -100.00 -100.00 -100.00
 287    30.789 57504.31722628 44.37 296.907355  -4.058737 20.680 -100.00 -100.00 -100.00
 287    30.131 57504.31722687 48.68 296.908252  -4.056236   -100 -100.00 -100.00 -100.00
 287    29.986 57504.31722747 53.55 296.909149  -4.053736  5.924 -100.00 -100.00 -100.00
 287    29.923 57504.31722806 54.31 296.910047  -4.051235 27.296 -100.00 -100.00 -100.00
 288    30.310 57514.23288084 32.79 296.904147  -4.057073 22.328 -100.00 -100.00 -100.00
 288    30.338 57514.23288143 27.93 296.905044  -4.054573  9.163 -100.00 -100.00 -100.00
 288    29.754 57514.23288202 29.88 296.905941  -4.052072 12.612 -100.00 -100.00 -100.00
 288    29.780 57514.23288261 31.97 296.906839  -4.049572 16.284 -100.00 -100.00 -100.00
 289    30.963 57524.14853492 40.01 296.902906  -4.055211 30.270 -100.00 -100.00 -100.00
 289    30.726 57524.14853551 37.50 296.903803  -4.052711 25.074 -100.00 -100.00 -100.00
 289    30.794 57524.14853610 39.44 296.904701  -4.050210 31.658 -100.00 -100.00 -100.00
 290    31.047 57534.06418620 43.83 296.901600  -4.055999 30.948 -100.00 -100.00 -100.00
 290    31.015 57534.06418679 39.69 296.902497  -4.053499 17.267 -100.00 -100.00 -100.00
 290    31.184 57534.06418738 41.78 296.903394  -4.050998 23.370 -100.00 -100.00 -100.00
 290    31.288 57534.06418797 38.85 296.904292  -4.048498 13.872 -100.00 -100.00 -100.00
 291    31.361 57543.97983480 42.08 296.900404  -4.055500 24.915 -100.00 -100.00 -100.00
 291    31.188 57543.97983539 43.58 296.901301  -4.053000   -100 -100.00 -100.00 -100.00
 291    31.345 57543.97983598 43.06 296.902199  -4.050500 31.337 -100.00 -100.00 -100.00
 291    31.141 57543.97983657 45.22 296.903096  -4.048000   -100 -100.00 -100.00 -100.00
 292    31.106 57553.89548140 35.92 296.899578  -4.054157 15.282 -100.00 -100.00 -100.00
 292    31.234 57553.89548199 32.63 296.900475  -4.051657  6.653 -100.00 -100.00 -100.00
 292    31.128 57553.89548258 32.97 296.901372  -4.049157  7.567 -100.00 -100.00 -100.00
 292    31.113 57553.89548317 34.85 296.902269  -4.046656 11.414 -100.00 -100.00 -100.00
 293    31.254 57563.81112616 43.50 296.898604  -4.055549   -100 -100.00 -100.00 -100.00
 293    31.101 57563.81112675 33.62 296.899502  -4.053048 10.792 -100.00 -100.00 -100.00
 293    31.127 57563.81112734 32.56 296.900399  -4.050548  8.321 -100.00 -100.00 -100.00
 293    31.364 57563.81112793 33.33 296.901296  -4.048048  9.378 -100.00 -100.00 -100.00
 294    31.050 57573.72677137 32.78 296.899667  -4.053674 12.722 -100.00 -100.00 -100.00
 294    30.731 57573.72677196 32.82 296.900565  -4.051173 13.061 -100.00 -100.00 -100.00
 294    30.480 57573.72677255 34.50 296.901462  -4.048673 16.957 -100.00 -100.00 -100.00
 295    30.601 57583.64241536 35.12 296.899800  -4.055750 16.483 -100.00 -100.00 -100.00
 295    30.753 57583.64241595 32.11 296.900698  -4.053250  8.279 -100.00 -100.00 -100.00
 295    30.671 57583.64241654 32.24 296.901595  -4.050750  8.824 -100.00 -100.00 -100.00
 295    30.674 57583.64241713 32.59 296.902492  -4.048249 10.432 -100.00 -100.00 -100.00
 296    30.391 57593.55805779 34.31 296.900771  -4.056122 13.729 -100.00 -100.00 -100.00
 296    30.158 57593.55805838 36.00 296.901668  -4.053622 21.169 -100.00 -100.00 -100.00
 296    30.287 57593.55805897 33.37 296.902565  -4.051122 11.737 -100.00 -100.00 -100.00
 296    30.146 57593.55805956 34.42 296.903463  -4.048622 16.209 -100.00 -100.00 -100.00
 297    29.483 57603.47369807 31.92 296.901832  -4.055172  8.526 -100.00 -100.00 -100.00
 297    29.618 57603.47369866 32.13 296.902730  -4.052672  8.690 -100.00 -100.00 -100.00
 297    29.576 57603.47369925 32.15 296.903627  -4.050172  8.610 -100.00 -100.00 -100.00
 297    29.556 57603.47369984 32.99 296.904524  -4.047672 11.132 -100.00 -100.00 -100.00
