#   20.074  -1.849   6.179 ;Mean Elev.(m), Avg Gradient(m/km), RMS Gradient(m/km) - SRTM1     
#   20.043  -1.656   6.909 ;Mean Elev.(m), Avg Gradient(m/km), RMS Gradient(m/km) - ASTER GDEM
#   21.812  -1.914   6.424 ;Mean Elev.(m), Avg Gradient(m/km), RMS Gradient(m/km) - GMTED2010 
   1 296.904577  -4.051954    29.693    29.713  4 54668.44329308 37.673
   2 296.903473  -4.052023    29.333    29.289  3 54678.35893688 50.709
   3 296.904183  -4.053377    -6.751    -5.780  4 54688.27457926 25.002
   4 296.907064  -4.054307    27.340    27.308  4 54698.19021993 48.431
   6 296.906527  -4.053097    23.721    23.733  4 54718.02151378 45.582
   7 296.903009  -4.052484    14.283    14.392  4 54727.93716275 24.500
   8 296.899898  -4.051114    23.225    23.230  3 54737.85281071 25.298
   9 296.897753  -4.051052    22.940    22.788  4 54747.76845845 29.089
  10 296.897405  -4.049958    21.982    21.965  3 54757.68410623 42.915
  11 296.898106  -4.050467    22.226    22.258  4 54767.59975171 40.829
  12 296.899605  -4.050358    24.530    22.712  4 54777.51539401 26.036
  13 296.900598  -4.050229    23.411    23.425  4 54787.43103368 40.535
  14 296.900793  -4.051830    24.343    24.437  4 54797.34667155 48.580
  15 296.902786  -4.052739    24.818    24.796  4 54807.26230933 49.174
  16 296.906264  -4.053011    25.541    25.538  4 54817.17794676 45.201
  17 296.905461  -4.053369    26.065    26.066  4 54827.09359576 50.066
  18 296.902371  -4.052512    25.746    25.761  4 54837.00923479 27.774
  19 296.898660  -4.051235    25.892    25.795  4 54846.92488435 31.005
  20 296.896571  -4.049595    27.147    27.131  4 54856.84053379 34.214
  21 296.895915  -4.049110    28.124    28.144  4 54866.75618323 30.944
  22 296.896299  -4.048628    29.119    28.781  4 54876.67183219 28.117
  23 296.896927  -4.049562    29.029    29.107  3 54886.58747780 29.243
  24 296.896151  -4.050101    29.597    29.641  4 54896.50311974 31.247
  25 296.895331  -4.048836    30.288    30.258  4 54906.41875908 39.110
  26 296.895277  -4.049676    30.507    30.537  4 54916.33439653 36.147
  27 296.897551  -4.049015    31.085    31.127  4 54926.25003419 44.033
  28 296.900510  -4.050914    31.399    31.372  4 54936.16567074 46.910
  29 296.904179  -4.053002    31.717    31.664  3 54946.08130544 43.726
  30 296.908312  -4.053706    31.933    31.953  4 54955.99693794 41.747
  31 296.906232  -4.052582    31.883    31.884  4 54965.91258601 37.173
  32 296.903324  -4.053134    32.110    32.109  4 54975.82823350 38.487
  33 296.902461  -4.051451    32.209    32.215  4 54985.74388164 36.930
  34 296.902492  -4.051701    32.446    32.456  3 54995.65952950 36.325
  35 296.902324  -4.052011    32.528    32.544  3 55005.57517575 36.959
  36 296.901464  -4.051586    32.349    32.259  4 55015.49081966 36.343
  37 296.900416  -4.050814    32.595    32.633  4 55025.40646205 51.170
  38 296.899731  -4.051293    32.390    32.325  4 55035.32210351 52.497
  39 296.901456  -4.051771    31.920    31.896  4 55045.23774439 52.077
  40 296.904977  -4.053261    31.317    31.280  4 55055.15338346 49.077
  41 296.907609  -4.054990    30.384    30.432  4 55065.06902024 34.399
  42 296.905618  -4.053157    29.103    29.147  3 55074.98466794 30.103
  43 296.901485  -4.052132    28.566    28.589  4 55084.90031577 29.616
  44 296.899092  -4.049775    27.659    27.336  4 55094.81596277 27.103
  45 296.898301  -4.049572    23.616    23.615  4 55104.73160942 42.234
  46 296.898187  -4.051135    22.230    22.137  4 55114.64725557 40.968
  47 296.899148  -4.051376    27.432    28.470  4 55124.56289964 22.800
  48 296.899823  -4.051807    22.318    22.315  4 55134.47854076 39.930
  49 296.900328  -4.051515    21.885    21.908  4 55144.39417962 41.500
  50 296.901026  -4.051153    23.235    21.320  4 55154.30981758 27.990
  51 296.902279  -4.052272    20.301    20.356  4 55164.22545555 47.298
  52 296.905128  -4.052533    21.911    21.879  4 55174.14109360 46.115
  53 296.907366  -4.054261    23.904    23.905  4 55184.05673223 41.701
  54 296.904787  -4.052414    27.166    26.139  4 55193.97238367 25.162
  55 296.901147  -4.050409    26.953    26.007  4 55203.88803396 30.129
  56 296.898112  -4.050484    28.798    28.523  4 55213.80368342 28.452
  57 296.897188  -4.050009    27.392    26.537  4 55223.71933274 25.372
  58 296.897291  -4.049803    27.224    26.221  4 55233.63498051 26.215
  59 296.898465  -4.049118    28.625    28.627  4 55243.55062509 29.252
  60 296.897213  -4.050712    29.322    29.366  4 55253.46626559 28.511
  61 296.896199  -4.049571    27.235    27.250  3 55263.38190426 32.599
  62 296.896614  -4.049590    27.436    27.451  3 55273.29754160 44.006
  63 296.899424  -4.049881    28.383    27.735  4 55283.21317868 33.860
  64 296.902972  -4.052091    28.326    28.315  4 55293.12881412 45.149
  65 296.905637  -4.054169    28.971    28.981  4 55303.04444972 39.620
  66 296.904196  -4.052609    29.615    29.639  4 55312.96009718 33.692
  67 296.902723  -4.051341    30.041    30.059  4 55322.87574262 33.143
  68 296.901355  -4.051662    30.389    30.355  3 55332.79138671 40.024
  69 296.901064  -4.051349    30.572    30.496  4 55342.70703097 33.876
  70 296.901548  -4.051692    30.677    30.687  4 55352.62267486 32.833
  71 296.902465  -4.052068    30.778    30.761  3 55362.53831649 42.117
  72 296.902995  -4.052387    30.468    30.432  3 55372.45395593 31.588
  73 296.903895  -4.052417    30.258    30.223  3 55382.36959388 36.043
  74 296.905410  -4.052307    29.387    29.293  4 55392.28523104 31.198
  75 296.908159  -4.053596    28.910    28.925  4 55402.20086653 51.281
  76 296.906935  -4.053891    27.840    27.800  3 55412.11651675 37.736
  77 296.905147  -4.053219    26.243    26.248  4 55422.03216583 47.407
  78 296.903013  -4.052142    24.710    24.568  3 55431.94781243 28.211
  79 296.900685  -4.050355    28.008    27.534  4 55441.86345741 22.582
  80 296.899243  -4.050440    20.048    20.080  3 55451.77910083 29.717
  81 296.900080  -4.050545    19.053    18.934  4 55461.69474379 37.852
  82 296.901528  -4.052521    19.399    19.350  4 55471.61038493 33.850
  83 296.903530  -4.052688    17.774    17.741  3 55481.52602352 42.326
  84 296.904813  -4.053017    17.070    16.868  3 55491.44165951 43.526
  85 296.906473  -4.053305    18.105    17.996  4 55501.35729339 40.507
  86 296.905533  -4.053515    17.713    17.644  4 55511.27293685 37.658
  87 296.904177  -4.052006    19.448    19.308  4 55521.18858651 49.184
  88 296.902880  -4.052096    21.031    20.985  4 55531.10423469 44.890
  89 296.902022  -4.051437    21.366    21.408  3 55541.01988163 39.240
  90 296.900937  -4.051429    26.032    24.737  4 55550.93552649 19.535
  91 296.899760  -4.050858    21.657    21.649  3 55560.85117015 29.197
  92 296.899679  -4.051328    22.344    22.346  4 55570.76681304 32.355
  93 296.901262  -4.050439    24.537    22.600  4 55580.68245531 36.109
  94 296.902967  -4.051127    30.148    29.855  4 55590.59809427 20.719
  95 296.904819  -4.052661    23.746    23.675  4 55600.51372972 34.402
  96 296.906042  -4.054432    25.111    25.127  4 55610.42936254 47.201
  97 296.908034  -4.054491    25.619    25.634  3 55620.34499421 32.413
  98 296.905068  -4.053823    26.531    26.520  4 55630.26064518 46.910
  99 296.904288  -4.052526    24.745    24.400  3 55640.17629576 28.860
 100 296.903958  -4.052579    27.107    27.085  4 55650.09194362 49.118
 101 296.903085  -4.052564    27.837    27.868  4 55660.00758812 50.314
 102 296.902447  -4.050840    28.640    28.651  4 55669.92322966 40.097
 103 296.901772  -4.052408    29.060    29.118  4 55679.83886880 32.901
 104 296.904010  -4.052072    29.960    29.956  4 55689.75450684 32.100
 105 296.906652  -4.053342    30.074    30.056  4 55699.67014300 33.913
 106 296.908119  -4.054791    30.645    30.646  4 55709.58578151 37.527
 107 296.905493  -4.053936    31.079    31.089  4 55719.50143177 36.286
 108 296.903202  -4.052392    31.436    31.426  4 55729.41707969 48.438
 109 296.902028  -4.052042    31.489    31.489  4 55739.33272587 38.206
 110 296.901761  -4.052303    31.203    31.213  4 55749.24837068 38.032
 111 296.902815  -4.052032    31.165    31.116  3 55759.16401337 33.935
 112 296.904148  -4.052105    30.730    30.723  4 55769.07965327 34.079
 113 296.904813  -4.053497    29.997    30.073  4 55778.99528981 34.452
 114 296.905942  -4.054233    29.064    29.061  4 55788.91092424 40.427
 115 296.907816  -4.055069    27.880    27.859  4 55798.82655780 34.137
 116 296.907522  -4.053227    26.433    26.575  4 55808.74220426 30.882
 117 296.906904  -4.052804    21.382    21.387  4 55818.65785373 41.907
 118 296.906907  -4.053977    19.717    19.762  3 55828.57349874 39.130
 119 296.907023  -4.054108    20.179    20.140  4 55838.48913945 45.822
 120 296.906696  -4.053905    21.632    21.631  4 55848.40477692 38.142
 121 296.907627  -4.054246    22.397    22.304  3 55858.32041201 45.494
 122 296.906642  -4.053841    21.325    21.286  4 55868.23605880 35.514
 123 296.905532  -4.053777    20.800    20.841  4 55878.15171025 51.112
 124 296.905795  -4.053048    21.191    21.037  4 55888.06735547 48.504
 125 296.906308  -4.052720    22.596    22.629  4 55897.98299513 26.953
 126 296.907263  -4.054509    23.235    23.242  4 55907.89862960 25.260
 127 296.905155  -4.053003    24.428    24.476  3 55917.81427785 44.577
 128 296.902641  -4.052031    25.242    25.226  4 55927.72993163 27.868
 129 296.902035  -4.051048    29.430    29.329  4 55937.64558212 21.529
 130 296.901109  -4.051524    27.789    27.809  3 55947.56122724 30.675
 131 296.900628  -4.051235    28.588    28.516  4 55957.47686779 29.394
 132 296.900627  -4.051476    28.789    28.756  4 55967.39250548 28.910
 133 296.902350  -4.051026    29.259    29.253  4 55977.30814224 33.144
 134 296.905271  -4.052681    29.968    29.969  3 55987.22377789 35.369
 135 296.908386  -4.053481    29.880    29.906  4 55997.13941609 31.593
 136 296.906589  -4.053092    30.676    30.700  4 56007.05506701 47.234
 137 296.904444  -4.051731    30.735    30.724  4 56016.97071410 33.525
 138 296.901647  -4.051077    31.209    31.152  4 56026.88635829 34.364
 139 296.899944  -4.051899    31.722    31.731  4 56036.80200088 39.149
 140 296.901761  -4.052011    32.130    32.074  4 56046.71764198 36.143
 141 296.904751  -4.052714    32.288    32.236  3 56056.63328017 36.671
 142 296.908593  -4.053897    32.493    32.456  4 56066.54891402 35.442
 143 296.906350  -4.053478    32.637    32.701  3 56076.46456145 36.807
 144 296.903093  -4.051997    32.550    32.490  3 56086.38021013 36.943
 145 296.901788  -4.051428    32.777    32.775  4 56096.29585619 40.395
 146 296.902674  -4.051376    32.587    32.636  4 56106.21150019 50.143
 147 296.903949  -4.053009    32.264    32.263  4 56116.12712946 51.658
 148 296.905849  -4.053930    31.708    31.702  4 56126.04276687 45.119
 149 296.907425  -4.054546    30.837    30.809  4 56135.95840059 34.630
 150 296.906327  -4.053323    29.809    29.819  3 56145.87404367 32.667
 151 296.903837  -4.052992    28.682    28.726  4 56155.78969352 33.149
 152 296.903051  -4.052597    28.426    28.063  4 56165.70534266 28.060
 153 296.903543  -4.052216    24.035    24.035  4 56175.62098965 36.779
 154 296.904603  -4.052526    29.896    29.968  3 56185.53663144 20.367
 155 296.905138  -4.052328    21.960    21.930  4 56195.45226932 46.375
 156 296.905434  -4.052640    20.750    20.672  4 56205.36790390 39.010
 157 296.906905  -4.054037    21.089    21.080  4 56215.28353665 40.283
 158 296.909442  -4.054138    21.448    21.366  4 56225.19917471 49.447
 159 296.907580  -4.054653    21.957    21.799  4 56235.11482977 49.732
 160 296.906183  -4.053506    21.405    21.277  4 56245.03048145 46.259
 161 296.904464  -4.052003    20.329    20.327  4 56254.94612837 39.338
 162 296.902793  -4.052196    21.451    21.356  4 56264.86177114 45.730
 163 296.902256  -4.052410    22.333    22.338  4 56274.77741247 44.436
 164 296.902341  -4.052187    22.519    22.527  4 56284.69305820 33.606
 165 296.901546  -4.051742    29.585    29.589  3 56294.60870975 20.193
 166 296.900657  -4.050814    25.681    25.699  3 56304.52435702 33.371
 167 296.899515  -4.050197    27.793    27.031  4 56314.44000014 27.309
 168 296.898711  -4.051090    27.641    27.652  4 56324.35564063 39.581
 169 296.899969  -4.051663    27.972    27.888  4 56334.27128041 29.326
 170 296.902939  -4.051769    28.652    28.683  4 56344.18691965 49.759
 171 296.906067  -4.053152    29.122    29.124  4 56354.10255635 48.725
 172 296.905479  -4.054252    29.556    29.567  4 56364.01819965 48.488
 173 296.903096  -4.051441    30.008    30.008  4 56373.93384890 30.105
 175 296.899088  -4.050530    30.943    31.012  4 56393.76513927 35.643
 176 296.900141  -4.051827    31.167    31.162  4 56403.68078154 35.525
 177 296.902962  -4.052098    31.699    31.681  4 56413.59642121 36.266
 178 296.906247  -4.054552    31.979    31.989  4 56423.51205534 35.656
 179 296.905764  -4.054021    32.183    32.144  4 56433.42769927 35.785
 180 296.902259  -4.050795    32.729    32.722  4 56443.34335145 50.480
 181 296.899452  -4.051159    32.659    32.615  4 56453.25900029 51.060
 182 296.899617  -4.050007    32.517    32.504  4 56463.17464706 50.813
 183 296.900294  -4.051179    32.114    32.045  3 56473.09029007 45.864
 184 296.901776  -4.051801    31.932    31.949  4 56483.00593000 41.819
 185 296.902760  -4.052750    31.318    31.353  4 56492.92156661 37.433
 186 296.904997  -4.052600    30.693    30.705  4 56502.83720147 31.700
 187 296.908504  -4.054327    30.436    30.388  4 56512.75283466 34.655
 188 296.907776  -4.055569    29.631    29.530  4 56522.66848290 33.832
 189 296.906312  -4.053282    29.338    29.545  3 56532.58413594 27.789
 191 296.902237  -4.052110    27.209    27.224  3 56552.41542949 37.586
 192 296.901448  -4.051057    25.741    25.706  4 56562.33107214 51.890
 193 296.901879  -4.051355    27.315    27.649  3 56572.24671332 23.424
 194 296.903796  -4.053002    23.037    23.050  4 56582.16235254 37.880
 195 296.908030  -4.054275    25.635    25.804  4 56592.07798775 26.533
 196 296.906735  -4.052864    23.885    23.861  4 56601.99363807 47.620
 197 296.903680  -4.052273    26.958    27.365  3 56611.90928777 23.138
 198 296.902003  -4.052032    24.534    24.540  4 56621.82493331 27.524
 199 296.901767  -4.051800    27.304    26.924  4 56631.74057614 21.670
 200 296.903672  -4.052914    25.722    25.707  4 56641.65621478 33.846
 201 296.903430  -4.051514    28.629    28.501  4 56651.57186430 19.927
 202 296.900872  -4.051968    26.357    26.374  4 56661.48751446 22.894
 203 296.899295  -4.050762    26.691    26.675  4 56671.40316161 29.886
 204 296.899074  -4.049449    27.838    27.080  4 56681.31880672 27.663
 205 296.900142  -4.050430    27.859    27.799  4 56691.23444939 50.856
 206 296.902867  -4.051789    28.152    28.211  3 56701.15008845 51.148
 207 296.906101  -4.052692    27.648    27.640  4 56711.06572286 27.143
 208 296.904459  -4.053100    28.474    28.477  3 56720.98136633 38.770
 209 296.900555  -4.051249    28.970    29.007  4 56730.89701826 32.454
 210 296.898884  -4.049285    29.379    29.424  4 56740.81266681 33.766
 211 296.898823  -4.050740    29.831    29.954  4 56750.72831065 32.042
 212 296.901710  -4.051825    30.033    29.998  4 56760.64394975 30.822
 213 296.905967  -4.053380    30.511    30.607  3 56770.55958221 31.023
 214 296.902991  -4.051928    30.896    30.822  4 56780.47523509 32.045
 215 296.899053  -4.050257    31.364    31.298  3 56790.39088978 33.747
 216 296.895739  -4.049578    31.714    31.714  4 56800.30654094 37.477
 217 296.895843  -4.049202    32.149    32.195  4 56810.22218553 38.483
 218 296.897681  -4.050386    32.445    32.393  4 56820.13782502 43.654
 219 296.900971  -4.050740    32.389    32.388  4 56830.05346094 36.716
 220 296.904359  -4.052016    32.487    32.490  4 56839.96909364 46.955
 221 296.906473  -4.053834    32.099    32.071  3 56849.88472756 34.483
 222 296.903664  -4.051358    31.965    31.943  4 56859.80038247 34.474
 223 296.901708  -4.051315    31.602    31.603  4 56869.71603623 38.114
 224 296.900521  -4.051745    30.988    30.988  4 56879.63168747 34.567
 225 296.899465  -4.050936    30.436    30.406  3 56889.54733540 38.944
 226 296.897796  -4.049851    29.556    29.535  3 56899.46298036 30.573
 227 296.896206  -4.049344    28.732    28.711  4 56909.37862275 42.475
 228 296.897062  -4.049305    27.715    27.689  4 56919.29426333 38.931
 229 296.900012  -4.051118    26.126    26.046  3 56929.20990161 43.988
 230 296.904459  -4.053117    27.605    27.615  4 56939.12553556 24.285
 231 296.907894  -4.054019    23.986    23.980  4 56949.04117100 35.801
 232 296.904540  -4.052213    24.459    24.461  4 56958.95682386 42.054
 233 296.901481  -4.051727    24.538    24.582  3 56968.87247156 27.287
 234 296.900996  -4.051599    24.753    24.744  3 56978.78811575 28.743
 235 296.902782  -4.052323    25.799    25.663  4 56988.70375560 26.838
 236 296.906809  -4.053976    26.093    25.713  4 56998.61938923 30.454
 237 296.905385  -4.052810    29.086    29.285  3 57008.53504022 21.140
 238 296.902068  -4.051906    26.509    26.559  3 57018.45069339 22.311
 239 296.900079  -4.050012    26.852    26.840  4 57028.36634337 25.083
 240 296.898715  -4.051374    27.846    27.753  4 57038.28199079 51.217
 241 296.900309  -4.050088    28.053    28.059  4 57048.19763647 27.693
 242 296.902452  -4.051479    28.923    28.928  4 57058.11327785 47.713
 243 296.904461  -4.052968    28.816    28.761  3 57068.02891366 30.335
 244 296.906367  -4.052746    29.448    29.452  4 57077.94454576 31.690
 245 296.907310  -4.054277    29.817    29.840  4 57087.86017923 33.996
 246 296.902954  -4.052540    30.065    30.124  4 57097.77583814 35.096
 247 296.901084  -4.051040    30.430    30.479  4 57107.69149429 35.920
 248 296.901117  -4.051388    30.810    30.905  3 57117.60714513 31.750
 249 296.901491  -4.050724    31.191    31.098  4 57127.52278985 33.249
 250 296.901179  -4.051641    31.716    31.667  3 57137.43842845 36.395
 251 296.902803  -4.051436    32.136    32.122  4 57147.35406324 47.605
 252 296.905893  -4.053383    32.616    32.542  4 57157.26969508 51.823
 253 296.906663  -4.053896    32.596    32.557  3 57167.18533974 34.805
 254 296.904417  -4.052869    33.075    33.083  4 57177.10099554 50.152
 255 296.902697  -4.051264    33.034    32.976  4 57187.01664757 38.700
 256 296.900869  -4.051227    33.137    33.122  4 57196.93229535 37.588
 257 296.899787  -4.050792    33.171    33.191  4 57206.84792993 40.441
 258 296.899681  -4.051383    32.907    32.857  4 57216.76357493 38.722
 259 296.901301  -4.051627    32.635    32.685  3 57226.67921908 39.210
 260 296.903071  -4.052791    32.400    32.441  4 57236.59486094 36.733
 261 296.904852  -4.052650    31.879    31.880  4 57246.51049952 34.630
 262 296.905871  -4.052694    31.472    31.424  4 57256.42613515 46.133
 263 296.906603  -4.054362    30.813    30.816  4 57266.34176905 40.327
 264 296.906926  -4.053783    29.919    29.900  3 57276.25741341 50.820
 265 296.905589  -4.052625    28.212    28.231  4 57286.17307001 38.497
 266 296.904230  -4.052353    25.263    24.806  3 57296.08872360 32.567
 267 296.902586  -4.052213    21.288    21.334  4 57306.00437367 38.034
 268 296.900397  -4.050694    21.655    20.452  3 57315.92002043 30.797
 269 296.898070  -4.050728    21.607    21.667  4 57325.83566389 44.762
 270 296.898688  -4.049938    22.355    22.349  4 57335.75130596 37.584
 271 296.898821  -4.050521    21.998    21.899  3 57345.66695320 25.376
 272 296.899197  -4.049595    22.616    22.616  4 57355.58260153 42.332
 273 296.899456  -4.050230    23.934    23.260  4 57365.49824563 27.582
 274 296.900234  -4.049885    23.404    23.313  4 57375.41388635 40.035
 275 296.901328  -4.051070    23.741    23.665  3 57385.32952461 40.265
 276 296.903535  -4.052697    24.720    24.694  3 57395.24516220 22.083
 277 296.907049  -4.053833    25.482    25.527  4 57405.16079904 23.327
 278 296.906746  -4.054089    25.663    25.683  3 57415.07644707 40.523
 279 296.904351  -4.053057    24.790    24.804  3 57424.99209837 43.028
 280 296.901515  -4.050678    23.986    24.011  4 57434.90774721 26.886
 281 296.899060  -4.050722    25.465    24.975  4 57444.82339398 28.226
 282 296.898599  -4.051291    26.826    26.856  4 57454.73904019 28.375
 283 296.900758  -4.050242    27.217    27.240  4 57464.65468498 26.162
 284 296.903535  -4.052068    27.567    27.871  3 57474.57032541 25.875
 286 296.906354  -4.054714    29.197    29.256  4 57494.40159551 32.507
 287 296.908701  -4.054986    30.207    30.058  4 57504.31722717 51.742
 288 296.905493  -4.053323    30.045    30.045  4 57514.23288173 31.028
 289 296.903803  -4.052711    30.828    30.794  3 57524.14853551 39.109
 290 296.902946  -4.052248    31.133    31.115  4 57534.06418709 41.477
 291 296.901750  -4.051750    31.259    31.266  4 57543.97983568 43.638
 292 296.900923  -4.050407    31.145    31.121  4 57553.89548228 34.304
 293 296.899950  -4.051798    31.211    31.191  4 57563.81112705 38.550
 294 296.900565  -4.051173    30.754    30.731  3 57573.72677196 33.443
 295 296.901146  -4.052000    30.675    30.672  4 57583.64241624 33.205
 296 296.902117  -4.052372    30.245    30.222  4 57593.55805867 34.631
 297 296.903178  -4.051422    29.558    29.566  4 57603.47369896 32.317
