-275431.787    22.711     0.00    6.62
-275142.487    21.891    -2.83    6.02
-274853.188    20.649    -4.29    5.98
-274563.890    18.733    -6.62    7.25
-274274.594    17.450    -4.44    7.05
-273985.298    15.772    -5.80    7.19
-273696.003    14.483    -4.46    7.78
-273406.709    13.356    -3.90    7.66
-273117.416    12.814    -1.87    7.92
-272828.125    12.918     0.36    8.42
-272538.834    13.754     2.89    8.66
-272249.544    15.276     5.26    8.95
-271960.255    17.310     7.03    8.50
-271670.968    22.051    16.39    6.21
-271381.681    23.902     6.40    4.66
-271092.395    25.103     4.15    4.17
-270803.110    26.169     3.69    3.53
-270513.827    27.554     4.78    2.82
-270224.544    27.467    -0.30    4.22
-269935.262    26.689    -2.69    5.67
-269645.982    26.610    -0.27    5.65
-269356.702    26.617     0.02    6.09
-269067.423    26.246    -1.28    5.95
-268778.146    26.276     0.10    5.79
-268488.869    26.373     0.34    5.36
-268199.593    26.576     0.70    4.64
-267910.319    27.210     2.19    3.91
-267621.045    27.232     0.08    3.93
-267331.772    26.883    -1.21    3.28
-267042.500    27.125     0.84    3.18
-266753.230    27.129     0.01    2.81
-266463.960    26.717    -1.43    2.69
-266174.691    26.542    -0.60    2.68
-265885.423    25.914    -2.17    3.06
-265596.157    26.071     0.54    3.19
-265306.891    26.033    -0.13    3.14
-265017.626    25.661    -1.29    3.25
-264728.362    25.951     1.00    3.47
-264439.099    26.317     1.26    3.33
-264149.838    26.750     1.50    3.27
-263860.577    26.983     0.81    2.89
-263571.317    27.845     2.98    2.88
-263282.058    28.459     2.12    2.58
-262992.800    28.881     1.46    2.33
-262703.543    28.552    -1.14    2.47
-262414.287    28.414    -0.48    2.43
-262125.032    27.724    -2.38    3.81
-261835.778    26.492    -4.26    4.91
-261546.525    25.424    -3.69    5.96
-261257.272    25.083    -1.18    6.48
-260968.021    24.121    -3.33    6.96
-260678.771    23.579    -1.87    6.74
-260389.522    23.459    -0.41    6.49
-260100.273    25.117     5.73    5.44
-259811.026    25.672     1.92    4.66
-259521.780    25.035    -2.20    5.23
-259232.534    23.655    -4.77    6.76
-258943.290    22.068    -5.49    7.40
-258654.046    19.224    -9.83    8.64
-258364.804    15.869   -11.60    9.14
-258075.562    12.034   -13.26    9.11
-257786.322     9.517    -8.70    7.82
-257497.082     8.474    -3.61    7.05
-257207.843     9.475     3.46    7.53
-256918.605    10.213     2.55    7.74
-256629.368    13.655    11.90    8.30
-256340.133    17.983    14.96    8.05
-256050.898    20.982    10.37    7.17
-255761.664    22.603     5.61    6.10
-255472.430    23.915     4.54    5.50
-255183.198    25.271     4.69    4.74
-254893.967    26.048     2.69    4.49
-254604.737    27.071     3.54    3.69
-254315.507    27.407     1.16    3.41
-254026.279    27.879     1.63    3.16
-253737.052    28.066     0.64    2.93
-253447.825    27.117    -3.28    4.68
-253158.599    26.017    -3.80    6.02
-252869.375    23.627    -8.26    7.14
-252580.151    22.018    -5.56    7.14
-252290.928    22.066     0.16    7.17
-252001.706    20.967    -3.80    6.91
-251712.485    20.271    -2.40    6.91
-251423.265    19.638    -2.19    6.44
-251134.046    19.250    -1.34    6.24
-250844.654    19.133    -0.40    6.37
-250555.239    19.207     0.25    6.26
-250265.826    19.633     1.47    6.42
-249976.413    20.283     2.25    6.48
-249687.001    20.526     0.84    6.64
-249397.590    20.915     1.34    6.62
-249108.180    22.121     4.17    6.63
-248818.771    23.100     3.38    6.08
-248529.362    22.655    -1.54    6.00
-248239.955    22.733     0.27    5.53
-247950.548    21.966    -2.65    5.55
-247661.143    21.667    -1.03    5.38
-247371.738    21.783     0.40    4.74
-247082.334    21.750    -0.12    5.02
-246792.932    22.918     4.04    5.67
-246503.530    24.017     3.80    5.76
-246214.129    24.810     2.74    5.11
-245924.728    25.883     3.71    3.48
-245635.329    25.672    -0.73    3.53
-245345.931    25.311    -1.25    3.74
-245056.533    24.517    -2.74    4.06
-244767.137    22.948    -5.42    3.95
-244477.741    21.414    -5.30    5.02
-244188.346    20.241    -4.05    5.28
-243898.952    20.672     1.49    5.45
-243609.559    21.190     1.79    5.76
-243320.167    21.915     2.51    6.02
-243030.776    22.696     2.70    5.83
-242741.386    24.400     5.89    4.84
-242451.996    26.000     5.53    3.32
-242162.608    26.729     2.52    3.00
-241873.220    27.017     1.00    3.13
-241583.833    27.579     1.94    3.09
-241294.447    28.345     2.65    2.84
-241005.062    28.850     1.75    2.78
-240715.678    29.250     1.38    2.58
-240426.295    29.581     1.14    2.66
-240136.913    30.250     2.31    2.41
-239847.531    30.467     0.75    2.45
-239558.150    30.684     0.75    2.47
-239268.771    30.672    -0.04    2.38
-238979.392    30.136    -1.85    2.55
-238690.014    29.845    -1.00    2.58
-238400.637    29.610    -0.81    2.40
-238111.260    29.143    -1.61    2.19
-237821.885    28.817    -1.13    1.93
-237532.510    28.237    -2.00    2.13
-237243.136    28.150    -0.30    2.07
-236953.764    28.441     1.00    2.34
-236664.392    28.196    -0.84    2.24
-236375.020    28.492     1.02    2.37
-236085.650    29.103     2.11    2.47
-235796.281    29.729     2.16    2.46
-235506.912    30.550     2.84    2.35
-235217.544    30.897     1.20    2.31
-234928.178    31.328     1.49    1.99
-234638.812    31.431     0.36    2.05
-234349.446    31.533     0.35    2.13
-234060.082    31.153    -1.32    2.42
-233770.719    30.814    -1.17    2.63
-233481.356    30.414    -1.38    2.49
-233191.994    30.228    -0.64    2.32
-232902.633    30.066    -0.56    2.22
-232613.273    30.083     0.06    2.17
-232323.914    30.113     0.10    2.67
-232034.556    30.214     0.35    2.96
-231745.198    29.983    -0.80    2.89
-231455.841    30.034     0.18    2.83
-231166.485    30.224     0.66    2.79
-230877.130    30.557     1.15    2.60
-230587.776    30.690     0.46    2.78
-230298.423    31.207     1.79    2.60
-230009.070    31.431     0.77    2.42
-229719.718    31.417    -0.05    2.00
-229430.367    31.383    -0.12    2.04
-229141.017    31.034    -1.21    2.40
-228851.668    30.267    -2.65    3.13
-228562.320    29.554    -2.46    3.16
-228272.972    29.328    -0.78    3.28
-227983.625    28.667    -2.28    3.46
-227694.279    27.576    -3.77    3.64
-227404.934    26.672    -3.12    4.00
-227115.590    26.143    -1.83    3.95
-226826.246    25.379    -2.64    3.88
-226536.904    24.949    -1.49    3.82
-226247.562    24.567    -1.32    3.95
-225958.221    24.758     0.66    3.90
-225668.880    24.690    -0.24    3.87
-225379.541    24.667    -0.08    3.99
-225090.202    24.316    -1.21    3.87
-224800.864    23.492    -2.85    3.99
-224511.527    22.373    -3.87    4.25
-224222.191    21.356    -3.51    4.59
-223932.856    19.690    -5.76    4.83
-223643.521    18.448    -4.29    4.26
-223354.187    16.917    -5.29    3.14
-223064.854    16.483    -1.50    2.72
-222775.522    16.311    -0.59    2.55
-222486.191    16.467     0.54    2.54
-222196.860    16.860     1.36    2.07
-221907.530    17.271     1.42    1.99
-221618.201    17.603     1.15    2.01
-221328.873    17.933     1.14    1.80
-221039.546    18.051     0.41    1.88
-220750.219    18.017    -0.12    1.63
-220460.893    18.121     0.36    1.76
-220171.568    18.214     0.32    1.80
-219882.244    18.220     0.02    1.93
-219592.920    18.068    -0.53    2.12
-219303.597    18.150     0.28    2.19
-219014.276    18.155     0.02    2.25
-218724.954    18.375     0.76    2.26
-218435.634    18.067    -1.07    2.25
-218146.314    18.207     0.48    2.25
-217856.996    18.333     0.44    2.30
-217567.678    18.724     1.35    2.04
-217278.360    18.655    -0.24    2.13
-216989.044    18.741     0.30    2.02
-216699.728    18.828     0.30    2.04
-216410.413    18.590    -0.82    2.19
-216121.099    18.259    -1.15    1.99
-215831.786    17.707    -1.91    2.22
-215542.473    17.750     0.15    2.09
-215253.161    17.153    -2.07    2.66
-214963.850    16.645    -1.75    2.65
-214674.540    16.153    -1.70    2.61
-214385.230    15.949    -0.70    2.38
-214095.921    15.860    -0.31    2.38
-213806.613    15.879     0.07    2.65
-213517.306    15.949     0.24    2.60
-213227.999    16.483     1.85    2.18
-212938.693    16.774     1.01    2.18
-212649.388    16.893     0.41    2.07
-212360.084    16.966     0.25    2.14
-212070.781    17.123     0.54    2.21
-211781.478    17.475     1.22    2.18
-211492.176    17.550     0.26    2.12
-211202.874    17.776     0.78    2.02
-210913.574    18.102     1.13    1.99
-210624.274    18.211     0.38    2.01
-210334.975    17.550    -2.28    2.63
-210045.677    17.450    -0.35    2.71
-209756.379    17.483     0.12    2.66
-209467.082    17.220    -0.91    2.58
-209177.786    17.053    -0.58    2.50
-208888.491    17.051    -0.01    2.35
-208599.196    16.983    -0.24    1.98
-208309.903    16.902    -0.28    1.65
-208020.609    16.817    -0.29    1.82
-207731.317    16.825     0.03    1.87
-207442.025    16.828     0.01    1.88
-207152.734    16.414    -1.43    2.24
-206863.444    16.217    -0.68    2.55
-206574.155    16.085    -0.46    2.61
-206284.866    15.525    -1.93    2.71
-205995.578    14.914    -2.11    2.74
-205706.291    14.772    -0.49    2.76
-205417.004    14.317    -1.57    2.55
-205127.718    14.500     0.63    2.45
-204838.433    14.839     1.17    2.61
-204549.149    15.224     1.33    2.63
-204259.865    15.517     1.01    2.48
-203970.582    15.424    -0.32    2.59
-203681.300    15.776     1.22    2.59
-203392.018    16.098     1.11    2.55
-203102.737    16.328     0.79    2.51
-202813.457    16.517     0.66    2.72
-202524.178    16.776     0.89    2.80
-202234.899    15.983    -2.74    4.49
-201945.621    13.667    -8.01    6.73
-201656.344    11.466    -7.61    7.93
-201367.067    10.083    -4.78    7.62
-201077.791     9.893    -0.66    7.32
-200788.516     9.810    -0.29    6.93
-200499.242    10.317     1.75    6.17
-200209.968    11.567     4.32    6.35
-199920.695    13.934     8.19    6.02
-199631.422    15.893     6.77    4.52
-199342.151    17.379     5.14    4.19
-199052.880    18.017     2.21    4.01
-198763.609    18.017    -0.00    3.99
-198474.340    18.885     3.00    4.40
-198185.071    19.862     3.38    4.25
-197895.803    20.767     3.13    4.31
-197606.535    21.544     2.69    4.33
-197317.268    22.217     2.33    4.19
-197028.002    23.136     3.18    4.06
-196738.737    23.448     1.08    3.94
-196449.472    22.542    -3.13    3.67
-196160.208    22.800     0.89    3.65
-195870.944    22.967     0.58    3.94
-195581.682    23.379     1.43    4.27
-195292.420    22.767    -2.12    4.60
-195003.158    23.017     0.86    5.26
-194713.898    23.158     0.49    5.46
-194424.638    22.783    -1.29    6.05
-194135.378    22.310    -1.64    6.61
-193846.119    21.836    -1.64    6.95
-193556.861    21.300    -1.85    6.80
-193267.604    19.931    -4.73    6.54
-192978.347    18.897    -3.58    6.07
-192689.091    18.071    -2.85    5.64
-192399.836    17.817    -0.88    5.48
-192110.581    16.881    -3.23    4.85
-191821.327    15.900    -3.39    4.73
-191532.074    15.190    -2.46    4.52
-191242.821    14.821    -1.27    4.39
-190953.569    14.450    -1.28    3.74
-190664.318    14.017    -1.50    3.13
-190375.067    13.800    -0.75    2.80
-190085.817    13.780    -0.07    2.47
-189796.568    13.897     0.40    2.34
-189507.319    14.155     0.89    2.30
-189218.071    14.586     1.49    2.55
-188928.824    14.951     1.26    2.40
-188639.486    15.276     1.12    2.39
-188350.101    15.345     0.24    2.37
-188060.718    15.655     1.07    2.29
-187771.335    15.862     0.71    2.19
-187481.952    15.823    -0.14    2.02
-187192.570    15.898     0.26    1.83
-186903.189    15.900     0.01    1.60
-186613.809    16.175     0.95    1.57
-186324.429    16.310     0.47    1.71
-186035.050    16.533     0.77    1.77
-185745.671    16.695     0.56    1.77
-185456.293    17.033     1.17    1.97
-185166.916    17.232     0.69    2.06
-184877.539    17.483     0.87    2.10
-184588.163    17.702     0.76    2.01
-184298.788    17.949     0.85    1.90
-184009.413    18.050     0.35    1.75
-183720.039    18.293     0.84    1.76
-183430.665    18.300     0.02    1.74
-183141.292    18.298    -0.01    1.81
-182851.920    18.254    -0.15    1.83
-182562.548    18.050    -0.71    2.07
-182273.177    18.167     0.40    2.28
-181983.807    17.800    -1.27    2.41
-181694.437    17.931     0.45    2.43
-181405.068    17.746    -0.64    2.51
-181115.699    17.603    -0.49    2.70
-180826.331    17.661     0.20    2.45
-180536.964    17.833     0.60    2.45
-180247.597    17.789    -0.15    2.60
-179958.231    17.633    -0.54    2.39
-179668.866    17.914     0.97    2.12
-179379.501    17.967     0.18    2.21
-179090.136    18.150     0.63    2.08
-178800.773    17.898    -0.87    2.19
-178511.410    17.724    -0.60    2.10
-178222.047    17.596    -0.44    2.26
-177932.685    17.295    -1.04    2.38
-177643.324    17.017    -0.96    2.50
-177353.964    16.590    -1.47    2.33
-177064.604    15.695    -3.09    3.09
-176775.244    14.750    -3.27    4.03
-176485.885    13.833    -3.17    4.44
-176196.527    13.776    -0.20    4.10
-175907.169    13.367    -1.41    4.34
-175617.812    13.448     0.28    4.00
-175328.456    13.500     0.18    4.05
-175039.100    13.552     0.18    3.74
-174749.745    13.845     1.01    3.01
-174460.390    13.902     0.20    2.72
-174171.036    13.741    -0.55    2.65
-173881.682    13.644    -0.34    2.57
-173592.329    13.379    -0.92    2.48
-173302.977    13.207    -0.60    3.33
-173013.625    11.919    -4.45    4.73
-172724.274    11.150    -2.66    5.62
-172434.923    10.557    -2.05    6.03
-172145.573     9.596    -3.32    6.35
-171856.224     9.552    -0.15    6.16
-171566.875     9.610     0.20    6.20
-171277.527     8.746    -2.99    6.12
-170988.179     8.200    -1.89    6.11
-170698.832     8.672     1.63    5.93
-170409.485     9.966     4.47    5.56
-170120.139     9.035    -3.22    6.30
-169830.794     8.167    -3.00    6.90
-169541.449     7.721    -1.54    7.25
-169252.104     8.948     4.24    7.70
-168962.761     8.983     0.12    8.40
-168673.418     7.825    -4.00    8.59
-168384.075     6.898    -3.20    8.39
-168094.733     8.000     3.81    8.23
-167805.391     9.150     3.97    8.12
-167516.050    10.117     3.34    7.97
-167226.710    11.123     3.48    7.53
-166937.370    14.000     9.94    5.83
-166648.031    15.621     5.60    2.73
-166358.692    15.443    -0.62    2.76
-166069.354    15.131    -1.08    2.69
-165780.016    14.386    -2.58    3.10
-165490.679    13.724    -2.29    3.00
-165201.343    13.321    -1.39    2.78
-164912.007    13.194    -0.44    2.96
-164622.671    13.559     1.26    3.51
-164333.336    14.067     1.75    3.43
-164044.002    14.448     1.32    3.52
-163754.668    14.895     1.54    3.34
-163465.335    15.220     1.13    3.17
-163176.002    15.966     2.58    2.79
-162886.670    16.823     2.96    2.84
-162597.338    17.276     1.57    2.97
-162308.007    18.286     3.49    4.15
-162018.677    19.931     5.69    5.08
-161729.347    20.672     2.56    5.24
-161440.017    22.197     5.27    5.84
-161150.688    23.672     5.10    5.91
-160861.360    24.655     3.40    5.93
-160572.032    25.259     2.09    6.13
-160282.704    26.362     3.81    5.89
-159993.377    28.217     6.41    5.00
-159704.051    29.776     5.39    4.08
-159414.725    30.767     3.42    2.40
-159125.400    30.661    -0.37    3.28
-158836.075    30.103    -1.93    4.30
-158546.751    29.333    -2.66    5.02
-158257.427    29.100    -0.81    5.22
-157968.104    28.695    -1.40    5.23
-157678.781    28.679    -0.06    5.18
-157389.459    29.207     1.83    4.75
-157100.137    30.186     3.39    3.76
-156810.816    30.695     1.76    3.28
-156521.495    31.033     1.17    2.89
-156232.175    30.914    -0.41    3.30
-155942.856    31.000     0.30    3.50
-155653.536    30.772    -0.79    3.76
-155364.218    30.217    -1.92    4.35
-155074.900    30.067    -0.52    4.73
-154785.582    29.000    -3.69    4.95
-154496.265    28.650    -1.21    5.39
-154206.948    27.897    -2.60    5.50
-153917.632    26.414    -5.13    5.62
-153628.317    25.831    -2.02    5.22
-153339.001    25.051    -2.69    5.08
-153049.687    23.344    -5.90    6.74
-152760.373    20.912    -8.41    7.19
-152471.059    20.067    -2.92    7.38
-152181.746    18.948    -3.87    7.56
-151892.433    18.677    -0.94    7.42
-151603.121    18.067    -2.11    7.24
-151313.809    17.763    -1.05    7.66
-151024.498    18.034     0.94    7.17
-150735.187    18.321     0.99    6.94
-150445.877    18.984     2.29    6.84
-150156.567    19.915     3.22    6.08
-149867.258    20.483     1.96    5.70
-149577.949    20.034    -1.55    5.81
-149288.641    20.000    -0.12    5.73
-148999.333    19.833    -0.58    5.80
-148710.026    19.690    -0.50    5.51
-148420.719    19.267    -1.46    4.70
-148131.412    18.305    -3.32    4.80
-147842.106    17.276    -3.56    4.21
-147552.801    16.879    -1.37    3.93
-147263.496    16.983     0.36    4.54
-146974.191    17.852     3.01    4.93
-146684.887    18.586     2.54    5.14
-146395.584    19.780     4.13    5.27
-146106.281    20.793     3.50    5.03
-145816.978    21.304     1.76    4.96
-145527.676    21.541     0.82    4.35
-145238.374    21.767     0.78    4.03
-144949.073    21.656    -0.38    4.17
-144659.772    21.561    -0.33    4.46
-144370.471    22.000     1.52    4.84
-144081.171    22.831     2.87    5.10
-143791.872    24.475     5.68    4.60
-143502.573    25.667     4.12    3.75
-143213.274    26.034     1.27    3.39
-142923.976    26.466     1.49    2.98
-142634.679    26.034    -1.49    3.14
-142345.381    24.898    -3.93    5.58
-142056.085    22.424    -8.55    8.08
-141766.788    20.828    -5.52    8.32
-141477.492    19.102    -5.97    8.22
-141188.197    19.018    -0.29    8.50
-140898.902    18.883    -0.47    8.34
-140609.607    18.754    -0.45    8.60
-140320.313    19.763     3.49    8.37
-140031.020    21.850     7.22    6.63
-139741.726    22.143     1.01    7.37
-139452.434    21.949    -0.67    7.09
-139163.141    22.466     1.78    7.00
-138873.849    23.356     3.08    6.50
-138584.558    23.903     1.89    5.84
-138295.267    24.714     2.80    4.93
-138005.976    24.367    -1.20    5.72
-137716.686    23.464    -3.12    6.59
-137427.396    22.032    -4.95    6.65
-137138.107    19.550    -8.58    8.28
-136848.818    18.217    -4.61    8.44
-136559.529    17.466    -2.60    8.01
-136270.241    17.526     0.21    7.60
-135980.954    17.367    -0.55    7.11
-135691.666    17.508     0.49    5.93
-135402.380    18.049     1.87    5.71
-135113.093    18.650     2.08    3.66
-134823.807    18.375    -0.95    3.20
-134534.522    18.220    -0.53    3.51
-134245.236    17.603    -2.13    3.29
-133955.952    17.557    -0.16    3.47
-133666.667    17.508    -0.17    3.44
-133377.383    16.879    -2.17    2.87
-133088.100    16.793    -0.30    2.71
-132798.817    17.138     1.19    2.96
-132509.534    16.934    -0.70    3.31
-132220.252    17.068     0.46    3.28
-131930.970    16.917    -0.52    3.65
-131641.688    16.862    -0.19    3.67
-131352.407    16.895     0.11    3.85
-131063.127    17.033     0.48    3.67
-130773.846    16.683    -1.21    3.58
-130484.566    16.721     0.13    3.23
-130195.287    16.474    -0.86    3.10
-129906.008    16.448    -0.09    3.16
-129616.729    16.017    -1.49    3.95
-129327.451    15.741    -0.95    4.53
-129038.173    15.705    -0.13    4.69
-128748.895    15.259    -1.54    4.81
-128459.618    15.431     0.60    5.30
-128170.341    15.351    -0.28    5.30
-127881.065    15.831     1.66    5.08
-127591.789    16.508     2.34    4.32
-127302.513    17.724     4.20    2.63
-127013.238    18.153     1.48    2.52
-126723.963    18.536     1.32    2.46
-126434.653    18.517    -0.06    2.64
-126145.297    18.483    -0.12    2.47
-125855.941    18.492     0.03    2.45
-125566.585    18.164    -1.13    2.58
-125277.230    17.625    -1.86    2.94
-124987.875    17.203    -1.46    2.75
-124698.521    17.610     1.41    2.75
-124409.167    17.783     0.60    2.71
-124119.813    17.581    -0.70    3.21
-123830.460    16.948    -2.19    3.59
-123541.107    17.400     1.56    3.89
-123251.754    17.821     1.46    3.50
-122962.402    17.623    -0.69    3.44
-122673.050    17.661     0.13    3.88
-122383.699    17.525    -0.47    4.04
-122094.348    17.690     0.57    3.69
-121804.997    17.351    -1.17    3.58
-121515.646    17.117    -0.81    3.45
-121226.296    17.034    -0.28    3.30
-120936.947    16.150    -3.06    4.86
-120647.597    13.567    -8.93    6.96
-120358.248    10.754    -9.72    8.31
-120068.900     8.186    -8.87    8.63
-119779.551     5.534    -9.17    8.12
-119490.203     4.867    -2.31    7.67
-119200.856     5.414     1.89    8.01
-118911.508     7.467     7.09    8.24
-118622.162    10.069     8.99    7.99
-118332.815    12.321     7.78    6.86
-118043.469    13.712     4.81    5.17
-117754.123    14.517     2.78    4.07
-117464.777    14.295    -0.77    3.77
-117175.432    13.672    -2.15    3.58
-116886.087    13.554    -0.41    3.23
-116596.743    13.467    -0.30    3.14
-116307.399    13.207    -0.90    2.86
-116018.055    12.933    -0.95    2.50
-115728.711    13.123     0.65    2.04
-115439.368    13.086    -0.13    2.12
-115150.025    13.017    -0.24    2.31
-114860.683    13.466     1.55    2.62
-114571.340    13.623     0.54    2.70
-114281.999    13.741     0.41    2.69
-113992.657    14.017     0.95    2.66
-113703.316    13.839    -0.61    2.65
-113413.975    13.780    -0.21    2.25
-113124.634    13.419    -1.25    2.07
-112835.294    13.169    -0.86    1.89
-112545.954    13.085    -0.29    1.84
-112256.614    13.088     0.01    1.81
-111967.275    12.690    -1.38    1.88
-111677.936    12.373    -1.09    2.05
-111388.597    12.133    -0.83    1.96
-111099.259    11.742    -1.35    2.02
-110809.921    11.286    -1.58    2.03
-110520.583    11.034    -0.87    1.83
-110231.246    11.351     1.10    1.88
-109941.909    11.902     1.90    2.01
-109652.572    12.450     1.90    2.45
-109363.235    12.931     1.66    2.49
-109073.899    13.542     2.11    2.18
-108784.563    13.684     0.49    1.97
-108495.228    13.567    -0.41    2.28
-108205.892    13.167    -1.38    2.03
-107916.557    12.983    -0.63    2.08
-107627.223    12.746    -0.82    1.89
-107337.888    12.351    -1.36    1.92
-107048.554    12.051    -1.04    1.80
-106759.220    11.966    -0.29    1.52
-106469.887    11.230    -2.54    2.85
-106180.553     9.767    -5.06    4.04
-105891.220     8.719    -3.62    4.70
-105601.888     8.414    -1.06    5.07
-105312.555     8.431     0.06    5.27
-105023.223     8.333    -0.34    5.59
-104733.891     8.508     0.61    5.86
-104444.560     9.153     2.23    6.26
-104155.229     9.931     2.69    6.33
-103865.898    10.702     2.66    6.11
-103576.567    11.607     3.13    6.18
-103287.237    12.133     1.82    5.74
-102997.906    13.016     3.05    4.69
-102708.577    14.466     5.01    2.60
-102419.247    14.448    -0.06    2.61
-102129.918    14.780     1.15    2.48
-101840.589    14.586    -0.67    2.44
-101551.260    14.525    -0.21    2.47
-101261.931    14.259    -0.92    2.46
-100972.603    14.155    -0.36    2.65
-100683.275    14.293     0.48    2.57
-100393.947    14.121    -0.60    2.73
-100104.620    14.115    -0.02    2.72
 -99815.293    14.448     1.15    2.66
 -99525.966    14.467     0.06    2.64
 -99236.639    14.107    -1.24    2.89
 -98947.313    14.119     0.04    2.78
 -98657.987    14.049    -0.24    2.71
 -98368.661    14.051     0.01    2.60
 -98079.335    13.833    -0.75    2.49
 -97790.010    13.772    -0.21    2.34
 -97500.685    14.207     1.50    2.28
 -97211.360    14.797     2.04    2.23
 -96922.035    15.117     1.11    2.27
 -96632.711    15.145     0.10    2.20
 -96343.387    15.121    -0.08    2.44
 -96054.063    15.250     0.45    2.28
 -95764.739    15.263     0.05    1.94
 -95475.416    15.283     0.07    1.93
 -95186.093    15.153    -0.45    1.86
 -94896.770    15.293     0.49    1.90
 -94607.447    15.780     1.68    1.85
 -94318.125    15.983     0.70    1.72
 -94028.803    16.283     1.04    1.67
 -93739.481    16.500     0.75    1.60
 -93450.159    16.650     0.52    1.86
 -93160.838    17.217     1.96    2.08
 -92871.516    17.596     1.31    2.22
 -92582.195    17.767     0.59    2.40
 -92292.875    18.569     2.77    2.66
 -92003.554    19.233     2.30    2.63
 -91714.234    19.983     2.59    2.66
 -91424.914    19.893    -0.31    2.63
 -91135.594    20.259     1.26    2.75
 -90846.274    20.446     0.65    3.17
 -90556.955    19.767    -2.35    3.60
 -90267.636    19.051    -2.47    3.54
 -89978.317    18.517    -1.85    3.55
 -89688.998    17.828    -2.38    3.19
 -89399.679    17.842     0.05    3.05
 -89110.361    17.712    -0.45    2.66
 -88821.043    17.068    -2.23    2.37
 -88531.725    17.097     0.10    2.54
 -88242.407    16.879    -0.75    2.66
 -87953.090    16.586    -1.01    2.75
 -87663.773    16.552    -0.12    2.89
 -87374.456    16.845     1.01    2.69
 -87085.139    17.361     1.78    2.87
 -86795.822    18.052     2.39    2.72
 -86506.506    18.638     2.03    2.59
 -86217.189    18.793     0.54    2.40
 -85927.873    19.051     0.89    2.15
 -85638.558    18.700    -1.21    2.12
 -85349.242    18.310    -1.35    2.26
 -85059.927    17.750    -1.94    2.53
 -84770.611    17.821     0.25    2.58
 -84481.296    17.328    -1.71    2.56
 -84191.981    17.267    -0.21    2.60
 -83902.667    17.169    -0.34    2.46
 -83613.352    17.717     1.89    2.69
 -83324.038    18.071     1.23    2.54
 -83034.724    17.776    -1.02    2.43
 -82745.410    17.655    -0.42    2.38
 -82456.096    17.583    -0.25    2.13
 -82166.783    17.656     0.25    2.12
 -81877.470    17.810     0.53    1.88
 -81588.157    17.983     0.60    1.94
 -81298.844    17.982    -0.00    2.00
 -81009.531    17.933    -0.17    2.48
 -80720.218    17.746    -0.65    2.62
 -80430.906    17.741    -0.02    3.09
 -80141.594    17.783     0.15    3.68
 -79852.282    17.917     0.46    3.59
 -79562.970    18.254     1.17    3.60
 -79273.658    18.707     1.56    3.06
 -78984.346    18.559    -0.51    2.61
 -78695.035    18.300    -0.90    2.55
 -78405.724    17.947    -1.22    1.95
 -78116.413    17.600    -1.20    2.15
 -77827.102    17.138    -1.60    2.23
 -77537.791    16.754    -1.33    2.34
 -77248.481    16.383    -1.28    2.27
 -76959.170    15.931    -1.56    2.12
 -76669.860    15.828    -0.36    2.18
 -76380.550    15.964     0.47    2.15
 -76091.240    16.017     0.18    2.05
 -75801.931    15.883    -0.46    2.13
 -75512.621    14.333    -5.36    4.80
 -75223.312    13.431    -3.12    5.66
 -74934.002    13.411    -0.07    5.73
 -74644.693    13.783     1.29    6.03
 -74355.384    14.707     3.19    6.41
 -74066.075    15.150     1.53    6.61
 -73776.767    16.119     3.35    6.16
 -73487.458    18.138     6.98    3.73
 -73198.150    18.052    -0.30    3.86
 -72908.842    17.034    -3.52    4.13
 -72619.534    16.016    -3.52    3.99
 -72330.226    15.310    -2.44    3.48
 -72040.918    15.627     1.09    3.09
 -71751.610    14.948    -2.35    2.56
 -71462.303    14.509    -1.52    2.16
 -71172.995    14.113    -1.37    1.99
 -70883.688    14.267     0.53    1.84
 -70594.381    14.483     0.75    1.80
 -70305.074    14.193    -1.00    1.76
 -70015.767    14.086    -0.37    1.81
 -69726.461    14.033    -0.18    1.68
 -69437.154    14.051     0.06    1.62
 -69147.848    13.950    -0.35    1.58
 -68858.541    14.052     0.35    1.79
 -68569.235    14.466     1.43    2.01
 -68279.929    14.810     1.19    1.99
 -67990.623    15.100     1.00    2.65
 -67701.318    15.525     1.47    2.98
 -67412.012    16.259     2.53    3.12
 -67122.706    16.695     1.51    3.31
 -66833.401    16.860     0.57    3.66
 -66544.096    17.119     0.90    3.84
 -66254.790    17.533     1.43    3.94
 -65965.485    18.000     1.61    3.94
 -65676.180    18.700     2.42    3.77
 -65386.875    19.107     1.41    3.73
 -65097.571    18.508    -2.07    4.83
 -64808.266    16.121    -8.25    7.94
 -64518.962    14.119    -6.92    9.42
 -64229.653    11.164   -10.21    9.83
 -63940.327     9.684    -5.11    9.35
 -63651.001     9.533    -0.52    9.12
 -63361.675    10.696     4.02    9.15
 -63072.350    12.855     7.46    8.76
 -62783.025    16.150    11.39    6.58
 -62493.699    18.186     7.04    3.91
 -62204.374    18.828     2.22    3.03
 -61915.049    18.807    -0.07    3.48
 -61625.724    18.559    -0.86    3.68
 -61336.399    18.254    -1.05    3.88
 -61047.074    18.361     0.37    4.29
 -60757.750    16.817    -5.34    6.52
 -60468.425    16.232    -2.02    7.00
 -60179.100    15.373    -2.97    7.54
 -59889.776    15.397     0.08    7.55
 -59600.452    15.246    -0.52    7.91
 -59311.127    15.069    -0.61    7.75
 -59021.803    16.759     5.84    6.45
 -58732.479    17.000     0.83    6.02
 -58443.155    16.879    -0.42    6.05
 -58153.831    16.393    -1.68    6.08
 -57864.507    17.017     2.16    5.14
 -57575.183    17.627     2.11    3.96
 -57285.860    17.810     0.63    3.65
 -56996.536    17.603    -0.72    3.87
 -56707.213    17.820     0.75    4.35
 -56417.889    17.467    -1.22    5.11
 -56128.566    16.283    -4.09    6.22
 -55839.242    15.860    -1.46    6.69
 -55549.919    15.845    -0.05    7.47
 -55260.596    15.583    -0.90    7.66
 -54971.273    15.397    -0.65    8.08
 -54681.950    16.150     2.60    8.07
 -54392.627    17.534     4.79    7.24
 -54103.304    19.569     7.03    4.88
 -53813.981    19.070    -1.72    5.43
 -53524.658    18.746    -1.12    5.63
 -53235.336    18.467    -0.96    5.63
 -52946.013    17.500    -3.34    5.86
 -52656.690    17.136    -1.26    6.13
 -52367.368    15.607    -5.28    7.63
 -52078.045    13.897    -5.91    8.54
 -51788.723    10.831   -10.60    9.59
 -51499.400     7.500   -11.51    8.69
 -51210.078     5.344    -7.45    8.06
 -50920.756     3.161    -7.55    6.40
 -50631.433     1.237    -6.65    4.40
 -50342.111     0.052    -4.10    0.39
 -50052.789     0.000    -0.18    0.00
 -49763.467     0.000     0.00    0.00
 -49474.145     0.000     0.00    0.00
 -49184.823     0.000     0.00    0.00
 -48895.501     0.000     0.00    0.00
 -48606.179     0.000     0.00    0.00
 -48316.857     0.000     0.00    0.00
 -48027.535     0.000     0.00    0.00
 -47738.213     0.000     0.00    0.00
 -47448.891     0.000     0.00    0.00
 -47159.570     0.000     0.00    0.00
 -46870.248     0.000     0.00    0.00
 -46580.926     0.000     0.00    0.00
 -46291.605     0.000     0.00    0.00
 -46002.283     0.000     0.00    0.00
 -45712.961     0.000     0.00    0.00
 -45423.640     0.000     0.00    0.00
 -45134.318     0.000     0.00    0.00
 -44844.997     0.000     0.00    0.00
 -44555.675     0.000     0.00    0.00
 -44266.354     0.000     0.00    0.00
 -43977.032     0.000     0.00    0.00
 -43687.711     0.000     0.00    0.00
 -43398.389     0.000     0.00    0.00
 -43109.068     0.000     0.00    0.00
 -42819.746     0.000     0.00    0.00
 -42530.425     0.000     0.00    0.00
 -42241.103     0.000     0.00    0.00
 -41951.782     0.000     0.00    0.00
 -41662.461     0.000     0.00    0.00
 -41373.139     0.000     0.00    0.00
 -41083.818     0.000     0.00    0.00
 -40794.497     0.000     0.00    0.00
 -40505.175     0.000     0.00    0.00
 -40215.854     0.000     0.00    0.00
 -39926.533     0.000     0.00    0.00
 -39637.211     0.000     0.00    0.00
 -39347.890     0.000     0.00    0.00
 -39058.569     0.000     0.00    0.00
 -38769.247     0.000     0.00    0.00
 -38479.926     0.000     0.00    0.00
 -38190.605     0.000     0.00    0.00
 -37901.283     0.000     0.00    0.00
 -37611.962     1.517     5.24    4.85
 -37322.641     5.317    13.13    9.33
 -37033.319     8.559    11.21   10.91
 -36743.998    12.516    13.68   11.31
 -36454.676    15.964    11.92   10.61
 -36165.355    19.567    12.45    8.18
 -35876.033    22.404     9.81    5.95
 -35586.712    22.557     0.53    4.91
 -35297.391    22.885     1.13    4.44
 -35008.069    23.466     2.01    4.04
 -34718.748    23.136    -1.14    4.17
 -34429.426    22.250    -3.06    4.47
 -34140.104    21.951    -1.03    4.06
 -33850.783    21.017    -3.23    4.75
 -33561.461    20.150    -3.00    5.46
 -33272.140    19.576    -1.98    5.31
 -32982.818    19.482    -0.33    5.37
 -32693.496    19.310    -0.59    5.60
 -32404.175    19.276    -0.12    5.58
 -32114.853    19.767     1.70    5.44
 -31825.531    20.576     2.80    5.09
 -31536.209    21.667     3.77    4.01
 -31246.887    22.345     2.34    2.84
 -30957.565    22.603     0.89    2.30
 -30668.244    22.383    -0.76    2.26
 -30378.922    22.345    -0.13    2.80
 -30089.600    21.683    -2.29    3.36
 -29800.277    21.897     0.74    3.58
 -29510.955    21.982     0.30    3.21
 -29221.633    21.167    -2.82    3.72
 -28932.311    19.983    -4.09    4.52
 -28642.989    19.645    -1.17    4.56
 -28353.667    19.672     0.09    4.56
 -28064.344    19.983     1.07    4.55
 -27775.022    20.305     1.11    4.35
 -27485.699    20.724     1.45    4.34
 -27196.377    21.230     1.75    4.49
 -26907.054    21.621     1.35    3.79
 -26617.732    22.172     1.91    3.17
 -26328.409    22.224     0.18    2.00
 -26039.086    22.052    -0.60    2.05
 -25749.764    21.750    -1.04    2.14
 -25460.441    21.121    -2.18    2.16
 -25171.118    20.576    -1.88    2.16
 -24881.795    20.607     0.11    2.14
 -24592.472    20.400    -0.72    2.13
 -24303.149    20.295    -0.36    2.16
 -24013.826    20.610     1.09    2.07
 -23724.502    21.051     1.52    2.00
 -23435.179    21.053     0.01    2.10
 -23145.856    21.362     1.07    2.14
 -22856.532    21.508     0.51    2.07
 -22567.209    21.817     1.07    2.19
 -22277.885    21.952     0.47    2.43
 -21988.561    21.807    -0.50    2.38
 -21699.238    21.767    -0.14    2.63
 -21409.914    21.825     0.20    2.78
 -21120.590    22.067     0.84    2.80
 -20831.266    22.017    -0.17    2.93
 -20541.942    21.448    -1.97    3.58
 -20252.618    19.441    -6.94    5.95
 -19963.294    17.214    -7.70    6.91
 -19673.969    15.250    -6.79    7.34
 -19384.645    11.542   -12.81    7.24
 -19095.320     9.017    -8.73    6.27
 -18805.996     6.617    -8.30    4.74
 -18516.671     4.947    -5.77    2.61
 -18227.346     4.051    -3.10    1.31
 -17938.021     3.845    -0.71    0.93
 -17648.697     3.932     0.30    0.91
 -17359.371     3.831    -0.35    1.12
 -17070.046     3.845     0.05    1.24
 -16780.721     3.862     0.06    1.25
 -16491.396     4.263     1.39    2.00
 -16202.070     4.817     1.91    3.64
 -15912.745     5.610     2.74    4.15
 -15623.419     7.583     6.82    5.83
 -15334.093     9.155     5.43    6.20
 -15044.767     9.842     2.37    5.44
 -14755.441    10.817     3.37    6.62
 -14466.115     8.950    -6.45    7.15
 -14176.789     7.377    -5.44    7.26
 -13887.463     5.070    -7.97    6.79
 -13598.136     3.345    -5.96    5.63
 -13308.810     2.241    -3.81    4.17
 -13019.483     2.138    -0.36    4.14
 -12730.156     2.770     2.19    4.35
 -12440.830     3.328     1.93    4.53
 -12151.503     3.828     1.73    4.75
 -11862.175     3.328    -1.73    4.63
 -11572.848     2.700    -2.17    4.33
 -11283.521     2.250    -1.56    4.23
 -10994.193     1.776    -1.64    3.99
 -10704.866     1.567    -0.72    4.42
 -10415.538     0.821    -2.58    3.64
 -10126.210     0.690    -0.46    3.52
  -9836.882     0.017    -2.33    0.13
  -9547.554     0.000    -0.06    0.00
  -9258.226     0.000     0.00    0.00
  -8968.897     0.000     0.00    0.00
  -8679.569     0.000     0.00    0.00
  -8390.240     0.000     0.00    0.00
  -8100.911     0.000     0.00    0.00
  -7811.582     0.000     0.00    0.00
  -7522.253     0.000     0.00    0.00
  -7232.924     0.000     0.00    0.00
  -6943.595     0.000     0.00    0.00
  -6654.265     0.000     0.00    0.00
  -6364.936     0.000     0.00    0.00
  -6075.606     0.000     0.00    0.00
  -5786.276     0.000     0.00    0.00
  -5496.946     0.000     0.00    0.00
  -5207.616     0.000     0.00    0.00
  -4918.285     0.000     0.00    0.00
  -4628.955     0.000     0.00    0.00
  -4339.624     0.000     0.00    0.00
  -4050.293     0.000     0.00    0.00
  -3760.962     0.000     0.00    0.00
  -3471.631     0.000     0.00    0.00
  -3182.300     0.000     0.00    0.00
  -2892.968     0.000     0.00    0.00
  -2603.637     0.000     0.00    0.00
  -2314.305     0.000     0.00    0.00
  -2024.973     0.000     0.00    0.00
  -1735.676     0.000     0.00    0.00
  -1446.379     0.000     0.00    0.00
  -1157.082     0.000     0.00    0.00
   -867.785     0.000     0.00    0.00
   -578.488     0.000     0.00    0.00
   -289.191     0.000     0.00    0.00
      0.107     0.000     0.00    0.00
    289.405     0.000     0.00    0.00
    578.702     0.000     0.00    0.00
    868.000     0.000     0.00    0.00
   1157.299     0.000     0.00    0.00
   1446.597     0.000     0.00    0.00
   1735.896     0.000     0.00    0.00
   2025.194     0.000     0.00    0.00
   2314.493     0.000     0.00    0.00
   2603.793     0.000     0.00    0.00
   2893.092     0.000     0.00    0.00
   3182.391     0.000     0.00    0.00
   3471.691     0.000     0.00    0.00
   3760.991     0.000     0.00    0.00
   4050.291     0.000     0.00    0.00
   4339.591     0.000     0.00    0.00
   4628.892     0.000     0.00    0.00
   4918.192     0.000     0.00    0.00
   5207.493     0.000     0.00    0.00
   5496.794     0.000     0.00    0.00
   5786.096     0.000     0.00    0.00
   6075.397     0.000     0.00    0.00
   6364.699     0.000     0.00    0.00
   6654.000     0.017     0.06    0.13
   6943.302     0.879     2.98    3.93
   7232.605     2.733     6.41    7.11
   7521.907     4.474     6.02    8.90
   7811.210     6.322     6.39    9.97
   8100.513     8.917     8.97   11.06
   8389.816    11.833    10.08   11.13
   8679.119    14.617     9.62   10.71
   8968.422    16.603     6.87    9.85
   9257.726    18.322     5.94    8.37
   9547.030    19.603     4.43    6.73
   9836.334    20.800     4.14    5.16
  10125.639    20.900     0.35    4.94
  10414.943    20.649    -0.87    5.34
  10704.248    20.000    -2.24    5.71
  10993.553    18.034    -6.79    7.13
  11282.858    16.468    -5.42    7.58
  11572.164    13.867    -8.99    8.60
  11861.469    11.186    -9.26    8.82
  12150.775     8.603    -8.93    8.14
  12440.081     6.930    -5.78    7.13
  12729.388     6.441    -1.69    6.76
  13018.694     6.814     1.29    6.24
  13308.001     7.903     3.77    6.49
  13597.308     9.867     6.79    7.14
  13886.615    12.036     7.50    7.17
  14175.923    13.033     3.45    7.00
  14465.230    14.034     3.46    7.06
  14754.538    15.426     4.81    6.98
  15043.847    16.379     3.29    6.91
  15333.155    16.155    -0.77    6.76
  15622.464    14.948    -4.17    6.52
  15911.773    14.241    -2.44    6.27
  16201.082    13.541    -2.42    6.37
  16490.391    12.759    -2.70    6.34
  16779.701    11.367    -4.81    5.88
  17069.011     9.930    -4.97    5.18
  17358.321     9.845    -0.29    4.48
  17647.631    10.803     3.31    4.87
  17936.942    12.333     5.29    5.02
  18226.253    13.328     3.44    5.39
  18515.564    14.982     5.72    5.23
  18804.875    16.224     4.29    4.79
  19094.187    17.881     5.73    4.95
  19383.499    18.559     2.34    4.61
  19672.811    18.850     1.00    4.94
  19962.124    19.121     0.94    5.12
  20251.436    18.508    -2.12    5.80
  20540.749    17.912    -2.06    6.06
  20830.063    17.267    -2.23    5.79
  21119.376    16.705    -1.94    5.51
  21408.690    15.517    -4.11    5.64
  21698.004    14.983    -1.85    5.57
  21987.318    14.536    -1.55    5.22
  22276.633    13.525    -3.49    5.57
  22565.947    13.576     0.18    5.84
  22855.263    13.133    -1.53    5.84
  23144.578    13.000    -0.46    6.08
  23433.894    12.211    -2.73    5.90
  23723.209    12.831     2.14    6.04
  24012.526    12.638    -0.67    5.53
  24301.842    12.492    -0.51    5.08
  24591.159    11.557    -3.23    4.48
  24880.476    11.414    -0.50    4.07
  25169.793    12.207     2.74    3.87
  25459.111    12.250     0.15    4.05
  25748.429    12.548     1.03    4.56
  26037.747    12.576     0.10    4.72
  26327.065    12.525    -0.18    5.30
  26616.384    12.517    -0.03    5.73
  26905.703    11.719    -2.76    6.01
  27195.022    11.576    -0.49    5.60
  27484.342    11.086    -1.69    5.42
  27773.662    10.839    -0.86    5.17
  28062.982    10.397    -1.53    5.36
  28352.303    10.786     1.35    4.89
  28641.623    10.776    -0.03    5.53
  28930.944    10.724    -0.18    5.73
  29220.266    10.836     0.39    5.66
  29509.588    12.138     4.50    6.15
  29798.910    14.017     6.50    5.99
  30088.232    15.397     4.77    5.24
  30377.554    16.552     3.99    4.85
  30666.877    17.750     4.14    4.44
  30956.201    18.508     2.62    3.92
  31245.524    19.033     1.81    3.45
  31534.848    19.839     2.79    3.03
  31824.172    19.724    -0.40    3.30
  32113.496    20.033     1.07    3.32
  32402.821    19.458    -1.99    3.47
  32692.146    19.000    -1.58    4.12
  32981.472    18.304    -2.41    4.88
  33270.797    16.172    -7.37    6.38
  33560.123    14.695    -5.11    6.33
  33849.450    12.492    -7.62    7.11
  34138.776     9.817    -9.25    7.32
  34428.103     7.672    -7.41    6.99
  34717.431     4.678   -10.35    5.48
  35006.758     3.179    -5.18    5.02
  35296.086     1.317    -6.44    2.28
  35585.415     0.650    -2.30    1.33
  35874.743     0.328    -1.11    1.05
  36164.072     0.050    -0.96    0.39
  36453.401     0.000    -0.17    0.00
  36742.731     0.000     0.00    0.00
  37032.061     0.000     0.00    0.00
  37321.391     0.000     0.00    0.00
  37610.722     0.000     0.00    0.00
  37900.053     0.000     0.00    0.00
  38189.384     0.000     0.00    0.00
  38478.716     0.000     0.00    0.00
  38768.048     0.000     0.00    0.00
  39057.380     0.000     0.00    0.00
  39346.713     0.000     0.00    0.00
  39636.046     0.000     0.00    0.00
  39925.379     0.000     0.00    0.00
  40214.713     0.000     0.00    0.00
  40504.047     0.000     0.00    0.00
  40793.381     0.000     0.00    0.00
  41082.716     0.000     0.00    0.00
  41372.051     0.000     0.00    0.00
  41661.386     0.000     0.00    0.00
  41950.722     0.000     0.00    0.00
  42240.058     0.000     0.00    0.00
  42529.395     0.000     0.00    0.00
  42818.732     0.000     0.00    0.00
  43108.069     0.000     0.00    0.00
  43397.407     0.000     0.00    0.00
  43686.745     0.000     0.00    0.00
  43976.083     0.000     0.00    0.00
  44265.422     0.000     0.00    0.00
  44554.761     0.000     0.00    0.00
  44844.100     0.000     0.00    0.00
  45133.440     0.000     0.00    0.00
  45422.780     0.000     0.00    0.00
  45712.121     0.000     0.00    0.00
  46001.461     0.000     0.00    0.00
  46290.803     0.000     0.00    0.00
  46580.144     0.000     0.00    0.00
  46869.486     0.000     0.00    0.00
  47158.829     0.000     0.00    0.00
  47448.172     0.000     0.00    0.00
  47737.515     0.000     0.00    0.00
  48026.858     0.000     0.00    0.00
  48316.202     0.000     0.00    0.00
  48605.546     0.000     0.00    0.00
  48894.891     0.000     0.00    0.00
  49184.236     0.000     0.00    0.00
  49473.582     0.000     0.00    0.00
  49762.928     0.000     0.00    0.00
  50052.274     0.000     0.00    0.00
  50341.620     0.000     0.00    0.00
  50630.968     0.000     0.00    0.00
  50920.315     0.000     0.00    0.00
  51209.663     0.000     0.00    0.00
  51499.011     0.000     0.00    0.00
  51788.360     0.000     0.00    0.00
  52077.709     0.000     0.00    0.00
  52367.058     0.000     0.00    0.00
  52656.408     0.000     0.00    0.00
  52945.758     0.000     0.00    0.00
  53235.109     0.000     0.00    0.00
  53524.460     0.000     0.00    0.00
  53813.811     0.000     0.00    0.00
  54103.163     0.000     0.00    0.00
  54392.515     0.000     0.00    0.00
  54681.868     0.000     0.00    0.00
  54971.221     0.000     0.00    0.00
  55260.574     0.000     0.00    0.00
  55549.928     0.000     0.00    0.00
  55839.283     0.000     0.00    0.00
  56128.637     0.000     0.00    0.00
  56417.993     0.000     0.00    0.00
  56707.348     0.000     0.00    0.00
  56996.704     0.000     0.00    0.00
  57286.061     0.000     0.00    0.00
  57575.417     0.000     0.00    0.00
  57864.775     0.000     0.00    0.00
  58154.132     0.000     0.00    0.00
  58443.490     0.000     0.00    0.00
  58732.849     0.000     0.00    0.00
  59022.208     0.000     0.00    0.00
  59311.567     0.000     0.00    0.00
  59600.927     0.000     0.00    0.00
  59890.287     0.000     0.00    0.00
  60179.648     0.000     0.00    0.00
  60468.938     0.000     0.00    0.00
  60758.206     0.000     0.00    0.00
  61047.474     0.000     0.00    0.00
  61336.743     0.000     0.00    0.00
  61626.013     0.000     0.00    0.00
  61915.282     0.000     0.00    0.00
  62204.553     0.000     0.00    0.00
  62493.823     0.018     0.06    0.13
  62783.094     0.017    -0.00    0.13
  63072.366     0.164     0.51    0.86
  63361.638     0.310     0.51    1.14
  63650.910     0.917     2.10    2.18
  63940.183     1.411     1.71    3.10
  64229.457     2.276     2.99    4.28
  64518.731     2.800     1.81    4.88
  64808.005     2.729    -0.25    4.85
  65097.280     2.683    -0.16    4.77
  65386.555     2.339    -1.19    4.63
  65675.830     1.466    -3.02    3.69
  65965.106     0.797    -2.31    2.52
  66254.383     0.417    -1.31    1.61
  66543.660     0.242    -0.60    1.34
  66832.937     0.000    -0.84    0.00
  67122.215     0.000     0.00    0.00
  67411.494     0.000     0.00    0.00
  67700.773     0.000     0.00    0.00
  67990.052     0.000     0.00    0.00
  68279.332     0.000     0.00    0.00
  68568.612     0.000     0.00    0.00
  68857.893     0.000     0.00    0.00
  69147.174     0.000     0.00    0.00
  69436.456     0.000     0.00    0.00
  69725.738     0.000     0.00    0.00
  70015.021     0.000     0.00    0.00
  70304.304     0.000     0.00    0.00
  70593.587     0.136     0.47    0.54
  70882.871     0.517     1.32    1.05
  71172.156     1.000     1.67    1.54
  71461.441     1.586     2.03    1.77
  71750.727     2.237     2.25    2.39
  72040.013     3.759     5.26    4.55
  72329.299     5.536     6.14    6.22
  72618.586     6.467     3.22    6.65
  72907.874     7.167     2.42    6.71
  73197.162     8.148     3.39    7.13
  73486.450     8.224     0.26    6.98
  73775.739     7.286    -3.24    6.16
  74065.028     6.517    -2.66    5.06
  74354.318     6.345    -0.59    3.96
  74643.609     7.117     2.67    4.33
  74932.900     7.328     0.73    4.94
  75222.191     9.328     6.91    6.06
  75511.483     9.793     1.61    6.25
  75800.776     9.517    -0.95    6.12
  76090.069    10.066     1.90    6.09
  76379.362    10.138     0.25    6.07
  76668.656    10.390     0.87    5.94
  76957.951    10.625     0.81    5.46
  77247.246    11.068     1.53    5.62
  77536.541    11.500     1.49    5.59
  77825.837    10.559    -3.25    5.32
  78115.134    10.814     0.88    5.82
  78404.431    10.759    -0.19    5.79
  78693.728    10.897     0.48    5.59
  78983.026    10.695    -0.70    5.42
  79272.325    10.867     0.59    5.45
  79561.624    10.194    -2.33    5.28
  79850.924     9.268    -3.20    5.02
  80140.224     8.712    -1.92    4.39
  80429.524     7.930    -2.70    4.35
  80718.825     7.705    -0.78    3.75
  81008.127     8.361     2.27    4.43
  81297.429     9.207     2.93    4.89
  81586.732    11.000     6.20    5.21
  81876.035    12.982     6.85    5.02
  82165.339    13.750     2.65    4.60
  82454.644    14.650     3.11    3.79
  82743.949    14.483    -0.58    3.95
  83033.254    13.746    -2.55    4.25
  83322.560    12.982    -2.64    4.13
  83611.866    12.169    -2.81    4.25
  83901.173    11.310    -2.97    3.88
  84190.481    11.016    -1.02    3.40
  84479.789    11.250     0.81    3.35
  84769.098    11.464     0.74    3.54
  85058.407    11.552     0.30    3.19
  85347.717    11.052    -1.73    3.00
  85637.027    11.100     0.17    2.70
  85926.338    10.983    -0.40    2.63
  86215.649    10.433    -1.90    2.48
  86504.961    10.207    -0.78    2.12
  86794.274    10.429     0.77    2.18
  87083.587    10.717     1.00    2.37
  87372.900    10.817     0.35    2.43
  87662.214     9.952    -2.99    3.63
  87951.529     9.263    -2.38    4.50
  88240.844     7.931    -4.60    4.99
  88530.160     6.458    -5.09    5.32
  88819.476     5.034    -4.92    4.96
  89108.793     3.279    -6.07    3.58
  89398.111     2.172    -3.82    2.39
  89687.429     1.603    -1.97    1.79
  89976.747     1.345    -0.89    1.79
  90266.067     0.897    -1.55    1.62
  90555.386     0.567    -1.14    1.41
  90844.707     0.259    -1.06    0.81
  91134.028     0.033    -0.78    0.26
  91423.349     0.571     1.86    2.67
  91712.671     0.828     0.89    3.01
  92001.994     2.033     4.17    4.33
  92291.317     3.567     5.30    5.44
  92580.640     5.115     5.35    5.97
  92869.965     5.964     2.94    5.92
  93159.290     7.397     4.95    5.71
  93448.615     8.793     4.83    5.27
  93737.941     9.833     3.60    4.40
  94027.268    10.426     2.05    3.55
  94316.595    10.517     0.31    2.62
  94605.923    10.356    -0.56    2.70
  94895.251    10.250    -0.37    2.81
  95184.580     9.783    -1.61    3.56
  95473.910     8.898    -3.06    3.99
  95763.240     8.224    -2.33    4.56
  96052.571     7.271    -3.29    4.82
  96341.902     6.550    -2.49    4.81
  96631.234     5.883    -2.30    4.63
  96920.566     5.000    -3.05    4.22
  97209.900     4.183    -2.82    3.38
  97499.233     3.400    -2.71    2.93
  97788.568     3.293    -0.37    2.81
  98077.903     2.833    -1.59    2.23
  98367.238     2.448    -1.33    1.93
  98656.574     2.426    -0.08    2.02
  98945.911     2.400    -0.09    2.03
  99235.248     2.466     0.23    2.50
  99524.586     2.569     0.36    2.60
  99813.925     2.750     0.63    2.58
 100103.264     2.803     0.18    2.55
 100392.604     2.441    -1.25    2.07
 100681.944     2.283    -0.54    2.14
 100971.285     2.103    -0.62    2.23
 101260.626     1.821    -0.97    2.03
 101549.969     1.483    -1.17    1.75
 101839.312     1.069    -1.43    0.97
 102128.655     1.233     0.57    1.16
 102417.999     1.397     0.56    1.39
 102707.344     1.466     0.24    1.54
 102996.689     1.379    -0.30    1.55
 103286.035     1.448     0.24    1.63
 103575.381     1.377    -0.25    1.65
 103864.729     1.190    -0.65    1.58
 104154.076     1.138    -0.18    1.54
 104443.425     0.931    -0.72    1.46
 104732.774     0.702    -0.79    1.39
 105022.124     0.443    -0.90    1.16
 105311.474     0.172    -0.93    0.60
 105600.825     0.000    -0.60    0.00
 105890.176     0.000     0.00    0.00
 106179.529     0.000     0.00    0.00
 106468.881     0.000     0.00    0.00
 106758.235     0.000     0.00    0.00
 107047.589     0.000     0.00    0.00
 107336.944     0.000     0.00    0.00
 107626.299     0.000     0.00    0.00
 107915.655     0.000     0.00    0.00
 108205.012     0.000     0.00    0.00
 108494.369     0.000     0.00    0.00
 108783.727     0.000     0.00    0.00
 109073.086     0.000     0.00    0.00
 109362.445     0.000     0.00    0.00
 109651.805     0.000     0.00    0.00
 109941.166     0.000     0.00    0.00
 110230.527     0.000     0.00    0.00
 110519.889     0.000     0.00    0.00
 110809.251     0.000     0.00    0.00
 111098.614     0.000     0.00    0.00
 111387.978     0.000     0.00    0.00
 111677.343     0.000     0.00    0.00
 111966.708     0.000     0.00    0.00
 112256.074     0.000     0.00    0.00
 112545.440     0.000     0.00    0.00
 112834.807     0.000     0.00    0.00
 113124.175     0.000     0.00    0.00
 113413.544     0.000     0.00    0.00
 113702.913     0.000     0.00    0.00
 113992.283     0.000     0.00    0.00
 114281.653     0.000     0.00    0.00
 114571.024     0.000     0.00    0.00
 114860.396     0.000     0.00    0.00
 115149.769     0.000     0.00    0.00
 115439.142     0.000     0.00    0.00
 115728.516     0.000     0.00    0.00
 116017.890     0.000     0.00    0.00
 116307.266     0.000     0.00    0.00
 116596.642     0.000     0.00    0.00
 116886.018     0.000     0.00    0.00
 117175.395     0.000     0.00    0.00
 117464.773     0.000     0.00    0.00
 117754.152     0.000     0.00    0.00
 118043.531     0.000     0.00    0.00
 118332.911     0.000     0.00    0.00
 118622.292     0.000     0.00    0.00
 118911.673     0.000     0.00    0.00
 119201.056     0.000     0.00    0.00
 119490.438     0.000     0.00    0.00
 119779.822     0.000     0.00    0.00
 120069.206     0.000     0.00    0.00
 120358.591     0.000     0.00    0.00
 120647.976     0.000     0.00    0.00
 120937.363     0.000     0.00    0.00
 121226.750     0.000     0.00    0.00
 121516.137     0.000     0.00    0.00
 121805.526     0.000     0.00    0.00
 122094.915     0.000     0.00    0.00
 122384.304     0.000     0.00    0.00
 122673.613     0.000     0.00    0.00
 122962.851     0.000     0.00    0.00
 123252.091     0.000     0.00    0.00
 123541.331     0.000     0.00    0.00
 123830.571     0.000     0.00    0.00
 124119.813     0.000     0.00    0.00
 124409.055     0.000     0.00    0.00
 124698.297     0.000     0.00    0.00
 124987.541     0.000     0.00    0.00
 125276.785     0.000     0.00    0.00
 125566.030     0.000     0.00    0.00
 125855.276     0.000     0.00    0.00
 126144.522     0.000     0.00    0.00
 126433.769     0.000     0.00    0.00
 126723.017     0.000     0.00    0.00
 127012.265     0.000     0.00    0.00
 127301.515     0.000     0.00    0.00
 127590.764     0.000     0.00    0.00
 127880.015     0.000     0.00    0.00
 128169.267     0.000     0.00    0.00
 128458.519     0.000     0.00    0.00
 128747.772     0.000     0.00    0.00
 129037.025     0.000     0.00    0.00
 129326.280     0.000     0.00    0.00
 129615.535     0.000     0.00    0.00
 129904.791     0.000     0.00    0.00
 130194.047     0.000     0.00    0.00
 130483.305     0.000     0.00    0.00
 130772.563     0.000     0.00    0.00
 131061.821     0.000     0.00    0.00
 131351.081     0.000     0.00    0.00
 131640.341     0.000     0.00    0.00
 131929.602     0.000     0.00    0.00
 132218.864     0.000     0.00    0.00
 132508.127     0.000     0.00    0.00
 132797.390     0.000     0.00    0.00
 133086.654     0.000     0.00    0.00
 133375.919     0.000     0.00    0.00
 133665.184     0.000     0.00    0.00
 133954.451     0.000     0.00    0.00
 134243.718     0.000     0.00    0.00
 134532.985     0.000     0.00    0.00
 134822.254     0.000     0.00    0.00
 135111.523     0.000     0.00    0.00
 135400.793     0.000     0.00    0.00
 135690.064     0.000     0.00    0.00
 135979.336     0.000     0.00    0.00
 136268.608     0.000     0.00    0.00
 136557.881     0.000     0.00    0.00
 136847.155     0.000     0.00    0.00
 137136.430     0.000     0.00    0.00
 137425.706     0.000     0.00    0.00
 137714.982     0.000     0.00    0.00
 138004.259     0.000     0.00    0.00
 138293.537     0.000     0.00    0.00
 138582.815     0.000     0.00    0.00
 138872.094     0.000     0.00    0.00
 139161.375     0.000     0.00    0.00
 139450.655     0.000     0.00    0.00
 139739.937     0.000     0.00    0.00
 140029.220     0.000     0.00    0.00
 140318.503     0.000     0.00    0.00
 140607.787     0.000     0.00    0.00
 140897.072     0.000     0.00    0.00
 141186.357     0.000     0.00    0.00
 141475.644     0.000     0.00    0.00
 141764.931     0.000     0.00    0.00
 142054.219     0.000     0.00    0.00
 142343.507     0.000     0.00    0.00
 142632.797     0.000     0.00    0.00
 142922.087     0.000     0.00    0.00
 143211.379     0.000     0.00    0.00
 143500.670     0.000     0.00    0.00
 143789.963     0.000     0.00    0.00
 144079.257     0.000     0.00    0.00
 144368.551     0.000     0.00    0.00
 144657.846     0.000     0.00    0.00
 144947.142     0.000     0.00    0.00
 145236.439     0.000     0.00    0.00
 145525.736     0.000     0.00    0.00
 145815.035     0.000     0.00    0.00
 146104.334     0.000     0.00    0.00
 146393.634     0.000     0.00    0.00
 146682.935     0.000     0.00    0.00
 146972.236     0.000     0.00    0.00
 147261.539     0.000     0.00    0.00
 147550.842     0.000     0.00    0.00
 147840.146     0.000     0.00    0.00
 148129.451     0.000     0.00    0.00
 148418.757     0.000     0.00    0.00
 148708.063     0.000     0.00    0.00
 148997.370     0.000     0.00    0.00
 149286.679     0.000     0.00    0.00
 149575.988     0.000     0.00    0.00
 149865.297     0.000     0.00    0.00
 150154.608     0.000     0.00    0.00
 150443.919     0.000     0.00    0.00
 150733.232     0.000     0.00    0.00
 151022.545     0.000     0.00    0.00
 151311.859     0.000     0.00    0.00
 151601.173     0.000     0.00    0.00
 151890.489     0.000     0.00    0.00
 152179.805     0.000     0.00    0.00
 152469.123     0.000     0.00    0.00
 152758.441     0.000     0.00    0.00
 153047.760     0.000     0.00    0.00
 153337.080     0.000     0.00    0.00
 153626.400     0.000     0.00    0.00
 153915.722     0.000     0.00    0.00
 154205.044     0.000     0.00    0.00
 154494.367     0.000     0.00    0.00
 154783.691     0.000     0.00    0.00
 155073.016     0.000     0.00    0.00
 155362.342     0.000     0.00    0.00
 155651.668     0.000     0.00    0.00
 155940.996     0.000     0.00    0.00
 156230.324     0.000     0.00    0.00
 156519.653     0.000     0.00    0.00
 156808.983     0.000     0.00    0.00
 157098.314     0.000     0.00    0.00
 157387.646     0.000     0.00    0.00
 157676.978     0.000     0.00    0.00
 157966.312     0.000     0.00    0.00
 158255.646     0.000     0.00    0.00
 158544.981     0.000     0.00    0.00
 158834.317     0.000     0.00    0.00
 159123.654     0.000     0.00    0.00
 159412.992     0.000     0.00    0.00
 159702.330     0.000     0.00    0.00
 159991.670     0.000     0.00    0.00
 160281.010     0.000     0.00    0.00
 160570.351     0.000     0.00    0.00
 160859.693     0.000     0.00    0.00
 161149.036     0.000     0.00    0.00
 161438.380     0.000     0.00    0.00
 161727.725     0.000     0.00    0.00
 162017.070     0.000     0.00    0.00
 162306.417     0.000     0.00    0.00
 162595.764     0.000     0.00    0.00
 162885.112     0.000     0.00    0.00
 163174.461     0.000     0.00    0.00
 163463.811     0.000     0.00    0.00
 163753.162     0.000     0.00    0.00
 164042.514     0.000     0.00    0.00
 164331.867     0.000     0.00    0.00
 164621.220     0.000     0.00    0.00
 164910.575     0.000     0.00    0.00
 165199.930     0.000     0.00    0.00
 165489.286     0.000     0.00    0.00
 165778.643     0.000     0.00    0.00
 166068.001     0.000     0.00    0.00
 166357.360     0.000     0.00    0.00
 166646.720     0.000     0.00    0.00
 166936.081     0.000     0.00    0.00
 167225.442     0.000     0.00    0.00
 167514.805     0.000     0.00    0.00
 167804.168     0.000     0.00    0.00
 168093.533     0.000     0.00    0.00
 168382.898     0.000     0.00    0.00
 168672.264     0.000     0.00    0.00
 168961.631     0.000     0.00    0.00
 169250.999     0.000     0.00    0.00
 169540.368     0.000     0.00    0.00
 169829.738     0.000     0.00    0.00
 170119.108     0.000     0.00    0.00
 170408.480     0.000     0.00    0.00
 170697.852     0.000     0.00    0.00
 170987.226     0.000     0.00    0.00
 171276.600     0.000     0.00    0.00
 171565.976     0.000     0.00    0.00
 171855.352     0.000     0.00    0.00
 172144.729     0.000     0.00    0.00
 172434.107     0.000     0.00    0.00
 172723.486     0.000     0.00    0.00
 173012.866     0.000     0.00    0.00
 173302.247     0.000     0.00    0.00
 173591.628     0.000     0.00    0.00
 173881.011     0.000     0.00    0.00
 174170.395     0.000     0.00    0.00
 174459.779     0.000     0.00    0.00
 174749.165     0.000     0.00    0.00
 175038.551     0.000     0.00    0.00
 175327.938     0.000     0.00    0.00
 175617.327     0.000     0.00    0.00
 175906.716     0.000     0.00    0.00
 176196.106     0.000     0.00    0.00
 176485.497     0.000     0.00    0.00
 176774.889     0.000     0.00    0.00
 177064.282     0.000     0.00    0.00
 177353.676     0.000     0.00    0.00
 177643.071     0.000     0.00    0.00
 177932.467     0.000     0.00    0.00
 178221.864     0.000     0.00    0.00
 178511.261     0.000     0.00    0.00
 178800.660     0.000     0.00    0.00
 179090.060     0.000     0.00    0.00
 179379.460     0.000     0.00    0.00
 179668.862     0.000     0.00    0.00
 179958.264     0.000     0.00    0.00
 180247.668     0.000     0.00    0.00
 180537.072     0.000     0.00    0.00
 180826.478     0.000     0.00    0.00
 181115.884     0.000     0.00    0.00
 181405.291     0.000     0.00    0.00
 181694.700     0.000     0.00    0.00
 181984.109     0.000     0.00    0.00
 182273.519     0.000     0.00    0.00
 182562.930     0.000     0.00    0.00
 182852.342     0.000     0.00    0.00
 183141.755     0.000     0.00    0.00
 183431.170     0.000     0.00    0.00
 183720.585     0.000     0.00    0.00
 184010.001     0.000     0.00    0.00
 184299.418     0.000     0.00    0.00
 184588.836     0.000     0.00    0.00
 184878.189     0.000     0.00    0.00
 185167.397     0.000     0.00    0.00
 185456.606     0.000     0.00    0.00
 185745.816     0.000     0.00    0.00
 186035.027     0.000     0.00    0.00
 186324.239     0.000     0.00    0.00
 186613.452     0.000     0.00    0.00
 186902.665     0.000     0.00    0.00
 187191.880     0.000     0.00    0.00
 187481.096     0.000     0.00    0.00
 187770.313     0.000     0.00    0.00
 188059.531     0.000     0.00    0.00
 188348.750     0.000     0.00    0.00
 188637.969     0.000     0.00    0.00
 188927.190     0.000     0.00    0.00
 189216.412     0.000     0.00    0.00
 189505.635     0.000     0.00    0.00
 189794.859     0.000     0.00    0.00
 190084.084     0.000     0.00    0.00
 190373.309     0.000     0.00    0.00
 190662.536     0.000     0.00    0.00
 190951.764     0.000     0.00    0.00
 191240.993     0.000     0.00    0.00
 191530.223     0.000     0.00    0.00
 191819.454     0.000     0.00    0.00
 192108.685     0.000     0.00    0.00
 192397.918     0.000     0.00    0.00
 192687.152     0.000     0.00    0.00
 192976.387     0.000     0.00    0.00
 193265.623     0.000     0.00    0.00
 193554.860     0.000     0.00    0.00
 193844.098     0.000     0.00    0.00
 194133.337     0.000     0.00    0.00
 194422.577     0.000     0.00    0.00
 194711.818     0.000     0.00    0.00
 195001.060     0.000     0.00    0.00
 195290.303     0.000     0.00    0.00
