#   52.034  -1.000   7.195 ;Mean Elev.(m), Avg Gradient(m/km), RMS Gradient(m/km) - SRTM1     
#   49.437  -1.092   8.023 ;Mean Elev.(m), Avg Gradient(m/km), RMS Gradient(m/km) - ASTER GDEM
#   54.016  -1.048   7.559 ;Mean Elev.(m), Avg Gradient(m/km), RMS Gradient(m/km) - GMTED2010 
   2 291.468565  -3.400347    53.712    53.669  4 54672.42531999 48.221
   3 291.467090  -3.401485    25.580    26.033  5 54682.34096281 15.857
   4 291.469294  -3.400146    51.402    51.508  5 54692.25660522 49.662
   7 291.470798  -3.399588     2.792    13.307  5 54722.00354364 20.384
   8 291.465918  -3.400471    51.755    51.723  4 54731.91919166 46.275
   9 291.461549  -3.402082    51.865    51.872  3 54741.83483829 47.191
  10 291.460220  -3.402151    52.924    52.759  4 54751.75048550 24.131
  11 291.460593  -3.402074    53.089    53.697  3 54761.66613271 26.935
  12 291.461650  -3.402347    52.006    51.895  4 54771.58177747 36.953
  13 291.463179  -3.401171    53.264    53.274  4 54781.49741935 43.251
  14 291.463833  -3.402505    53.824    53.715  4 54791.41305782 43.848
  15 291.466219  -3.400205    54.741    54.989  4 54801.32869581 27.986
  16 291.468279  -3.400784    54.902    54.868  5 54811.24433306 41.369
  17 291.470561  -3.399915    54.520    54.560  5 54821.15997398 45.295
  18 291.468543  -3.400610    53.626    53.657  4 54831.07562573 47.001
  19 291.465381  -3.401169    52.453    52.380  4 54840.99126414 37.022
  20 291.461717  -3.401158    55.918    55.925  4 54850.90691308 31.531
  21 291.458751  -3.402316    57.171    57.100  3 54860.82256163 41.747
  22 291.457830  -3.401945    57.783    57.746  3 54870.73821079 45.167
  23 291.458590  -3.401378    58.148    58.088  3 54880.65385873 34.544
  24 291.459488  -3.402332    58.407    58.385  3 54890.56950297 46.885
  25 291.459110  -3.402453    58.884    58.740  3 54900.48514401 45.788
  26 291.458093  -3.402201    59.235    59.075  3 54910.40078272 48.146
  27 291.458172  -3.402348    59.033    59.037  4 54920.31641996 39.848
  28 291.461072  -3.401731    59.165    59.040  4 54930.23205711 47.279
  29 291.465711  -3.401482    58.933    58.932  4 54940.14769317 34.187
  30 291.470550  -3.400438    59.205    59.141  5 54950.06332784 49.300
  31 291.472252  -3.399694    59.316    59.330  5 54959.97896688 42.453
  32 291.469627  -3.400224    59.338    59.266  5 54969.89461502 34.925
  33 291.467490  -3.401476    59.379    59.345  4 54979.81026213 44.422
  34 291.466449  -3.401392    59.579    59.530  4 54989.72590944 30.716
  35 291.465517  -3.401516    58.745    58.746  4 54999.64155671 32.612
  36 291.465008  -3.400822    58.451    58.421  4 55009.55720226 32.728
  37 291.464582  -3.401228    57.951    57.793  4 55019.47284572 47.695
  38 291.464333  -3.401114    57.134    57.127  4 55029.38848781 31.433
  39 291.464051  -3.402372    56.619    56.633  4 55039.30412887 50.594
  40 291.466615  -3.401432    55.623    55.689  5 55049.21976931 30.728
  41 291.470046  -3.400844    55.122    55.282  5 55059.13540771 27.437
  42 291.472086  -3.399654    53.913    53.569  5 55069.05104736 34.812
  43 291.468793  -3.400394    52.353    52.399  4 55078.96669656 50.039
  44 291.464722  -3.400836    51.206    51.297  4 55088.88234396 48.198
  45 291.461390  -3.402119    52.019    50.706  3 55098.79799016 30.525
  46 291.460993  -3.401523    50.725    50.752  3 55108.71363656 47.513
  47 291.462180  -3.401209    51.445    51.438  4 55118.62928195 39.349
  48 291.462941  -3.402097    53.208    53.500  4 55128.54492458 25.675
  49 291.463348  -3.401472    53.372    53.585  3 55138.46056521 22.922
  50 291.463582  -3.401752    50.870    50.821  4 55148.37620388 49.210
  51 291.465679  -3.400906    50.652    50.661  4 55158.29184219 30.794
  52 291.468110  -3.401380    53.201    53.237  4 55168.20748002 47.867
  53 291.470875  -3.401005    55.626    55.658  5 55178.12311730 38.107
  54 291.470428  -3.400383    56.545    56.553  5 55188.03876219 32.536
  55 291.466405  -3.401111    57.241    57.208  5 55197.95441262 51.315
  56 291.462989  -3.401481    57.018    57.014  3 55207.87006241 41.116
  57 291.461404  -3.401668    55.805    55.816  3 55217.78571199 30.297
  58 291.460298  -3.402516    55.524    55.657  3 55227.70136080 28.347
  59 291.460136  -3.402395    55.857    55.873  3 55237.61700692 33.834
  60 291.460493  -3.401264    56.739    56.681  3 55247.53264962 48.558
  61 291.459314  -3.402375    56.277    56.259  4 55257.44828896 39.610
  62 291.459085  -3.402454    56.331    56.125  4 55267.36392734 41.832
  63 291.460661  -3.401546    56.986    56.845  3 55277.27956537 51.180
  64 291.464374  -3.400483    56.959    57.001  4 55287.19520244 38.179
  65 291.468915  -3.400639    57.342    57.129  5 55297.11083706 51.212
  66 291.470099  -3.400274    57.804    57.720  5 55307.02647806 34.834
  67 291.467281  -3.401174    58.082    58.019  4 55316.94212398 44.132
  68 291.465561  -3.400234    57.912    57.891  4 55326.85776942 33.515
  69 291.464704  -3.401640    57.640    57.607  4 55336.77341367 29.359
  70 291.465962  -3.400221    57.595    57.592  4 55346.68905818 41.815
  71 291.466168  -3.401394    57.180    57.222  5 55356.60470065 36.268
  72 291.466456  -3.400623    56.694    56.656  4 55366.52034129 48.080
  73 291.466870  -3.400335    54.708    54.508  4 55376.43598020 45.421
  74 291.468276  -3.400774    53.486    53.384  5 55386.35161791 46.138
  75 291.470549  -3.401637    53.537    53.239  5 55396.26725464 32.116
  77 291.470816  -3.401495    51.274    51.266  5 55416.09854641 47.911
  78 291.468145  -3.400799    50.519    50.550  5 55426.01419398 46.538
  79 291.465402  -3.400943    49.634    49.454  4 55435.92983899 31.819
  80 291.463034  -3.402156    48.592    47.191  4 55445.84548283 31.825
  81 291.462968  -3.401094    53.800    53.869  4 55455.76112682 19.117
  82 291.464115  -3.401340    47.541    47.581  4 55465.67676995 38.144
  83 291.466472  -3.401553    50.730    51.326  4 55475.59241019 25.782
  84 291.468706  -3.401028    52.509    53.279  4 55485.50804736 22.764
  85 291.469615  -3.401226    47.619    47.485  5 55495.42368192 40.700
  86 291.470768  -3.401511    47.784    47.753  5 55505.33931593 37.038
  87 291.468826  -3.400575    49.937    49.912  5 55515.25496626 38.351
  88 291.468070  -3.401227    51.362    51.388  5 55525.17061552 41.703
  89 291.467248  -3.401102    50.987    50.991  4 55535.08626302 44.915
  90 291.465431  -3.401224    53.120    53.106  5 55545.00190858 23.363
  91 291.463253  -3.401361    51.320    51.319  3 55554.91755244 38.814
  92 291.462271  -3.401169    54.677    55.398  4 55564.83319578 28.777
  93 291.463713  -3.401206    53.825    53.578  4 55574.74883874 30.298
  94 291.465870  -3.401558    54.448    54.342  4 55584.66448014 27.934
  95 291.468089  -3.401410    54.663    55.025  5 55594.58011815 25.752
  96 291.469360  -3.401587    53.995    53.973  5 55604.49575249 49.278
  97 291.471135  -3.400463    54.575    54.587  4 55614.41138474 35.305
  98 291.471923  -3.399739    54.848    54.824  5 55624.32702332 44.109
  99 291.469433  -3.400045    55.789    55.855  5 55634.24267508 41.092
 100 291.468245  -3.401003    56.254    56.268  4 55644.15832460 48.405
 101 291.467909  -3.400881    57.066    57.051  4 55654.07397163 49.216
 102 291.467349  -3.400807    57.712    57.741  4 55663.98961430 40.812
 103 291.466157  -3.401194    58.402    58.336  4 55673.90525408 37.497
 104 291.465925  -3.401335    58.796    58.814  5 55683.82089271 35.803
 105 291.468342  -3.400856    58.947    58.982  5 55693.73653045 46.430
 106 291.472117  -3.401232    58.802    58.792  4 55703.65216663 33.943
 108 291.470005  -3.399963    58.313    58.313  5 55723.48346102 39.653
 109 291.466779  -3.400366    58.003    57.910  4 55733.39910753 45.614
 110 291.465227  -3.400451    56.642    56.608  4 55743.31475279 35.118
 111 291.465057  -3.401768    56.190    56.073  4 55753.23039654 41.395
 112 291.467536  -3.400928    56.287    56.038  4 55763.14603868 50.476
 113 291.469583  -3.400612    54.898    54.843  4 55773.06167799 49.100
 114 291.470294  -3.400629    53.070    53.001  5 55782.97731385 45.432
 115 291.471118  -3.401029    51.268    51.306  5 55792.89294745 43.072
 117 291.471719  -3.400197    47.829    47.853  5 55812.72423321 38.781
 118 291.471135  -3.400835    48.292    48.297  5 55822.63988169 40.543
 119 291.471678  -3.400435    50.323    49.515  5 55832.55552565 40.718
 120 291.471923  -3.400733    52.056    52.064  5 55842.47116487 47.746
 121 291.472219  -3.400762    52.727    52.416  5 55852.38680085 36.545
 123 291.469692  -3.401358    50.517    50.579  5 55872.21808895 47.232
 124 291.469756  -3.400466    51.433    50.792  4 55882.13373852 28.108
 125 291.470399  -3.400758    53.364    53.221  4 55892.04938151 47.520
 126 291.472327  -3.399286    53.511    53.418  5 55901.96501950 40.151
 128 291.467943  -3.400304    55.359    55.295  4 55921.79630896 31.439
 129 291.465584  -3.400283    57.003    56.985  4 55931.71196111 41.778
 130 291.464942  -3.401359    57.755    57.722  5 55941.62760907 33.668
 131 291.464814  -3.401700    58.067    58.019  4 55951.54325265 32.743
 132 291.464185  -3.402441    58.491    58.334  4 55961.45889214 47.040
 133 291.464664  -3.401276    58.433    58.354  4 55971.37452956 33.914
 134 291.467163  -3.400631    58.617    58.601  5 55981.29016561 48.241
 135 291.471655  -3.400329    58.831    58.751  5 55991.20580046 44.974
 136 291.472332  -3.399944    58.928    58.963  5 56001.12144603 38.446
 137 291.469933  -3.400138    59.297    59.030  5 56011.03709566 39.322
 138 291.467339  -3.400570    59.450    59.432  4 56020.95274160 47.924
 139 291.464937  -3.401348    59.907    59.925  4 56030.86838478 48.753
 140 291.464903  -3.400456    59.843    59.885  4 56040.78402669 38.155
 141 291.466284  -3.401357    59.955    59.948  5 56050.69966607 48.924
 142 291.470117  -3.399968    59.813    59.797  5 56060.61530344 36.098
 144 291.469619  -3.401353    59.367    59.329  5 56080.44659070 47.556
 145 291.466822  -3.401033    59.100    59.012  5 56090.36223815 51.540
 146 291.465626  -3.401432    58.076    57.975  4 56100.27788302 50.116
 147 291.466313  -3.401223    55.259    55.250  4 56110.19351408 52.336
 148 291.468603  -3.400926    54.902    54.982  5 56120.10915379 48.756
 149 291.471435  -3.401001    54.319    54.345  5 56130.02478995 48.436
 151 291.469645  -3.400909    53.341    53.990  4 56149.85607362 27.912
 152 291.467565  -3.401087    49.589    49.437  5 56159.77172284 48.353
 153 291.467407  -3.400948    49.380    49.369  4 56169.68737093 38.866
 154 291.468046  -3.400852    51.013    50.153  5 56179.60301552 33.039
 155 291.468427  -3.401073    54.263    53.873  4 56189.51865575 22.583
 156 291.468991  -3.400533    54.202    53.793  5 56199.43429284 21.637
 157 291.470449  -3.401590    50.340    50.269  5 56209.34992683 42.736
 160 291.471791  -3.399290    51.090    51.123  5 56239.09686047 46.438
 161 291.468732  -3.401253    53.176    53.579  5 56249.01250962 20.353
 162 291.467543  -3.401094    52.306    52.334  5 56258.92815473 27.408
 163 291.467432  -3.400371    53.512    53.461  4 56268.84379740 22.960
 164 291.467691  -3.400679    53.423    53.484  4 56278.75943830 21.145
 165 291.465376  -3.401919    54.520    54.488  4 56288.67508831 36.226
 166 291.464435  -3.400647    56.296    56.284  4 56298.59073777 49.526
 167 291.463358  -3.400801    57.448    57.476  4 56308.50638281 39.563
 168 291.462221  -3.402273    58.046    57.955  4 56318.42202473 45.241
 169 291.462467  -3.402011    58.088    58.150  4 56328.33766564 36.218
 170 291.464667  -3.401673    58.224    58.218  4 56338.25330561 49.527
 171 291.468494  -3.401219    58.512    58.489  5 56348.16894381 50.209
 172 291.472414  -3.400200    58.735    58.644  5 56358.08457937 46.216
 173 291.468726  -3.400598    58.990    58.996  4 56368.00022859 44.651
 175 291.462456  -3.401737    59.315    59.309  4 56387.83152167 49.814
 176 291.463009  -3.402423    59.287    59.162  4 56397.74716529 34.531
 177 291.465548  -3.401445    59.415    59.390  4 56407.66280701 38.792
 178 291.468661  -3.400575    59.368    59.257  5 56417.57844471 33.616
 179 291.472605  -3.399584    59.304    59.331  5 56427.49407758 48.134
 180 291.468033  -3.400378    58.762    58.745  4 56437.40972949 37.106
 181 291.464129  -3.401945    58.183    58.108  4 56447.32537975 32.493
 182 291.462927  -3.402519    57.952    57.932  4 56457.24102813 49.282
 183 291.463058  -3.402308    57.582    57.526  4 56467.15667359 44.587
 184 291.463902  -3.402377    57.196    57.218  4 56477.07231512 46.883
 185 291.465743  -3.401356    56.469    56.489  4 56486.98795345 43.779
 186 291.467539  -3.401248    56.039    55.953  4 56496.90358923 30.099
 187 291.470655  -3.400795    54.505    54.468  5 56506.81922416 43.768
 189 291.470816  -3.405096    53.900    53.900  2 56526.65051393 29.873
 190 291.470151  -3.401443    53.565    53.412  5 56536.56616523 37.480
 192 291.464983  -3.400653    50.928    50.883  4 56556.39745525 44.034
 193 291.464497  -3.401174    51.083    51.038  4 56566.31309750 41.030
 194 291.466338  -3.401710    50.975    50.970  4 56576.22873859 32.116
 195 291.470455  -3.401168    52.740    52.608  5 56586.14437689 43.662
 197 291.469264  -3.400900    53.124    53.001  5 56605.97566758 39.427
 198 291.465942  -3.401400    53.669    53.637  4 56615.89131497 45.473
 199 291.465568  -3.400578    54.377    54.385  4 56625.80695956 23.887
 200 291.466513  -3.401139    54.937    55.096  5 56635.72260130 26.574
 201 291.469303  -3.400679    55.218    55.214  4 56645.63824152 27.861
 202 291.466151  -3.401196    55.291    55.327  5 56655.55389418 46.869
 203 291.463499  -3.401634    54.536    54.531  4 56665.46954239 41.104
 204 291.461809  -3.402160    56.466    56.415  4 56675.38518767 50.408
 205 291.461978  -3.401860    57.101    57.025  3 56685.30083192 42.084
 206 291.463963  -3.402036    57.286    57.249  4 56695.21647414 33.889
 207 291.468180  -3.401393    57.320    57.338  5 56705.13211225 49.772
 209 291.467301  -3.400929    57.666    57.623  5 56724.96339665 42.567
 210 291.462052  -3.402292    57.871    57.809  4 56734.87904594 33.813
 211 291.460282  -3.402275    58.378    58.405  3 56744.79469264 36.926
 212 291.462910  -3.401436    58.652    58.572  3 56754.71033560 35.612
 213 291.467828  -3.401397    58.955    58.937  4 56764.62597298 36.527
 214 291.470953  -3.400890    58.998    58.934  5 56774.54161017 37.002
 215 291.465037  -3.401278    59.305    59.247  5 56784.45726634 35.773
 216 291.459554  -3.402459    59.388    59.347  3 56794.37291850 44.836
 217 291.456734  -3.403231    59.159    59.089  3 56804.28856731 39.183
 218 291.459525  -3.401321    59.095    59.131  3 56814.20420991 47.718
 219 291.462335  -3.402429    58.808    58.776  4 56824.11984845 44.155
 220 291.466332  -3.400874    58.579    58.729  4 56834.03548374 45.091
 221 291.469988  -3.400604    57.877    57.708  4 56843.95111554 49.100
 222 291.469695  -3.400273    56.613    56.619  5 56853.86675880 32.073
 223 291.466281  -3.401164    55.537    55.554  5 56863.78241241 28.105
 224 291.464682  -3.400488    54.133    54.059  4 56873.69806595 42.520
 225 291.463258  -3.401631    53.245    52.919  3 56883.61371593 41.775
 226 291.462286  -3.401922    53.186    53.191  4 56893.52936272 37.897
 227 291.460770  -3.401473    53.762    53.833  4 56903.44500618 34.034
 228 291.459140  -3.401728    51.205    51.251  3 56913.36064730 47.532
 229 291.460195  -3.402103    51.448    51.174  3 56923.27628682 48.805
 230 291.464238  -3.402537    51.790    51.706  4 56933.19192421 46.728
 231 291.471408  -3.399861    54.535    54.677  5 56943.10755731 26.683
 232 291.471660  -3.400842    53.716    53.700  5 56953.02320258 37.418
 233 291.467657  -3.401314    55.095    54.761  5 56962.93885283 24.630
 234 291.464770  -3.400797    53.237    53.252  4 56972.85449882 38.407
 235 291.464403  -3.401664    54.097    53.965  4 56982.77014068 39.056
 236 291.468169  -3.400409    54.535    54.587  5 56992.68577874 45.379
 238 291.468154  -3.401456    56.260    56.158  5 57012.51707167 36.671
 239 291.464723  -3.401512    56.951    56.985  4 57022.43272294 50.119
 240 291.462393  -3.402379    57.370    57.392  4 57032.34837109 36.028
 241 291.462634  -3.401562    57.695    57.719  3 57042.26401750 34.495
 242 291.464245  -3.400918    58.118    58.087  4 57052.17966181 42.277
 243 291.466451  -3.401877    58.533    58.543  4 57062.09530154 42.430
 244 291.469539  -3.400822    58.842    58.675  5 57072.01093655 43.526
 245 291.472182  -3.400876    58.822    58.782  5 57081.92656748 35.446
 246 291.470080  -3.401513    58.957    58.902  5 57091.84221239 34.581
 247 291.465607  -3.400855    58.993    58.946  4 57101.75786985 43.441
 248 291.463825  -3.401093    59.304    59.305  4 57111.67352386 39.786
 249 291.464029  -3.402454    59.557    59.534  4 57121.58917192 38.953
 250 291.465356  -3.400172    59.849    59.849  4 57131.50481496 37.765
 251 291.466050  -3.401123    59.882    59.879  5 57141.42045195 37.431
 252 291.468016  -3.401060    60.194    60.163  4 57151.33608580 48.277
 254 291.469913  -3.400554    60.273    60.197  5 57171.16737146 40.511
 255 291.467656  -3.400974    60.153    60.159  4 57181.08302548 41.870
 256 291.465743  -3.400817    59.915    59.830  4 57190.99867583 35.902
 257 291.463845  -3.401464    59.664    59.627  3 57200.91432315 49.392
 258 291.463208  -3.401551    58.949    58.955  3 57210.82995732 35.631
 259 291.464106  -3.401690    58.360    58.333  4 57220.74560152 33.254
 260 291.465715  -3.401474    57.494    57.515  4 57230.66124464 35.220
 261 291.467592  -3.400347    56.500    56.424  4 57240.57688558 34.819
 262 291.469052  -3.400847    55.371    55.319  5 57250.49252323 44.204
 263 291.470841  -3.401203    54.134    54.084  5 57260.40815857 48.672
 265 291.470992  -3.400595    52.834    53.376  5 57280.23944587 28.893
 266 291.468931  -3.400319    50.493    49.903  5 57290.15510085 36.095
 267 291.466570  -3.401868    48.989    48.996  4 57300.07075257 44.755
 268 291.465499  -3.400738    49.317    49.333  4 57309.98640155 43.086
 269 291.463314  -3.401084    53.241    53.733  4 57319.90204702 27.206
 270 291.461878  -3.401140    52.598    52.454  4 57329.81768999 30.887
 271 291.462496  -3.401820    50.170    50.153  3 57339.73333098 29.583
 272 291.461299  -3.402342    53.577    53.674  3 57349.64898112 22.788
 273 291.462291  -3.401022    52.971    52.991  4 57359.56462763 40.896
 274 291.462432  -3.402346    54.277    54.258  4 57369.48027019 45.897
 275 291.463764  -3.400826    54.318    54.354  4 57379.39591059 44.038
 276 291.465672  -3.401907    56.011    55.966  4 57389.31154894 50.160
 277 291.469911  -3.400654    56.727    56.663  4 57399.22718692 36.181
 279 291.469873  -3.401476    54.154    54.042  5 57419.05847677 35.317
 280 291.465947  -3.402033    52.736    52.727  4 57428.97412658 44.401
 281 291.462986  -3.402235    55.864    55.866  4 57438.88977442 29.301
 282 291.462615  -3.401525    57.224    57.161  4 57448.80542158 34.236
 283 291.463507  -3.401070    57.775    57.764  4 57458.72106757 35.745
 284 291.465350  -3.401636    58.257    58.253  4 57468.63671038 42.610
 285 291.468149  -3.400676    58.456    58.369  5 57478.55234942 36.793
 286 291.470105  -3.399903    58.969    58.902  5 57488.46798492 37.042
 287 291.472304  -3.400386    58.763    58.792  5 57498.38361788 35.815
 289 291.469431  -3.400462    58.961    58.917  4 57518.21491355 49.651
 290 291.467273  -3.401700    58.452    58.430  4 57528.13056568 34.703
 291 291.466391  -3.401047    57.865    57.839  5 57538.04621552 34.904
 292 291.464839  -3.401399    57.668    57.694  4 57547.96186266 43.458
 293 291.463510  -3.401450    57.456    57.498  3 57557.87750874 44.754
 294 291.463245  -3.402129    56.530    56.505  4 57567.79315401 31.058
 295 291.464654  -3.401454    55.793    55.805  4 57577.70879913 36.220
 296 291.466148  -3.401261    55.548    55.511  4 57587.62444278 28.429
 297 291.466507  -3.401423    54.030    53.931  4 57597.54008373 37.051
