-292604.791    55.823     0.00    9.36
-292315.763    53.971    -6.41    9.13
-292026.738    51.926    -7.08    9.47
-291737.715    50.520    -4.86    9.27
-291448.695    51.572     3.64    9.44
-291159.677    52.417     2.93    9.40
-290870.662    53.519     3.81   10.03
-290581.649    55.353     6.35    9.78
-290292.639    55.784     1.49    9.11
-290003.632    56.418     2.19    8.32
-289714.627    56.872     1.57    8.35
-289425.624    57.322     1.56    8.43
-289136.624    57.568     0.85    8.22
-288847.627    57.801     0.81    8.42
-288558.632    58.813     3.50    8.74
-288269.640    60.276     5.06    8.37
-287980.116    60.801     1.81    8.70
-287690.584    60.095    -2.44    8.76
-287401.054    60.677     2.01    9.08
-287111.527    61.334     2.27    9.67
-286822.003    61.701     1.27    9.63
-286532.480    62.044     1.19    9.45
-286242.961    63.951     6.59    8.66
-285953.444    65.074     3.88    7.90
-285663.929    65.848     2.67    7.84
-285374.417    66.382     1.85    7.21
-285084.908    66.917     1.85    6.40
-284795.401    66.451    -1.61    6.80
-284505.896    66.951     1.73    6.27
-284216.394    67.072     0.42    6.02
-283926.895    66.534    -1.86    6.64
-283637.398    66.951     1.44    6.84
-283347.904    66.899    -0.18    6.80
-283058.412    67.271     1.28    6.75
-282768.923    67.518     0.85    6.50
-282479.436    68.151     2.19    6.28
-282189.952    69.058     3.13    5.75
-281900.470    69.951     3.08    5.47
-281610.991    70.520     1.97    5.34
-281321.514    71.768     4.31    4.72
-281032.040    72.681     3.15    3.67
-280742.568    73.382     2.42    2.83
-280453.099    73.418     0.12    2.74
-280163.632    72.960    -1.58    3.06
-279874.168    72.041    -3.17    2.97
-279584.707    71.451    -2.04    2.69
-279295.247    70.824    -2.17    2.26
-279005.791    71.134     1.07    2.66
-278716.337    71.784     2.25    2.93
-278426.885    72.417     2.19    2.89
-278137.436    73.003     2.02    2.75
-277847.989    73.451     1.55    2.71
-277558.545    74.134     2.36    2.82
-277269.103    74.732     2.06    2.74
-276979.664    74.739     0.03    2.91
-276690.227    74.279    -1.59    3.27
-276400.793    74.051    -0.79    3.07
-276111.361    72.739    -4.53    3.69
-275821.932    71.366    -4.74    4.71
-275532.505    70.693    -2.33    4.85
-275243.081    70.574    -0.41    5.30
-274953.659    70.582     0.03    5.64
-274664.240    70.334    -0.86    5.69
-274374.823    70.790     1.57    5.68
-274085.409    71.468     2.34    5.41
-273795.997    71.451    -0.06    5.18
-273506.588    71.451     0.00    4.79
-273217.181    72.261     2.80    4.61
-272927.776    74.386     7.34    4.02
-272638.374    75.227     2.91    3.36
-272348.975    76.020     2.74    3.15
-272059.578    76.572     1.91    2.74
-271770.183    77.001     1.48    2.25
-271480.791    77.009     0.03    2.12
-271191.402    76.555    -1.57    2.21
-270902.015    76.368    -0.65    2.09
-270612.630    76.505     0.47    1.92
-270323.248    76.589     0.29    2.04
-270033.868    76.730     0.49    2.24
-269744.491    76.918     0.65    2.33
-269455.116    77.009     0.31    2.33
-269165.743    77.040     0.11    2.49
-268876.374    76.197    -2.92    2.54
-268587.006    75.520    -2.34    2.67
-268297.641    74.828    -2.39    2.77
-268008.279    74.209    -2.14    2.68
-267718.918    73.621    -2.03    2.64
-267429.561    73.248    -1.29    2.20
-267140.206    73.201    -0.16    2.10
-266850.853    73.548     1.20    2.45
-266561.502    74.134     2.03    2.66
-266272.155    74.684     1.90    2.57
-265982.809    74.830     0.50    2.59
-265693.466    74.862     0.11    2.62
-265404.126    74.518    -1.19    2.85
-265114.788    73.313    -4.16    3.93
-264825.452    72.434    -3.04    4.38
-264536.119    71.568    -3.00    5.46
-264246.788    70.882    -2.37    5.76
-263957.459    70.796    -0.30    5.98
-263668.134    70.865     0.24    5.85
-263378.810    71.238     1.29    5.18
-263089.489    72.761     5.27    3.67
-262800.170    73.214     1.56    2.78
-262510.854    72.830    -1.33    2.46
-262221.540    72.572    -0.89    2.46
-261932.229    72.322    -0.86    2.14
-261642.920    72.084    -0.82    2.15
-261353.614    71.877    -0.72    2.26
-261064.309    71.872    -0.02    2.46
-260775.008    71.761    -0.38    2.36
-260485.708    71.349    -1.42    2.98
-260196.412    70.918    -1.49    3.15
-259907.117    70.618    -1.04    3.32
-259617.825    69.968    -2.24    3.56
-259328.536    69.536    -1.50    3.57
-259039.248    69.469    -0.23    3.63
-258749.964    69.118    -1.21    3.91
-258460.681    69.730     2.12    4.48
-258171.401    69.072    -2.27    5.45
-257882.124    68.112    -3.32    6.25
-257592.849    67.718    -1.36    6.41
-257303.576    67.484    -0.81    6.86
-257014.306    67.044    -1.52    7.43
-256725.038    66.568    -1.65    7.32
-256435.772    67.201     2.19    6.87
-256146.509    67.899     2.41    7.07
-255857.248    69.034     3.92    6.76
-255567.990    69.486     1.56    6.54
-255278.734    68.877    -2.10    6.98
-254989.480    67.851    -3.55    6.84
-254700.229    67.227    -2.16    7.21
-254410.980    66.089    -3.93    7.08
-254121.734    65.701    -1.34    7.25
-253832.490    66.074     1.29    6.84
-253543.248    66.901     2.86    6.12
-253254.009    68.435     5.30    4.92
-252964.772    68.624     0.65    4.44
-252675.538    68.612    -0.04    4.70
-252386.306    68.768     0.54    4.60
-252097.076    69.279     1.77    4.08
-251807.849    70.550     4.39    3.74
-251518.624    71.365     2.82    3.58
-251229.401    72.296     3.22    3.12
-250940.181    72.693     1.37    2.62
-250650.963    72.417    -0.95    2.83
-250361.748    72.205    -0.73    3.35
-250072.535    72.158    -0.16    3.54
-249783.324    71.501    -2.27    3.73
-249494.116    71.255    -0.85    3.57
-249204.910    70.756    -1.72    3.31
-248915.706    71.172     1.44    3.51
-248626.505    72.112     3.25    2.92
-248337.306    72.034    -0.27    2.87
-248048.110    72.201     0.58    2.71
-247758.916    72.451     0.86    2.64
-247469.724    72.934     1.67    2.29
-247180.534    73.518     2.02    2.03
-246891.347    73.822     1.05    1.93
-246602.163    74.193     1.28    1.61
-246312.980    74.251     0.20    1.83
-246023.800    74.223    -0.10    1.79
-245734.623    74.058    -0.57    1.82
-245445.447    73.468    -2.04    1.89
-245156.274    73.265    -0.70    1.97
-244867.104    73.061    -0.70    1.80
-244577.935    73.124     0.22    1.88
-244288.770    73.084    -0.14    1.82
-243999.606    73.089     0.02    2.11
-243710.445    73.320     0.80    2.09
-243421.286    73.268    -0.18    2.45
-243132.129    72.925    -1.19    2.85
-242842.975    72.926     0.00    2.86
-242553.823    72.624    -1.05    3.36
-242264.674    72.201    -1.46    3.69
-241975.527    71.951    -0.86    3.62
-241686.382    72.268     1.10    3.79
-241397.239    72.761     1.71    3.77
-241108.099    72.942     0.63    3.62
-240818.961    72.451    -1.70    3.60
-240529.826    72.668     0.75    2.86
-240240.692    72.693     0.09    2.70
-239951.562    72.503    -0.66    2.74
-239662.433    72.003    -1.73    2.87
-239373.307    71.468    -1.85    2.66
-239084.183    71.486     0.06    3.13
-238795.061    70.992    -1.71    3.89
-238505.942    70.710    -0.98    4.29
-238216.825    70.296    -1.43    4.35
-237927.710    70.468     0.60    4.12
-237638.598    70.418    -0.17    3.84
-237349.488    70.877     1.59    3.43
-237060.380    71.210     1.15    3.17
-236771.275    70.918    -1.01    3.37
-236482.172    71.219     1.04    3.21
-236193.071    71.865     2.23    3.23
-235903.973    72.222     1.23    2.95
-235614.877    72.318     0.33    2.72
-235325.783    72.336     0.06    2.37
-235036.691    72.594     0.89    2.21
-234747.602    72.655     0.21    2.07
-234458.515    72.451    -0.70    1.89
-234169.430    72.096    -1.23    1.67
-233880.348    71.812    -0.98    1.84
-233591.268    71.779    -0.11    1.89
-233302.190    71.553    -0.78    2.01
-233013.115    71.165    -1.34    2.21
-232724.042    70.484    -2.36    2.63
-232434.971    70.051    -1.50    2.87
-232145.902    69.419    -2.19    3.12
-231856.836    68.671    -2.59    3.25
-231567.772    68.433    -0.82    2.96
-231278.710    68.061    -1.29    2.92
-230989.651    67.986    -0.26    3.17
-230700.594    67.768    -0.75    3.15
-230411.539    67.951     0.63    3.25
-230122.486    67.382    -1.97    3.44
-229833.436    66.675    -2.45    3.96
-229544.388    64.382    -7.93    6.45
-229255.342    62.271    -7.30    7.63
-228966.299    61.722    -1.90    7.70
-228677.258    60.418    -4.51    7.77
-228388.219    59.124    -4.48    7.34
-228099.182    58.003    -3.88    6.91
-227810.148    58.369     1.27    6.80
-227521.116    58.734     1.26    6.93
-227232.086    60.090     4.69    6.36
-226943.058    60.960     3.01    5.64
-226654.033    61.537     2.00    5.28
-226365.010    62.044     1.75    5.24
-226075.989    62.693     2.24    5.11
-225786.616    63.271     2.00    4.99
-225497.110    64.744     5.09    4.07
-225207.607    65.671     3.20    3.70
-224918.106    66.398     2.51    3.68
-224628.607    67.268     3.01    3.16
-224339.110    67.871     2.08    2.36
-224049.616    68.348     1.65    1.96
-223760.124    68.451     0.36    2.12
-223470.634    68.434    -0.06    2.05
-223181.147    68.434     0.00    2.16
-222891.662    68.078    -1.23    2.41
-222602.179    67.739    -1.17    2.31
-222312.698    67.025    -2.47    2.39
-222023.219    66.451    -1.98    2.08
-221733.743    66.118    -1.15    2.01
-221444.269    66.348     0.79    2.17
-221154.797    66.274    -0.26    2.27
-220865.328    66.668     1.36    2.58
-220575.861    66.418    -0.86    3.26
-220286.396    66.055    -1.25    4.08
-219996.933    65.505    -1.90    4.62
-219707.472    64.668    -2.89    4.71
-219418.014    64.349    -1.10    4.87
-219128.558    64.517     0.58    4.74
-218839.104    64.796     0.96    4.85
-218549.653    65.523     2.51    4.79
-218260.204    66.584     3.67    4.27
-217970.757    67.417     2.88    3.46
-217681.312    68.238     2.84    2.75
-217391.869    68.417     0.62    2.85
-217102.429    68.606     0.66    3.02
-216812.991    68.434    -0.60    3.30
-216523.555    67.382    -3.63    3.90
-216234.121    67.451     0.24    3.97
-215944.690    67.244    -0.71    3.96
-215655.260    67.034    -0.72    3.97
-215365.834    66.697    -1.17    4.12
-215076.409    66.451    -0.85    3.91
-214786.986    65.967    -1.67    3.55
-214497.566    66.334     1.27    3.24
-214208.148    66.566     0.80    2.68
-213918.732    66.890     1.12    2.61
-213629.318    67.365     1.64    2.50
-213339.907    67.739     1.29    2.80
-213050.498    68.234     1.71    2.93
-212761.090    68.795     1.94    2.49
-212471.686    68.917     0.42    2.16
-212182.283    68.318    -2.07    2.93
-211892.883    68.258    -0.21    3.04
-211603.484    68.234    -0.08    3.10
-211314.088    67.824    -1.42    3.42
-211024.695    67.503    -1.11    3.46
-210735.303    67.502    -0.00    3.52
-210445.914    67.468    -0.12    3.49
-210156.527    67.134    -1.15    3.21
-209867.142    66.693    -1.53    2.93
-209577.759    66.763     0.24    2.72
-209288.378    66.968     0.71    1.91
-208999.000    66.872    -0.33    1.99
-208709.624    66.502    -1.28    2.10
-208420.250    65.693    -2.80    2.59
-208130.878    65.634    -0.20    2.77
-207841.508    65.316    -1.10    2.84
-207552.141    65.095    -0.76    3.40
-207262.776    63.779    -4.55    4.71
-206973.413    62.872    -3.13    5.51
-206684.052    62.668    -0.71    5.82
-206394.693    62.834     0.58    5.97
-206105.337    63.058     0.77    5.84
-205815.982    63.003    -0.19    5.85
-205526.630    63.662     2.28    5.25
-205237.280    64.851     4.11    3.87
-204947.932    65.365     1.78    3.10
-204658.587    65.189    -0.61    2.94
-204369.243    65.486     1.03    2.86
-204079.902    65.417    -0.24    2.60
-203790.563    65.779     1.25    2.35
-203501.226    65.968     0.66    2.03
-203211.891    65.910    -0.20    2.02
-202922.559    66.055     0.50    1.92
-202633.228    65.824    -0.80    2.19
-202343.900    65.808    -0.05    2.24
-202054.574    65.618    -0.66    2.43
-201765.250    64.927    -2.39    3.21
-201475.928    64.112    -2.81    4.09
-201186.609    63.401    -2.46    4.06
-200897.291    62.784    -2.13    4.31
-200607.976    62.193    -2.05    4.44
-200318.663    61.518    -2.33    4.84
-200029.352    61.334    -0.63    4.63
-199740.043    61.080    -0.88    4.85
-199450.737    60.486    -2.05    4.92
-199161.432    60.368    -0.41    4.96
-198872.130    60.737     1.28    5.11
-198582.830    61.387     2.25    4.95
-198293.532    60.807    -2.00    5.10
-198004.236    59.739    -3.69    5.23
-197714.942    58.486    -4.33    5.59
-197425.650    58.503     0.06    5.62
-197136.361    58.984     1.66    5.62
-196847.074    60.044     3.66    6.06
-196557.788    61.290     4.31    6.23
-196268.505    63.349     7.12    4.84
-195979.224    64.790     4.98    3.32
-195689.946    64.824     0.12    3.22
-195400.669    64.693    -0.45    3.19
-195111.394    64.517    -0.61    3.29
-194822.122    64.020    -1.72    3.19
-194532.852    63.710    -1.07    3.40
-194243.584    63.261    -1.55    3.41
-193954.318    63.065    -0.68    3.46
-193665.054    62.784    -0.97    3.89
-193375.792    62.268    -1.79    4.07
-193086.533    61.697    -1.97    3.93
-192797.275    60.749    -3.28    3.92
-192508.020    60.572    -0.61    4.33
-192218.767    59.875    -2.41    4.80
-191929.515    59.587    -1.00    5.43
-191640.266    59.386    -0.70    5.34
-191351.020    59.055    -1.14    5.60
-191061.775    57.761    -4.47    5.97
-190772.532    56.655    -3.83    6.01
-190483.292    55.570    -3.75    6.08
-190194.053    54.336    -4.26    6.07
-189904.817    53.451    -3.06    6.06
-189615.583    53.587     0.47    6.15
-189326.350    53.683     0.33    6.53
-189037.120    54.284     2.08    6.66
-188747.893    55.123     2.90    6.81
-188458.667    56.129     3.48    6.33
-188169.443    58.218     7.22    5.77
-187880.222    59.308     3.77    4.80
-187591.002    60.129     2.84    3.80
-187301.785    60.968     2.90    3.34
-187012.569    60.934    -0.12    3.14
-186723.356    61.107     0.60    2.92
-186434.145    60.890    -0.75    3.19
-186144.936    59.734    -3.99    4.01
-185855.729    58.630    -3.82    5.35
-185566.524    57.306    -4.58    6.17
-185277.322    56.451    -2.96    6.22
-184988.121    56.201    -0.86    6.48
-184698.922    55.917    -0.98    6.46
-184409.726    56.227     1.07    6.56
-184120.532    56.875     2.24    6.28
-183831.339    57.434     1.93    6.21
-183542.149    57.983     1.90    6.22
-183252.961    59.197     4.20    5.78
-182963.775    60.065     3.00    4.98
-182674.591    60.606     1.87    4.27
-182385.409    61.158     1.91    3.90
-182096.229    61.533     1.30    3.92
-181807.051    61.451    -0.28    3.76
-181517.876    61.917     1.61    3.12
-181228.702    61.761    -0.54    3.32
-180939.531    61.848     0.30    3.04
-180650.361    61.959     0.39    3.07
-180361.194    61.901    -0.20    2.89
-180072.028    62.320     1.45    3.07
-179782.865    62.451     0.45    2.87
-179493.704    62.555     0.36    2.88
-179204.545    62.584     0.10    2.93
-178915.388    62.536    -0.17    2.63
-178626.233    62.234    -1.04    2.43
-178337.080    61.899    -1.16    2.33
-178047.929    61.917     0.06    2.17
-177758.780    61.744    -0.60    1.94
-177469.633    61.701    -0.15    1.94
-177180.489    61.977     0.95    1.75
-176891.346    61.882    -0.33    1.86
-176602.205    61.768    -0.40    2.21
-176313.067    61.328    -1.52    2.62
-176023.930    59.977    -4.68    3.95
-175734.796    59.484    -1.70    4.26
-175445.663    59.084    -1.38    4.24
-175156.533    59.218     0.46    4.61
-174867.404    58.960    -0.89    4.69
-174578.278    58.824    -0.47    4.58
-174289.154    58.882     0.20    4.61
-174000.032    60.009     3.90    4.30
-173710.911    60.828     2.84    4.14
-173421.793    61.227     1.38    3.74
-173132.677    60.909    -1.10    3.78
-172843.563    61.255     1.20    3.55
-172554.451    61.338     0.29    3.54
-172265.341    61.655     1.09    3.58
-171976.233    61.668     0.05    3.64
-171687.127    61.624    -0.15    3.44
-171398.023    61.942     1.10    2.93
-171108.921    62.118     0.61    2.78
-170819.821    62.037    -0.28    2.61
-170530.723    61.746    -1.01    2.90
-170241.628    61.553    -0.67    2.71
-169952.534    62.037     1.68    2.37
-169663.442    62.055     0.06    2.36
-169374.352    61.951    -0.36    3.12
-169085.264    62.058     0.37    3.34
-168796.179    62.089     0.11    3.32
-168507.095    62.020    -0.24    3.52
-168218.013    61.693    -1.13    3.44
-167928.934    61.732     0.14    3.44
-167639.856    62.000     0.93    3.23
-167350.780    62.168     0.58    2.98
-167061.707    62.172     0.02    2.69
-166772.635    62.223     0.18    2.60
-166483.565    62.244     0.07    2.43
-166194.498    62.484     0.83    2.02
-165905.432    62.299    -0.64    1.91
-165616.368    62.218    -0.28    1.85
-165327.307    61.917    -1.04    1.80
-165038.247    61.848    -0.24    1.58
-164749.189    62.013     0.57    1.61
-164460.134    62.201     0.65    1.83
-164171.080    62.435     0.81    1.77
-163882.028    62.296    -0.48    2.08
-163592.774    61.892    -1.40    2.81
-163303.295    61.434    -1.58    3.16
-163013.818    61.284    -0.52    3.28
-162724.343    60.568    -2.48    3.23
-162434.870    60.268    -1.04    3.30
-162145.399    60.322     0.19    3.24
-161855.930    60.311    -0.04    2.92
-161566.463    60.468     0.54    2.61
-161276.997    61.020     1.91    1.91
-160987.534    60.901    -0.41    1.91
-160698.073    60.709    -0.66    1.97
-160408.614    60.802     0.32    2.05
-160119.157    60.227    -1.99    2.32
-159829.702    60.148    -0.27    2.68
-159540.248    60.009    -0.48    2.88
-159250.797    58.926    -3.74    3.57
-158961.348    58.568    -1.24    3.74
-158671.901    57.951    -2.13    3.89
-158382.455    57.574    -1.30    4.06
-158093.012    57.368    -0.71    3.99
-157803.571    57.106    -0.90    3.96
-157514.131    57.172     0.23    4.10
-157224.694    56.960    -0.74    4.16
-156935.259    55.986    -3.37    4.71
-156645.825    55.313    -2.32    4.98
-156356.394    55.244    -0.24    4.89
-156066.964    55.681     1.51    5.01
-155777.536    56.330     2.25    4.88
-155488.111    57.158     2.86    4.53
-155198.687    58.158     3.46    3.96
-154909.266    59.279     3.87    3.03
-154619.846    59.209    -0.24    3.08
-154330.428    59.112    -0.34    3.32
-154041.012    58.868    -0.84    3.52
-153751.598    58.732    -0.47    3.27
-153462.187    59.089     1.23    3.51
-153172.777    59.434     1.19    3.57
-152883.369    59.502     0.23    3.40
-152593.963    59.730     0.79    2.96
-152304.559    59.558    -0.59    2.90
-152015.156    59.417    -0.49    2.83
-151725.756    59.574     0.54    2.74
-151436.358    59.677     0.36    2.59
-151146.962    59.976     1.03    2.57
-150857.567    60.106     0.45    2.47
-150568.175    60.349     0.84    2.19
-150278.784    60.311    -0.13    2.25
-149989.396    59.851    -1.59    2.33
-149700.009    59.251    -2.07    2.05
-149410.625    59.051    -0.69    1.82
-149121.242    59.061     0.04    1.91
-148831.861    59.083     0.07    2.37
-148542.482    59.051    -0.11    2.80
-148253.105    58.244    -2.79    3.52
-147963.730    57.648    -2.06    4.07
-147674.357    57.168    -1.66    4.48
-147384.986    56.417    -2.60    4.52
-147095.617    55.882    -1.85    4.53
-146806.250    56.055     0.60    4.13
-146516.884    56.484     1.49    4.23
-146227.521    57.248     2.64    3.84
-145938.159    58.129     3.05    3.55
-145648.800    58.365     0.82    3.64
-145359.442    59.872     5.21    2.83
-145070.086    60.156     0.98    2.55
-144780.732    60.334     0.62    2.61
-144491.381    60.838     1.74    2.38
-144202.031    60.969     0.45    2.18
-143912.682    60.779    -0.66    2.38
-143623.336    60.366    -1.43    2.43
-143333.992    59.641    -2.51    2.24
-143044.650    59.304    -1.17    2.36
-142755.309    58.779    -1.81    2.76
-142465.970    57.158    -5.60    4.03
-142176.634    56.520    -2.20    3.81
-141887.299    56.587     0.23    3.85
-141597.966    56.550    -0.13    3.71
-141308.635    56.710     0.55    3.66
-141019.306    57.568     2.97    3.48
-140729.979    58.290     2.50    2.97
-140440.654    58.572     0.97    2.55
-140151.330    58.718     0.50    2.43
-139862.009    58.918     0.69    2.35
-139572.689    58.877    -0.14    2.46
-139283.372    58.790    -0.30    2.49
-138994.056    58.485    -1.06    2.41
-138704.742    58.061    -1.46    2.47
-138415.430    57.648    -1.43    2.32
-138126.120    57.861     0.74    2.28
-137836.812    57.951     0.31    2.42
-137547.505    58.248     1.03    2.40
-137258.201    58.451     0.70    2.49
-136968.898    58.648     0.68    2.51
-136679.597    59.284     2.20    1.72
-136390.299    59.051    -0.81    1.81
-136101.002    58.813    -0.82    1.82
-135811.706    58.594    -0.76    1.88
-135522.413    58.756     0.56    1.88
-135233.122    58.606    -0.52    1.83
-134943.832    58.697     0.31    1.89
-134654.545    58.502    -0.67    1.84
-134365.259    58.574     0.25    1.90
-134075.975    58.003    -1.97    2.21
-133786.693    57.727    -0.95    2.17
-133497.413    57.615    -0.39    2.05
-133208.135    57.193    -1.46    1.93
-132918.858    57.051    -0.49    2.28
-132629.584    56.382    -2.31    2.31
-132340.311    55.790    -2.05    2.39
-132051.040    55.500    -1.01    2.37
-131761.771    55.618     0.41    2.51
-131472.504    55.887     0.93    3.08
-131183.239    56.276     1.35    2.97
-130893.976    56.727     1.56    2.97
-130604.714    57.218     1.70    2.56
-130315.454    58.055     2.89    2.58
-130026.197    58.336     0.97    2.42
-129736.941    58.503     0.58    2.24
-129447.686    58.693     0.66    2.12
-129158.434    58.784     0.32    1.98
-128869.184    58.534    -0.86    2.04
-128579.935    58.369    -0.57    2.04
-128290.688    57.934    -1.50    2.06
-128001.443    57.584    -1.21    2.05
-127712.200    57.612     0.09    2.14
-127422.959    57.282    -1.14    2.34
-127133.720    57.334     0.18    2.59
-126844.482    56.951    -1.33    3.01
-126555.246    56.484    -1.62    3.46
-126266.012    56.183    -1.04    3.49
-125976.780    56.316     0.46    3.53
-125687.550    56.451     0.47    3.35
-125398.322    56.631     0.62    3.20
-125109.095    56.418    -0.74    2.95
-124819.870    56.606     0.65    2.35
-124530.648    56.892     0.99    2.00
-124241.426    56.933     0.14    2.41
-123952.207    56.709    -0.77    2.86
-123662.990    56.722     0.05    3.24
-123373.774    56.884     0.56    3.40
-123084.560    57.261     1.30    3.24
-122795.348    57.135    -0.44    3.11
-122506.138    57.061    -0.26    3.10
-122216.930    56.934    -0.44    2.78
-121927.723    57.058     0.43    2.83
-121638.518    57.231     0.60    2.76
-121349.315    57.118    -0.39    3.31
-121060.114    56.779    -1.17    3.90
-120770.915    56.796     0.06    3.90
-120481.718    57.107     1.08    4.16
-120192.522    57.348     0.83    4.35
-119903.328    57.756     1.41    4.28
-119614.136    57.503    -0.88    4.23
-119324.946    58.290     2.72    3.74
-119035.757    58.910     2.14    3.52
-118746.570    59.501     2.04    2.97
-118457.386    59.251    -0.86    2.92
-118168.202    59.346     0.33    2.34
-117879.021    59.382     0.13    2.04
-117589.842    59.118    -0.91    2.00
-117300.664    59.044    -0.25    2.10
-117011.488    59.189     0.50    2.09
-116722.314    59.227     0.13    2.10
-116433.142    59.175    -0.18    2.28
-116143.971    58.624    -1.91    2.36
-115854.802    58.101    -1.81    2.21
-115565.635    57.994    -0.37    2.24
-115276.470    57.744    -0.86    2.12
-114987.307    57.366    -1.31    2.22
-114698.145    57.130    -0.82    2.31
-114408.985    57.146     0.06    2.39
-114119.827    57.251     0.36    2.36
-113830.671    57.318     0.23    2.30
-113541.517    56.894    -1.47    2.35
-113252.364    56.933     0.14    2.52
-112963.213    56.570    -1.26    3.02
-112674.064    56.210    -1.25    3.06
-112384.916    56.205    -0.02    3.12
-112095.771    55.730    -1.64    3.10
-111806.627    55.210    -1.80    3.11
-111517.485    54.756    -1.57    3.03
-111228.345    54.326    -1.49    3.49
-110939.206    54.145    -0.63    3.40
-110650.069    53.383    -2.63    3.88
-110360.934    52.834    -1.90    4.33
-110071.801    52.727    -0.37    4.60
-109782.669    52.118    -2.11    5.10
-109493.540    52.112    -0.02    5.26
-109204.412    51.468    -2.23    5.15
-108915.285    51.500     0.11    5.13
-108626.161    51.417    -0.29    5.11
-108337.038    51.030    -1.34    5.08
-108047.917    51.658     2.17    4.82
-107758.798    52.037     1.31    4.66
-107469.681    52.484     1.54    4.43
-107180.565    52.761     0.96    4.63
-106891.451    52.790     0.10    4.33
-106602.339    53.020     0.80    4.30
-106313.228    53.183     0.56    4.48
-106024.120    53.090    -0.32    4.43
-105735.013    53.068    -0.08    4.85
-105445.907    53.151     0.29    4.65
-105156.804    53.030    -0.42    4.83
-104867.702    52.003    -3.55    5.18
-104578.602    52.084     0.28    5.28
-104289.504    51.824    -0.90    5.38
-104000.407    51.795    -0.10    5.38
-103711.312    51.296    -1.73    5.83
-103422.219    51.589     1.01    6.11
-103133.128    51.693     0.36    6.09
-102844.038    50.984    -2.45    5.98
-102554.950    50.668    -1.10    6.07
-102265.864    50.675     0.03    6.25
-101976.780    50.078    -2.07    6.19
-101687.697    50.023    -0.19    5.99
-101398.533    49.739    -0.98    6.03
-101109.082    49.018    -2.49    6.34
-100819.633    49.001    -0.06    6.15
-100530.186    49.435     1.50    6.35
-100240.740    49.790     1.23    6.46
 -99951.296    49.688    -0.35    6.75
 -99661.854    50.037     1.21    6.89
 -99372.413    50.664     2.17    6.78
 -99082.975    50.205    -1.59    6.50
 -98793.537    49.193    -3.50    6.95
 -98504.102    48.768    -1.47    7.05
 -98214.668    48.094    -2.33    7.11
 -97925.237    48.532     1.51    7.15
 -97635.806    48.118    -1.43    7.14
 -97346.378    47.858    -0.90    7.22
 -97056.951    47.830    -0.09    7.06
 -96767.526    48.170     1.17    6.65
 -96478.103    49.451     4.43    6.32
 -96188.681    50.296     2.92    5.69
 -95899.261    51.564     4.38    5.00
 -95609.843    52.756     4.12    3.68
 -95320.426    53.469     2.46    2.81
 -95031.011    53.227    -0.84    2.86
 -94741.598    52.968    -0.89    2.84
 -94452.187    52.664    -1.05    2.75
 -94162.777    52.451    -0.74    2.63
 -93873.369    51.968    -1.67    2.45
 -93583.963    52.020     0.18    2.62
 -93294.558    52.210     0.66    2.81
 -93005.155    52.718     1.76    2.79
 -92715.754    52.044    -2.33    3.78
 -92426.354    51.401    -2.22    4.14
 -92136.956    50.398    -3.47    5.05
 -91847.560    50.055    -1.19    5.11
 -91558.165    49.218    -2.89    5.26
 -91268.772    48.417    -2.77    5.38
 -90979.381    47.268    -3.97    5.64
 -90689.992    46.844    -1.46    5.97
 -90400.604    47.124     0.97    5.77
 -90111.218    47.468     1.19    5.62
 -89821.833    47.807     1.17    5.65
 -89532.450    48.468     2.28    5.80
 -89243.069    49.537     3.70    5.50
 -88953.690    50.197     2.28    4.85
 -88664.312    51.118     3.18    4.21
 -88374.936    52.078     3.32    3.34
 -88085.562    52.551     1.63    3.65
 -87796.189    51.994    -1.93    3.66
 -87506.818    51.101    -3.08    4.46
 -87217.448    49.244    -6.42    5.44
 -86928.080    48.112    -3.91    6.82
 -86638.714    47.503    -2.11    6.85
 -86349.350    47.519     0.06    6.79
 -86059.987    47.834     1.09    7.04
 -85770.626    48.714     3.04    6.90
 -85481.267    49.101     1.34    6.41
 -85191.909    50.624     5.26    5.54
 -84902.553    51.580     3.31    4.93
 -84613.198    52.351     2.66    4.61
 -84323.845    52.587     0.81    4.17
 -84034.494    52.486    -0.35    4.14
 -83745.144    51.977    -1.76    3.87
 -83455.797    51.536    -1.53    3.47
 -83166.450    50.790    -2.58    3.13
 -82877.106    50.435    -1.23    2.69
 -82587.763    50.553     0.41    2.45
 -82298.421    51.148     2.06    2.90
 -82009.082    51.251     0.36    3.50
 -81719.744    51.106    -0.50    4.40
 -81430.407    51.353     0.85    4.29
 -81141.073    51.382     0.10    4.42
 -80851.739    50.986    -1.37    4.39
 -80562.408    50.710    -0.95    3.87
 -80273.078    51.055     1.19    3.16
 -79983.750    50.851    -0.70    2.96
 -79694.423    50.968     0.41    2.79
 -79405.098    50.751    -0.75    2.88
 -79115.775    50.344    -1.41    3.03
 -78826.453    50.244    -0.34    2.90
 -78537.133    49.631    -2.12    3.28
 -78247.815    48.668    -3.33    5.23
 -77958.498    47.550    -3.87    6.48
 -77669.183    46.995    -1.92    7.25
 -77379.869    45.348    -5.69    8.60
 -77090.557    43.779    -5.42    9.04
 -76801.247    41.468    -7.99   10.16
 -76511.938    39.201    -7.83   11.01
 -76222.631    37.865    -4.62   11.16
 -75933.326    34.960   -10.04   11.93
 -75644.022    33.399    -5.40   13.12
 -75354.720    30.718    -9.27   13.39
 -75065.419    28.621    -7.25   13.06
 -74776.120    25.865    -9.53   11.78
 -74486.823    23.168    -9.32    8.85
 -74197.527    21.468    -5.88    6.51
 -73908.233    21.451    -0.06    5.11
 -73618.940    21.848     1.37    4.62
 -73329.649    21.926     0.27    4.50
 -73040.360    22.901     3.37    4.86
 -72751.072    23.153     0.87    4.76
 -72461.786    22.868    -0.99    5.49
 -72172.501    22.451    -1.44    5.51
 -71883.218    22.435    -0.06    5.70
 -71593.937    22.418    -0.06    5.31
 -71304.657    21.486    -3.22    5.27
 -71015.379    20.710    -2.68    4.80
 -70726.102    20.148    -1.94    4.11
 -70436.827    20.090    -0.20    4.21
 -70147.554    20.534     1.53    6.02
 -69858.282    20.584     0.17    7.27
 -69569.011    21.555     3.35    9.08
 -69279.743    21.540    -0.05    9.15
 -68990.476    22.084     1.88   10.16
 -68701.210    22.296     0.73    9.32
 -68411.946    23.334     3.59   10.00
 -68122.684    22.779    -1.92    9.47
 -67833.423    22.210    -1.97    9.70
 -67544.164    22.124    -0.30    9.69
 -67254.906    21.589    -1.85    9.57
 -66965.650    21.123    -1.61    9.32
 -66676.396    19.744    -4.77    8.08
 -66387.143    19.351    -1.36    7.76
 -66097.892    19.089    -0.91    7.91
 -65808.642    18.553    -1.85    7.37
 -65519.394    18.645     0.32    7.83
 -65230.147    18.417    -0.79    8.05
 -64940.902    18.383    -0.12    8.04
 -64651.659    17.995    -1.34    7.27
 -64362.417    17.710    -0.99    6.78
 -64073.176    17.268    -1.53    6.06
 -63783.938    16.468    -2.77    4.53
 -63494.700    16.418    -0.17    3.44
 -63205.465    16.606     0.65    3.10
 -62916.231    17.197     2.04    3.28
 -62626.998    17.076    -0.42    3.36
 -62337.767    18.101     3.54    3.78
 -62048.538    18.140     0.13    3.92
 -61759.310    17.279    -2.98    3.75
 -61470.084    17.383     0.36    5.04
 -61180.859    17.037    -1.20    5.07
 -60891.636    17.568     1.83    6.56
 -60602.414    17.118    -1.56    6.68
 -60313.194    16.784    -1.15    6.61
 -60023.975    17.383     2.07    7.30
 -59734.758    16.986    -1.38    6.86
 -59445.543    16.851    -0.46    6.39
 -59156.329    15.451    -4.84    4.41
 -58867.116    15.763     1.08    4.59
 -58577.905    15.368    -1.37    4.32
 -58288.696    14.830    -1.86    3.29
 -57999.488    14.779    -0.18    3.28
 -57710.282    14.737    -0.14    3.30
 -57421.077    14.894     0.54    3.30
 -57131.874    14.824    -0.24    3.21
 -56842.672    14.918     0.32    3.61
 -56553.472    15.037     0.41    4.32
 -56264.274    14.523    -1.78    4.29
 -55975.076    15.618     3.79    5.10
 -55685.881    15.158    -1.59    4.62
 -55396.687    14.968    -0.66    4.37
 -55107.494    14.934    -0.12    4.21
 -54818.303    15.727     2.74    4.86
 -54529.114    16.417     2.38    5.44
 -54239.926    18.537     7.33    6.33
 -53950.739    20.222     5.82    6.68
 -53661.555    21.882     5.74    6.34
 -53372.371    24.727     9.84    5.69
 -53083.189    26.537     6.26    5.54
 -52794.009    28.020     5.13    5.12
 -52504.830    29.725     5.90    5.87
 -52215.653    32.095     8.20    7.30
 -51926.477    35.027    10.14    8.16
 -51637.303    37.521     8.62    8.45
 -51348.130    40.037     8.70    7.94
 -51058.958    43.484    11.92    6.32
 -50769.789    45.994     8.68    5.24
 -50480.620    47.634     5.67    4.64
 -50191.453    48.790     4.00    4.59
 -49902.288    49.296     1.75    4.59
 -49613.124    50.112     2.82    3.97
 -49323.962    50.534     1.46    3.95
 -49034.801    50.566     0.11    3.68
 -48745.642    50.744     0.62    3.46
 -48456.484    50.638    -0.37    3.36
 -48167.328    50.382    -0.88    3.41
 -47878.173    50.318    -0.22    2.99
 -47589.020    50.268    -0.17    3.14
 -47299.868    49.801    -1.61    3.40
 -47010.717    50.034     0.81    3.28
 -46721.568    50.106     0.25    3.19
 -46432.421    49.655    -1.56    3.41
 -46143.275    49.486    -0.58    3.27
 -45854.131    49.599     0.39    2.82
 -45564.988    49.927     1.13    2.31
 -45275.846    49.665    -0.90    2.33
 -44986.706    49.848     0.63    2.43
 -44697.568    50.469     2.15    2.24
 -44408.431    50.910     1.53    2.34
 -44119.295    51.044     0.46    2.38
 -43830.161    51.151     0.37    2.20
 -43541.029    51.606     1.57    2.05
 -43251.897    51.609     0.01    1.85
 -42962.768    51.231    -1.31    2.21
 -42673.640    50.671    -1.93    2.53
 -42384.513    50.290    -1.32    2.55
 -42095.388    50.175    -0.40    2.50
 -41806.264    49.865    -1.07    2.51
 -41517.141    50.020     0.54    2.57
 -41228.020    50.399     1.31    2.52
 -40938.901    50.599     0.69    2.29
 -40649.783    50.296    -1.05    2.37
 -40360.667    49.555    -2.56    2.91
 -40071.552    48.641    -3.16    3.18
 -39782.438    47.644    -3.45    3.31
 -39493.326    46.615    -3.56    3.17
 -39204.215    45.722    -3.09    2.71
 -38914.799    45.151    -1.97    2.40
 -38625.377    44.732    -1.45    1.96
 -38335.956    44.865     0.46    2.01
 -38046.536    44.951     0.30    1.93
 -37757.118    45.316     1.26    1.87
 -37467.701    45.451     0.47    1.95
 -37178.286    45.130    -1.11    2.21
 -36888.872    44.365    -2.64    3.09
 -36599.459    43.662    -2.43    3.71
 -36310.048    43.265    -1.37    3.75
 -36020.639    42.634    -2.18    3.73
 -35731.230    41.951    -2.36    3.74
 -35441.824    41.968     0.06    4.01
 -35152.418    41.675    -1.01    4.11
 -34863.015    41.892     0.75    4.04
 -34573.612    41.684    -0.72    4.01
 -34284.211    41.868     0.63    4.20
 -33994.812    41.551    -1.09    4.58
 -33705.414    41.072    -1.66    4.83
 -33416.017    41.536     1.60    4.90
 -33126.622    41.124    -1.42    5.15
 -32837.228    41.582     1.59    5.08
 -32547.836    41.318    -0.91    5.26
 -32258.445    41.469     0.52    5.26
 -31969.055    41.790     1.11    4.93
 -31679.667    41.865     0.26    4.88
 -31390.280    42.251     1.33    4.41
 -31100.895    42.601     1.21    3.95
 -30811.511    43.334     2.53    2.97
 -30522.129    43.865     1.83    2.01
 -30232.748    44.013     0.51    1.81
 -29943.368    43.910    -0.35    1.86
 -29653.990    43.884    -0.09    1.91
 -29364.613    43.919     0.12    1.95
 -29075.238    43.994     0.26    2.13
 -28785.864    44.273     0.96    1.99
 -28496.492    44.334     0.21    2.19
 -28207.121    44.382     0.16    2.17
 -27917.751    44.369    -0.04    2.14
 -27628.383    44.193    -0.61    1.81
 -27339.016    44.158    -0.12    1.84
 -27049.650    43.899    -0.89    1.81
 -26760.286    43.761    -0.48    1.70
 -26470.923    43.484    -0.96    1.74
 -26181.562    43.279    -0.71    1.79
 -25892.202    43.051    -0.79    2.02
 -25602.844    43.112     0.21    1.94
 -25313.487    42.824    -0.99    1.85
 -25024.131    42.645    -0.62    1.93
 -24734.777    42.518    -0.44    2.30
 -24445.424    42.123    -1.36    2.95
 -24156.072    41.048    -3.72    4.10
 -23866.722    38.537    -8.68    7.05
 -23577.373    36.020    -8.70    7.78
 -23288.026    33.434    -8.94    8.53
 -22998.680    30.205   -11.16    8.33
 -22709.335    27.917    -7.91    7.93
 -22419.992    24.684   -11.17    6.27
 -22130.650    22.539    -7.42    4.25
 -21841.310    21.351    -4.10    3.73
 -21551.971    20.892    -1.59    3.60
 -21262.633    20.899     0.03    3.64
 -20973.297    21.282     1.32    4.12
 -20683.962    20.951    -1.14    3.84
 -20394.628    21.351     1.38    3.61
 -20105.296    21.882     1.84    3.48
 -19815.965    21.884     0.01    3.39
 -19526.636    21.884     0.00    3.19
 -19237.308    22.135     0.87    2.81
 -18947.981    22.251     0.40    2.49
 -18658.656    22.434     0.63    2.15
 -18369.332    22.271    -0.56    2.08
 -18080.009    22.351     0.28    2.05
 -17790.688    22.503     0.52    2.23
 -17501.368    22.468    -0.12    2.20
 -17212.050    22.380    -0.31    2.11
 -16922.732    22.668     1.00    2.22
 -16633.417    22.705     0.13    2.03
 -16344.102    22.668    -0.13    1.99
 -16054.789    22.606    -0.21    1.94
 -15765.477    22.701     0.33    1.91
 -15476.167    22.918     0.75    2.00
 -15186.858    22.744    -0.60    2.14
 -14897.550    22.284    -1.59    2.53
 -14608.244    22.129    -0.54    3.00
 -14318.939    21.675    -1.57    3.21
 -14029.635    21.606    -0.24    3.36
 -13740.333    21.279    -1.13    3.45
 -13451.032    20.681    -2.07    3.87
 -13161.732    20.727     0.16    3.92
 -12872.434    20.296    -1.49    3.56
 -12583.137    20.417     0.42    3.54
 -12293.841    20.279    -0.48    3.88
 -12004.547    20.354     0.26    4.03
 -11715.254    20.282    -0.25    4.07
 -11425.963    20.180    -0.35    4.82
 -11136.672    20.363     0.63    5.26
 -10847.383    20.744     1.32    5.47
 -10558.096    20.201    -1.88    5.97
 -10268.810    19.671    -1.83    6.44
  -9979.525    19.468    -0.70    6.68
  -9690.241    19.933     1.61    6.68
  -9400.959    20.089     0.54    6.64
  -9111.678    21.273     4.09    5.48
  -8822.398    22.601     4.59    4.63
  -8533.120    23.304     2.43    3.86
  -8243.843    23.675     1.28    3.76
  -7954.567    23.061    -2.12    4.69
  -7665.293    22.469    -2.05    4.60
  -7376.020    22.601     0.46    4.12
  -7086.748    22.668     0.23    4.53
  -6797.478    22.268    -1.38    4.90
  -6508.208    21.299    -3.35    5.02
  -6218.941    20.917    -1.32    4.80
  -5929.674    20.468    -1.55    4.77
  -5640.409    20.813     1.19    5.10
  -5351.145    20.681    -0.46    5.13
  -5061.883    20.984     1.05    5.13
  -4772.621    21.112     0.44    5.43
  -4483.361    20.848    -0.91    5.41
  -4194.103    20.141    -2.44    5.90
  -3904.845    18.818    -4.57    6.82
  -3615.589    19.146     1.13    6.95
  -3326.335    19.434     1.00    6.47
  -3037.081    19.434    -0.00    7.36
  -2747.829    19.434    -0.00    8.05
  -2458.578    18.502    -3.22    8.98
  -2169.329    17.484    -3.52   10.08
  -1880.080    16.677    -2.79   11.45
  -1590.833    14.003    -9.24   12.17
  -1301.588    10.744   -11.27   12.22
  -1012.343     8.451    -7.93   11.92
   -723.100     5.589    -9.90   10.98
   -433.858     3.402    -7.56    8.99
   -144.618     1.296    -7.28    5.49
    144.621     0.968    -1.13    3.39
    433.859     1.261     1.01    3.45
    723.096     1.248    -0.05    3.41
   1012.331     0.934    -1.08    3.01
   1301.566     0.468    -1.61    2.67
   1590.798    -0.432    -3.11    2.12
   1880.030    -1.102    -2.32    1.13
   2169.260    -1.342    -0.83    0.67
   2458.489    -1.216     0.44    0.99
   2747.717    -0.932     0.98    1.22
   3036.944    -0.316     2.13    1.77
   3326.169     0.576     3.08    2.70
   3615.393     1.968     4.81    3.86
   3904.615     3.503     5.31    4.42
   4193.837     4.751     4.32    3.99
   4483.057     5.402     2.25    3.34
   4772.276     5.037    -1.26    3.29
   5061.494     3.768    -4.39    3.98
   5350.710     2.223    -5.34    3.89
   5639.925     0.851    -4.74    3.08
   5929.139    -0.332    -4.09    2.03
   6218.351    -0.888    -1.92    1.23
   6507.563     0.751     5.67    6.57
   6796.773     3.051     7.95    9.15
   7085.982     5.468     8.36   10.71
   7375.189     9.451    13.77   12.08
   7664.396    12.084     9.11   12.11
   7953.601    15.601    12.16   10.76
   8242.805    17.808     7.63    8.52
   8532.007    19.027     4.22    5.45
   8821.208    18.882    -0.50    4.24
   9110.409    18.151    -2.53    4.45
   9399.607    18.051    -0.35    4.41
   9688.805    16.813    -4.28    4.94
   9978.001    17.037     0.78    4.94
  10267.196    18.784     6.04    4.98
  10556.390    19.222     1.51    5.02
  10845.583    18.251    -3.36    5.70
  11134.774    17.225    -3.55    6.11
  11423.965    16.705    -1.80    5.81
  11713.154    15.915    -2.73    5.54
  12002.341    15.984     0.24    4.99
  12291.528    16.417     1.49    5.04
  12580.713    17.681     4.37    5.06
  12869.897    16.899    -2.70    6.72
  13159.080    14.934    -6.80    8.82
  13448.261    13.555    -4.77    9.26
  13737.442    14.641     3.76   10.12
  14026.621    14.795     0.53   10.40
  14315.799    15.348     1.91   10.49
  14604.976    17.968     9.06    9.84
  14894.151    20.005     7.04    8.35
  15183.325    21.570     5.41    6.34
  15472.498    19.306    -7.83    7.48
  15761.670    17.801    -5.20    7.79
  16050.841    16.468    -4.61    7.74
  16340.010    16.188    -0.97    7.40
  16629.178    14.158    -7.02    7.46
  16918.345    11.282    -9.95    8.52
  17207.511     9.351    -6.68    9.30
  17496.676     9.468     0.40   10.43
  17785.839    10.141     2.33   10.88
  18075.001     9.756    -1.33   10.93
  18364.162    10.013     0.89   10.13
  18653.322    10.734     2.50    9.48
  18942.480    12.218     5.13    8.93
  19231.638    12.865     2.24    8.47
  19520.794    11.468    -4.83    8.27
  19809.949     9.384    -7.21    8.05
  20099.103     8.884    -1.73    8.51
  20388.255     8.400    -1.67    8.58
  20677.406     7.068    -4.61    8.16
  20966.557     7.101     0.12    7.84
  21255.706     6.451    -2.25    7.43
  21544.853     7.284     2.88    7.80
  21834.000     7.899     2.13    7.85
  22123.145     8.828     3.21    7.66
  22412.290     9.818     3.42    7.15
  22701.433    10.537     2.49    6.20
  22990.575    11.761     4.23    5.39
  23279.899    12.898     3.93    4.08
  23569.293    13.318     1.45    3.63
  23858.686    13.268    -0.17    3.47
  24148.078    12.901    -1.27    3.45
  24437.468    12.658    -0.84    3.41
  24726.858    12.308    -1.21    2.98
  25016.246    12.051    -0.89    3.38
  25305.633    11.158    -3.09    3.06
  25595.019    10.434    -2.50    3.49
  25884.403     9.401    -3.57    3.94
  26173.787     8.779    -2.15    4.32
  26463.169     8.486    -1.01    4.59
  26752.550     8.813     1.13    5.02
  27041.930     8.713    -0.34    5.18
  27331.309     8.089    -2.16    5.25
  27620.686     7.589    -1.73    5.35
  27910.063     7.555    -0.12    5.50
  28199.438     7.193    -1.25    5.64
  28488.812     5.661    -5.29    5.09
  28778.185     5.299    -1.25    5.18
  29067.557     5.351     0.18    5.49
  29356.928     5.539     0.65    6.14
  29646.297     5.365    -0.60    6.39
  29935.665     4.968    -1.37    5.77
  30225.032     4.655    -1.08    5.32
  30514.398     4.601    -0.18    4.83
  30803.763     4.648     0.16    3.97
  31093.127     5.537     3.07    3.57
  31382.490     7.576     7.05    3.70
  31671.851     8.884     4.52    3.75
  31961.211     9.818     3.23    3.24
  32250.570     9.968     0.52    2.75
  32539.928    10.968     3.45    3.07
  32829.285    11.100     0.46    2.90
  33118.641    10.570    -1.83    3.43
  33407.996    10.268    -1.04    3.59
  33697.349     9.884    -1.32    3.90
  33986.701     9.701    -0.63    3.99
  34276.052     9.175    -1.82    3.68
  34565.402     9.214     0.13    3.17
  34854.751     9.572     1.24    3.09
  35144.099    10.205     2.19    2.34
  35433.446    10.468     0.91    2.30
  35722.791    11.013     1.88    1.90
  36012.136    11.722     2.45    2.54
  36301.479    11.907     0.64    2.44
  36590.821    12.387     1.66    2.85
  36880.162    13.018     2.18    2.92
  37169.502    13.484     1.61    2.85
  37458.840    13.779     1.02    2.81
  37748.178    14.083     1.05    2.99
  38037.515    13.994    -0.31    3.38
  38326.850    13.688    -1.05    3.65
  38616.184    13.161    -1.82    3.82
  38905.517    12.351    -2.80    4.17
  39194.849    11.273    -3.73    3.89
  39484.180    11.095    -0.61    3.85
  39773.510    10.934    -0.56    3.40
  40062.839    12.090     4.00    4.07
  40352.166    13.003     3.15    4.32
  40641.493    14.158     3.99    4.44
  40930.818    15.020     2.98    4.68
  41220.143    16.399     4.77    4.43
  41509.466    17.151     2.60    4.42
  41798.788    17.244     0.32    4.44
  42088.109    16.484    -2.63    4.84
  42377.429    15.094    -4.81    5.69
  42666.747    14.193    -3.12    6.13
  42956.065    13.222    -3.36    6.28
  43245.382    12.168    -3.64    6.36
  43534.697    11.795    -1.29    6.42
  43824.011    11.749    -0.16    6.57
  44113.325    11.641    -0.38    6.51
  44402.637    11.943     1.04    6.30
  44691.948    12.351     1.41    6.35
  44981.258    13.084     2.53    6.49
  45270.567    13.158     0.25    6.60
  45559.875    13.349     0.66    6.81
  45849.181    13.258    -0.32    7.05
  46138.487    13.168    -0.31    7.04
  46427.792    13.168     0.00    7.38
  46717.095    12.848    -1.11    7.49
  47006.398    13.551     2.43    6.89
  47295.699    13.834     0.98    6.39
  47584.999    14.634     2.77    6.09
  47874.298    15.316     2.35    5.97
  48163.597    15.218    -0.34    5.63
  48452.894    15.184    -0.12    4.77
  48742.190    14.802    -1.32    4.65
  49031.484    14.368    -1.50    4.49
  49320.778    13.710    -2.27    3.85
  49610.071    13.828     0.41    4.39
  49899.363    14.201     1.29    4.88
  50188.653    14.348     0.51    5.44
  50477.943    13.917    -1.49    6.51
  50767.231    13.683    -0.81    6.79
  51056.519    13.851     0.58    6.59
  51345.805    13.951     0.35    6.35
  51635.090    13.768    -0.63    6.10
  51924.375    13.193    -1.99    6.51
  52213.658    13.165    -0.09    6.33
  52502.940    12.751    -1.43    5.99
  52792.221    13.434     2.36    5.34
  53081.501    12.134    -4.49    6.42
  53370.780    11.334    -2.77    6.99
  53660.058    10.399    -3.23    7.74
  53949.335    10.365    -0.12    7.99
  54238.611     9.727    -2.21    8.15
  54527.886     8.254    -5.09    8.45
  54817.159     6.727    -5.28    8.22
  55106.432     6.486    -0.83    8.40
  55395.704     5.813    -2.32    8.19
  55684.974     4.130    -5.82    6.61
  55974.244     4.338     0.72    6.65
  56263.512     5.668     4.60    8.27
  56552.780    10.550    16.88   12.20
  56842.046    15.381    16.70   13.83
  57131.312    20.641    18.18   13.92
  57420.576    26.151    19.05   12.89
  57709.839    31.197    17.44   10.35
  57999.102    34.851    12.63    7.55
  58288.363    37.158     7.98    5.13
  58577.623    38.537     4.77    4.70
  58866.882    39.503     3.34    3.86
  59156.141    40.634     3.91    3.58
  59445.398    41.299     2.30    3.19
  59734.654    41.313     0.05    3.75
  60023.909    41.868     1.92    3.57
  60313.163    42.469     2.08    3.24
  60602.416    42.858     1.35    3.15
  60891.668    43.268     1.42    2.72
  61180.919    42.784    -1.67    2.93
  61470.169    42.518    -0.92    3.58
  61759.418    41.627    -3.08    4.23
  62048.666    40.858    -2.66    4.67
  62337.913    39.589    -4.39    4.89
  62627.159    38.518    -3.70    4.66
  62916.404    38.681     0.56    4.52
  63205.648    38.521    -0.55    4.40
  63494.891    39.668     3.96    4.10
  63784.133    39.701     0.12    3.96
  64073.374    40.548     2.93    3.71
  64362.614    41.568     3.53    3.03
  64651.853    42.248     2.35    2.64
  64941.091    42.486     0.82    2.33
  65230.328    42.520     0.12    2.25
  65519.564    42.451    -0.24    2.25
  65808.799    42.010    -1.52    2.29
  66098.033    41.435    -1.99    2.13
  66387.266    40.773    -2.29    2.56
  66676.498    40.255    -1.79    2.28
  66965.728    40.095    -0.55    2.26
  67254.958    39.882    -0.74    2.19
  67544.187    40.222     1.17    2.32
  67833.415    40.693     1.63    2.59
  68122.642    41.330     2.21    2.49
  68411.868    41.848     1.79    2.10
  68701.093    42.175     1.13    1.88
  68990.317    42.268     0.32    1.77
  69279.541    42.486     0.75    1.64
  69568.763    42.418    -0.23    1.67
  69857.984    42.574     0.54    1.59
  70147.204    42.434    -0.48    1.62
  70436.423    42.550     0.40    1.78
  70725.641    42.184    -1.26    2.11
  71014.858    41.892    -1.01    2.39
  71304.074    41.505    -1.34    2.55
  71593.290    41.124    -1.32    2.49
  71882.504    41.001    -0.42    2.40
  72171.717    41.214     0.74    2.37
  72460.930    41.518     1.05    2.36
  72750.141    41.451    -0.23    2.53
  73039.351    41.655     0.70    2.63
  73328.561    41.521    -0.46    2.95
  73617.769    41.384    -0.47    3.10
  73906.977    40.845    -1.87    3.10
  74196.183    40.210    -2.20    2.58
  74485.389    39.551    -2.28    1.91
  74774.594    39.365    -0.64    1.66
  75063.797    38.986    -1.31    1.94
  75353.000    38.468    -1.79    2.15
  75642.202    38.485     0.06    2.20
  75931.402    38.435    -0.17    2.11
  76220.602    38.398    -0.13    2.13
  76509.801    38.601     0.70    2.41
  76798.999    39.365     2.64    2.60
  77088.196    40.322     3.31    2.73
  77377.392    40.768     1.54    2.75
  77666.587    41.248     1.66    2.64
  77955.782    41.210    -0.13    2.44
  78244.975    41.433     0.77    1.86
  78534.167    41.353    -0.28    2.01
  78823.358    41.519     0.57    2.06
  79112.549    41.681     0.56    1.94
  79401.738    41.641    -0.14    1.97
  79690.927    41.433    -0.72    2.01
  79980.114    41.451     0.06    2.11
  80269.301    41.158    -1.01    2.49
  80558.487    40.818    -1.18    2.52
  80847.672    40.451    -1.27    2.50
  81136.855    40.106    -1.19    2.86
  81426.038    39.537    -1.97    2.89
  81715.220    39.141    -1.37    2.77
  82004.401    39.058    -0.29    2.62
  82293.582    38.727    -1.14    2.40
  82582.761    38.604    -0.43    2.72
  82871.939    38.589    -0.05    2.78
  83161.116    38.679     0.31    3.14
  83450.293    39.000     1.11    3.59
  83739.468    39.334     1.16    3.93
  84028.643    39.779     1.54    4.05
  84317.817    39.915     0.47    4.12
  84606.990    39.779    -0.47    3.77
  84896.161    38.318    -5.05    4.92
  85185.332    37.175    -3.95    5.48
  85474.596    35.484    -5.85    5.51
  85763.964    34.175    -4.52    5.18
  86053.331    33.365    -2.80    5.23
  86342.697    33.995     2.18    6.02
  86632.062    35.151     4.00    6.44
  86921.427    36.518     4.72    6.02
  87210.790    37.606     3.76    5.46
  87500.152    38.534     3.21    4.63
  87789.514    39.487     3.29    3.50
  88078.874    39.587     0.35    2.84
  88368.234    39.806     0.76    2.64
  88657.593    39.756    -0.17    2.76
  88946.951    39.828     0.25    2.91
  89236.308    39.880     0.18    2.81
  89525.664    39.994     0.39    2.69
  89815.019    40.244     0.87    2.02
  90104.374    39.834    -1.42    2.12
  90393.727    39.287    -1.89    2.44
  90683.080    38.820    -1.62    2.44
  90972.431    38.468    -1.22    2.29
  91261.782    38.505     0.13    2.35
  91551.132    38.516     0.04    2.38
  91840.481    38.519     0.01    2.36
  92129.829    38.299    -0.76    2.31
  92419.176    38.330     0.11    2.35
  92708.523    38.244    -0.30    2.35
  92997.868    38.434     0.66    2.43
  93287.213    38.572     0.48    2.61
  93576.556    38.903     1.14    2.66
  93865.899    38.926     0.08    2.82
  94155.241    38.808    -0.41    2.50
  94444.582    38.383    -1.47    2.81
  94733.922    38.055    -1.14    2.78
  95023.262    38.074     0.07    3.06
  95312.600    38.244     0.59    3.12
  95601.938    38.330     0.30    3.08
  95891.275    38.503     0.60    3.05
  96180.611    38.539     0.12    3.01
  96469.946    38.801     0.91    2.99
  96759.280    39.044     0.84    2.72
  97048.613    39.238     0.67    3.07
  97337.945    39.055    -0.63    3.00
  97627.277    39.346     1.01    2.89
  97916.608    39.129    -0.75    2.88
  98205.938    39.129     0.00    2.73
  98495.267    38.801    -1.13    3.00
  98784.595    38.504    -1.03    3.15
  99073.922    38.124    -1.31    3.18
  99363.248    37.865    -0.89    3.17
  99652.574    37.072    -2.74    3.27
  99941.899    36.845    -0.79    3.30
 100231.223    36.244    -2.07    3.09
 100520.546    36.010    -0.81    2.76
 100809.868    35.773    -0.82    2.55
 101099.189    35.485    -0.99    2.26
 101388.510    35.548     0.22    2.39
 101677.829    36.003     1.57    2.64
 101967.148    36.417     1.43    2.90
 102256.466    36.658     0.83    2.88
 102545.783    36.710     0.18    2.90
 102835.100    36.634    -0.26    2.90
 103124.415    36.756     0.42    3.11
 103413.730    36.741    -0.05    2.93
 103703.043    36.130    -2.11    2.44
 103992.356    36.468     1.17    2.53
 104281.669    36.749     0.97    2.54
 104570.980    37.107     1.24    2.19
 104860.290    37.336     0.79    2.03
 105149.600    37.193    -0.50    2.26
 105438.909    36.756    -1.51    2.63
 105728.217    36.058    -2.41    2.75
 106017.524    35.172    -3.06    3.10
 106306.830    34.318    -2.95    3.16
 106596.136    33.951    -1.27    3.06
 106885.441    33.519    -1.49    3.03
 107174.745    33.076    -1.53    3.17
 107464.048    33.072    -0.01    3.37
 107753.350    32.606    -1.61    3.12
 108042.651    32.184    -1.46    3.16
 108331.952    31.875    -1.07    3.00
 108621.252    31.986     0.38    2.77
 108910.551    32.779     2.74    2.52
 109199.849    33.468     2.38    2.71
 109489.146    33.818     1.21    2.78
 109778.443    34.175     1.24    2.81
 110067.739    34.701     1.82    2.79
 110357.034    35.106     1.40    2.67
 110646.328    35.183     0.27    2.44
 110935.621    35.034    -0.51    2.49
 111224.914    34.651    -1.33    2.83
 111514.206    34.838     0.65    3.03
 111803.497    35.153     1.09    3.21
 112092.787    35.589     1.51    3.53
 112382.076    35.858     0.93    3.54
 112671.365    35.986     0.44    3.42
 112960.653    35.664    -1.11    3.36
 113249.940    35.399    -0.92    3.53
 113539.226    34.641    -2.62    3.45
 113828.511    34.399    -0.83    3.51
 114117.796    34.485     0.30    3.66
 114407.080    34.251    -0.81    3.87
 114696.363    34.279     0.10    3.92
 114985.645    33.984    -1.02    4.00
 115274.927    33.648    -1.16    4.11
 115564.207    33.231    -1.44    4.13
 115853.487    33.336     0.36    4.43
 116142.767    33.519     0.63    4.57
 116432.045    33.934     1.44    4.36
 116721.323    33.969     0.12    4.12
 117010.599    34.365     1.37    3.81
 117299.875    34.418     0.18    3.37
 117589.151    34.401    -0.06    3.02
 117878.425    34.500     0.34    2.79
 118167.699    34.504     0.01    2.64
 118456.972    35.118     2.12    2.59
 118746.244    35.556     1.52    2.62
 119035.516    35.934     1.31    2.40
 119324.786    36.366     1.49    2.18
 119614.056    36.658     1.01    1.94
 119903.325    37.129     1.63    1.77
 120192.594    37.330     0.70    1.64
 120481.861    37.351     0.07    1.87
 120771.128    37.621     0.93    1.94
 121060.394    37.484    -0.47    2.05
 121349.660    37.621     0.47    2.16
 121638.924    37.539    -0.28    2.16
 121928.188    37.773     0.81    2.24
 122217.451    38.210     1.51    2.47
 122506.714    38.484     0.95    2.36
 122795.975    38.553     0.24    2.19
 123085.236    38.779     0.78    2.11
 123374.496    38.727    -0.18    1.91
 123663.756    38.380    -1.20    2.04
 123953.014    38.231    -0.51    1.98
 124242.272    38.129    -0.35    1.90
 124531.529    37.968    -0.56    1.66
 124820.786    37.606    -1.25    1.81
 125110.041    37.701     0.33    1.89
 125399.296    37.868     0.58    1.92
 125688.550    38.210     1.18    2.08
 125977.804    38.534     1.12    1.92
 126267.057    38.779     0.84    1.82
 126556.309    38.503    -0.95    2.06
 126845.560    38.555     0.18    2.14
 127134.810    38.675     0.42    2.25
 127424.060    38.763     0.30    2.34
 127713.309    39.020     0.89    2.42
 128002.557    39.037     0.06    2.62
 128291.805    39.346     1.07    2.58
 128581.052    40.193     2.93    2.03
 128870.298    40.290     0.34    1.87
 129159.543    40.193    -0.34    1.84
 129448.788    40.061    -0.45    1.97
 129738.032    39.802    -0.90    2.10
 130027.275    40.072     0.93    2.16
 130316.518    40.068    -0.01    2.05
 130605.760    39.926    -0.49    2.20
 130895.001    39.927     0.00    2.20
 131184.241    39.683    -0.84    2.20
 131473.481    39.468    -0.74    2.42
 131762.720    39.083    -1.33    2.42
 132051.958    38.935    -0.51    2.34
 132341.196    38.634    -1.04    2.29
 132630.433    38.486    -0.51    2.03
 132919.669    38.383    -0.35    2.18
 133208.904    38.434     0.17    2.20
 133498.139    38.681     0.85    2.42
 133787.373    38.901     0.76    2.53
 134076.607    39.418     1.79    2.44
 134365.839    39.451     0.12    2.68
 134655.071    39.072    -1.31    2.85
 134944.302    38.926    -0.51    3.22
 135233.533    39.141     0.74    3.32
 135522.763    39.254     0.39    3.11
 135811.992    39.484     0.80    3.06
 136101.220    39.880     1.37    2.92
 136390.448    40.129     0.86    2.73
 136679.675    39.779    -1.21    2.62
 136968.902    39.934     0.54    2.50
 137258.127    40.061     0.44    2.31
 137547.353    40.001    -0.21    2.32
 137836.577    39.865    -0.47    2.11
 138125.801    39.486    -1.31    2.23
 138415.024    39.320    -0.57    2.39
 138704.246    38.451    -3.00    2.66
 138993.467    37.338    -3.85    2.32
 139282.688    36.882    -1.58    2.08
 139571.909    36.540    -1.18    2.19
 139861.128    36.884     1.19    2.63
 140150.347    36.813    -0.25    2.59
 140439.565    37.107     1.02    2.61
 140728.783    37.589     1.67    2.72
 141018.000    37.796     0.72    2.92
 141307.216    38.261     1.61    2.98
 141596.432    38.779     1.79    2.86
 141885.647    38.801     0.08    2.74
 142174.861    39.227     1.47    2.54
 142464.075    39.201    -0.09    2.73
 142753.287    39.255     0.19    2.73
 143042.500    39.399     0.50    2.78
 143331.711    39.435     0.12    3.11
 143620.922    39.801     1.27    3.11
 143910.133    40.599     2.76    3.06
 144199.342    40.925     1.13    2.45
 144488.551    40.055    -3.01    3.81
 144777.759    39.693    -1.25    4.01
 145066.967    39.468    -0.78    4.13
 145356.174    38.834    -2.19    4.23
 145645.381    38.434    -1.39    4.19
 145934.586    38.146    -1.00    4.33
 146223.791    38.504     1.24    4.24
 146512.996    39.151     2.24    3.81
 146802.200    40.251     3.80    3.22
 147091.403    40.503     0.87    3.83
 147380.605    40.671     0.58    4.86
 147669.838    40.621    -0.18    5.67
 147959.178    40.618    -0.01    6.54
 148248.517    39.604    -3.50    6.94
 148537.856    37.751    -6.40    7.36
 148827.194    36.318    -4.95    7.35
 149116.531    34.890    -4.94    7.36
 149405.868    33.734    -3.99    6.40
 149695.204    32.141    -5.51    4.71
 149984.539    31.435    -2.44    4.15
 150273.874    31.368    -0.23    4.21
 150563.208    31.767     1.38    4.37
 150852.542    31.710    -0.20    4.30
 151141.875    31.183    -1.82    4.24
 151431.207    30.877    -1.06    3.90
 151720.539    31.231     1.22    3.78
 152009.870    31.418     0.65    3.65
 152299.200    31.020    -1.37    3.45
 152588.530    30.665    -1.23    3.29
 152877.859    30.651    -0.05    3.18
 153167.188    30.537    -0.39    3.06
 153456.516    30.018    -1.80    2.91
 153745.843    29.417    -2.08    2.40
 154035.170    29.227    -0.66    1.85
 154324.496    29.761     1.85    2.35
 154613.822    30.382     2.15    2.85
 154903.146    30.877     1.71    2.99
 155192.471    31.606     2.52    3.08
 155481.794    32.399     2.74    3.04
 155771.118    32.951     1.91    3.54
 156060.440    33.521     1.97    3.55
 156349.762    34.090     1.97    3.42
 156639.083    34.333     0.84    3.56
 156928.404    33.568    -2.64    4.39
 157217.724    33.451    -0.40    4.61
 157507.043    33.537     0.30    4.70
 157796.362    33.551     0.05    4.65
 158085.681    34.112     1.94    4.61
 158374.998    34.451     1.17    4.17
 158664.315    34.665     0.74    4.14
 158953.632    35.693     3.55    2.65
 159242.948    35.555    -0.48    2.69
 159532.263    35.841     0.99    2.67
 159821.578    35.584    -0.89    2.59
 160110.892    35.537    -0.16    2.56
 160400.205    35.485    -0.18    2.46
 160689.518    36.241     2.61    2.93
 160978.831    37.316     3.72    3.18
 161268.143    37.368     0.18    3.17
 161557.454    37.383     0.05    3.28
 161846.764    37.218    -0.57    3.79
 162136.074    36.124    -3.78    5.32
 162425.384    34.044    -7.19    6.47
 162714.693    30.796   -11.23    6.36
 163004.001    29.010    -6.17    5.95
 163293.309    27.634    -4.76    5.38
 163582.616    25.627    -6.94    2.89
 163871.923    25.901     0.95    2.91
 164161.229    26.658     2.62    3.21
 164450.534    27.403     2.57    3.31
 164739.839    28.184     2.70    3.23
 165029.143    29.129     3.27    2.84
 165318.447    30.313     4.09    2.39
 165607.750    31.505     4.12    2.80
 165897.053    32.101     2.06    3.97
 166186.355    32.892     2.73    4.38
 166475.657    34.468     5.45    4.69
 166764.958    36.141     5.78    4.48
 167054.258    37.183     3.60    4.07
 167343.558    37.684     1.73    3.47
 167632.857    37.658    -0.09    3.76
 167922.156    37.118    -1.87    4.17
 168211.454    37.175     0.20    4.58
 168500.752    36.468    -2.44    4.47
 168790.049    35.934    -1.85    4.31
 169079.346    36.089     0.54    4.17
 169368.642    35.681    -1.41    4.54
 169657.937    34.382    -4.49    5.30
 169947.232    33.383    -3.45    5.31
 170236.526    32.399    -3.40    4.85
 170525.820    31.882    -1.79    4.65
 170815.113    30.629    -4.33    4.54
 171104.406    29.318    -4.53    3.91
 171393.698    29.151    -0.58    3.42
 171682.990    29.058    -0.32    3.18
 171972.281    28.486    -1.98    2.87
 172261.572    28.299    -0.65    2.74
 172550.862    28.434     0.47    2.99
 172840.151    28.234    -0.69    3.08
 173129.440    27.537    -2.41    2.62
 173418.729    27.141    -1.37    2.53
 173708.017    27.048    -0.32    2.87
 173997.304    26.536    -1.77    2.83
 174286.591    26.268    -0.93    2.86
 174575.877    26.193    -0.26    2.68
 174865.163    26.244     0.18    2.78
 175154.449    26.326     0.28    2.94
 175443.733    26.553     0.78    3.16
 175733.018    26.801     0.86    3.00
 176022.302    26.984     0.63    3.08
 176311.585    27.140     0.54    3.25
 176600.868    27.058    -0.28    3.50
 176890.150    26.994    -0.22    3.65
 177179.431    27.261     0.93    3.72
 177468.713    27.244    -0.06    3.58
 177757.993    27.171    -0.25    3.70
 178047.274    27.477     1.06    3.84
