-125255.345    74.478     0.00    5.11
-124966.235    72.837    -5.67    5.36
-124677.123    71.926    -3.15    5.77
-124388.010    70.072    -6.41    5.98
-124098.896    68.100    -6.82    5.64
-123809.779    66.048    -7.10    4.74
-123520.662    64.043    -6.93    3.91
-123231.542    62.544    -5.19    3.96
-122942.422    61.246    -4.49    3.91
-122653.299    60.472    -2.68    4.09
-122364.175    59.588    -3.06    4.26
-122075.050    58.132    -5.04    4.13
-121785.923    57.368    -2.64    4.11
-121496.795    56.605    -2.64    3.98
-121207.665    55.203    -4.85    4.13
-120918.533    54.022    -4.08    4.13
-120629.400    52.444    -5.46    4.59
-120340.265    51.427    -3.52    4.73
-120051.129    50.944    -1.67    4.18
-119761.991    50.486    -1.58    4.23
-119472.852    50.514     0.10    4.86
-119183.711    50.619     0.36    4.84
-118894.569    50.322    -1.03    4.97
-118605.425    50.117    -0.71    5.00
-118316.279    50.468     1.22    4.96
-118027.132    49.588    -3.04    4.75
-117737.983    48.427    -4.02    4.68
-117448.833    47.198    -4.25    5.21
-117159.682    46.043    -3.99    5.51
-116870.528    45.944    -0.34    5.30
-116581.373    46.151     0.72    5.17
-116292.217    46.944     2.74    5.09
-116003.059    46.952     0.03    5.58
-115713.899    46.582    -1.28    6.29
-115424.738    45.653    -3.21    7.25
-115135.575    45.099    -1.92    7.90
-114846.411    44.522    -2.00    8.62
-114557.245    43.933    -2.04    8.76
-114268.078    43.838    -0.33    8.16
-113978.909    44.182     1.19    7.21
-113689.738    45.087     3.13    6.34
-113400.566    45.444     1.23    5.57
-113111.392    46.365     3.18    4.43
-112822.217    46.653     1.00    3.60
-112533.040    46.755     0.35    3.52
-112243.862    45.961    -2.74    3.27
-111954.682    45.323    -2.21    4.07
-111665.500    44.703    -2.15    4.79
-111376.317    44.005    -2.41    4.95
-111087.132    43.655    -1.21    4.72
-110797.946    43.892     0.82    4.86
-110508.758    44.822     3.21    5.71
-110219.568    46.361     5.32    5.06
-109930.377    47.619     4.35    4.92
-109641.184    48.605     3.41    4.06
-109351.990    49.005     1.38    3.69
-109062.794    48.488    -1.79    3.76
-108773.596    47.930    -1.93    4.00
-108484.397    46.806    -3.89    4.25
-108195.196    46.013    -2.74    3.90
-107905.994    45.688    -1.12    3.90
-107616.790    44.788    -3.11    3.79
-107327.584    44.151    -2.20    4.40
-107038.377    42.382    -6.12    5.55
-106749.169    41.272    -3.84    6.18
-106459.958    40.094    -4.07    5.92
-106170.746    37.905    -7.57    6.01
-105881.533    37.122    -2.71    5.66
-105592.317    36.548    -1.99    5.69
-105303.101    37.316     2.66    5.96
-105013.882    39.416     7.26    7.49
-104724.662    41.772     8.15    8.12
-104435.440    44.444     9.24    7.40
-104146.217    46.737     7.93    4.76
-103856.992    46.912     0.60    4.40
-103567.766    46.565    -1.20    4.29
-103278.538    45.772    -2.74    4.25
-102989.308    44.608    -4.02    3.99
-102700.076    43.427    -4.08    3.92
-102410.843    41.703    -5.96    4.19
-102121.609    40.185    -5.25    4.95
-101832.372    36.651   -12.22    8.10
-101543.135    33.182   -12.00    8.75
-101253.895    30.272   -10.06    8.63
-100964.654    28.182    -7.23    7.13
-100675.411    28.070    -0.39    6.34
-100386.167    27.979    -0.32    5.73
-100096.921    29.538     5.39    5.26
 -99807.673    31.365     6.31    5.31
 -99518.423    33.588     7.69    4.77
 -99229.173    35.386     6.21    5.36
 -98939.920    37.134     6.04    6.01
 -98650.666    39.410     7.87    6.19
 -98361.410    41.772     8.17    5.61
 -98072.152    43.958     7.56    5.53
 -97782.893    46.220     7.82    5.34
 -97493.632    47.839     5.60    5.19
 -97204.370    48.386     1.89    5.00
 -96915.105    48.622     0.82    5.29
 -96625.840    48.755     0.46    5.27
 -96336.572    49.755     3.46    4.97
 -96047.303    49.705    -0.17    4.54
 -95758.032    49.596    -0.38    4.39
 -95468.760    49.195    -1.39    4.07
 -95179.486    48.513    -2.36    4.38
 -94890.210    48.022    -1.70    4.69
 -94600.933    47.919    -0.35    4.42
 -94311.654    47.614    -1.06    4.25
 -94022.373    48.472     2.97    4.12
 -93733.091    49.379     3.14    4.91
 -93443.807    50.643     4.37    4.70
 -93154.521    50.705     0.22    4.73
 -92865.234    50.433    -0.94    4.88
 -92575.944    49.806    -2.17    5.27
 -92286.654    49.617    -0.66    5.09
 -91997.361    49.755     0.48    4.91
 -91708.067    51.178     4.92    5.62
 -91418.772    52.675     5.17    6.13
 -91129.474    54.467     6.19    6.09
 -90840.175    57.397    10.13    6.09
 -90550.874    58.399     3.46    5.52
 -90261.572    58.599     0.69    5.33
 -89972.268    57.575    -3.54    6.17
 -89682.962    55.617    -6.77    6.88
 -89393.654    52.979    -9.12    7.69
 -89104.345    50.806    -7.51    7.54
 -88815.034    47.687   -10.78    6.18
 -88525.722    45.805    -6.50    5.43
 -88236.408    44.444    -4.70    4.31
 -87947.092    43.522    -3.19    3.74
 -87657.774    43.182    -1.17    4.08
 -87368.455    42.513    -2.31    4.87
 -87079.134    42.255    -0.89    5.10
 -86789.811    42.450     0.67    4.71
 -86500.487    41.822    -2.17    4.19
 -86211.161    40.950    -3.01    3.68
 -85921.833    40.220    -2.52    3.09
 -85632.503    40.030    -0.66    2.73
 -85343.172    39.992    -0.13    2.70
 -85053.839    39.972    -0.07    2.55
 -84764.505    39.875    -0.33    2.89
 -84475.168    39.585    -1.00    2.99
 -84185.830    39.333    -0.87    3.08
 -83896.491    39.588     0.88    3.70
 -83607.149    39.572    -0.06    3.91
 -83317.806    38.737    -2.88    3.30
 -83028.461    38.638    -0.34    2.53
 -82739.115    39.005     1.27    3.00
 -82449.767    38.992    -0.04    2.85
 -82160.417    39.651     2.28    3.36
 -81871.065    40.450     2.76    3.86
 -81581.711    41.422     3.36    4.26
 -81292.356    41.526     0.36    4.35
 -81002.999    42.872     4.65    5.10
 -80713.641    42.634    -0.82    5.85
 -80424.281    42.886     0.87    6.06
 -80134.919    44.388     5.19    7.60
 -79845.555    46.653     7.83    9.16
 -79556.189    49.392     9.47    9.74
 -79266.822    52.561    10.95    8.54
 -78977.453    54.313     6.05    7.58
 -78688.083    55.038     2.51    6.81
 -78398.710    54.352    -2.37    6.56
 -78109.336    52.890    -5.05    6.74
 -77819.960    51.879    -3.50    6.25
 -77530.583    51.788    -0.31    6.04
 -77241.203    52.375     2.03    6.29
 -76951.822    53.182     2.79    6.12
 -76662.439    54.565     4.78    6.31
 -76373.055    56.427     6.43    6.09
 -76083.669    57.565     3.93    5.98
 -75794.281    59.082     5.24    6.04
 -75504.891    60.018     3.23    5.97
 -75215.499    61.082     3.68    5.40
 -74926.106    63.088     6.93    5.98
 -74636.711    63.254     0.57    5.67
 -74347.314    63.551     1.03    5.46
 -74057.916    64.094     1.88    5.21
 -73768.515    64.488     1.36    5.25
 -73479.113    66.313     6.30    5.22
 -73189.710    67.175     2.98    4.94
 -72900.304    68.513     4.62    5.02
 -72610.897    69.907     4.82    4.29
 -72321.488    70.105     0.68    4.08
 -72032.077    70.723     2.13    3.59
 -71742.664    70.685    -0.13    3.66
 -71453.250    71.055     1.28    3.79
 -71163.834    71.456     1.39    3.80
 -70874.416    71.605     0.52    3.74
 -70584.996    71.653     0.17    3.56
 -70295.575    71.392    -0.90    3.93
 -70006.152    70.246    -3.96    4.41
 -69716.727    69.072    -4.06    4.74
 -69427.300    67.372    -5.87    4.98
 -69137.872    65.382    -6.87    4.48
 -68848.441    65.105    -0.96    4.62
 -68559.009    64.472    -2.19    4.40
 -68269.576    64.842     1.28    4.44
 -67980.140    65.314     1.63    4.32
 -67690.703    65.668     1.22    4.78
 -67401.263    66.755     3.75    5.07
 -67111.822    68.229     5.09    5.38
 -66822.380    69.382     3.98    4.80
 -66532.935    70.823     4.98    5.48
 -66243.489    72.915     7.22    7.01
 -65954.041    75.467     8.82    7.40
 -65664.591    78.009     8.78    7.28
 -65375.139    81.072    10.58    8.27
 -65085.686    84.306    11.17    8.75
 -64796.231    86.968     9.20    8.50
 -64506.774    87.872     3.12    8.67
 -64217.315    90.331     8.50    7.84
 -63928.115    92.288     6.77    6.73
 -63639.043    93.065     2.69    6.04
 -63349.968    93.306     0.84    5.10
 -63060.892    93.117    -0.66    4.40
 -62771.813    93.892     2.68    4.12
 -62482.733    94.608     2.47    4.12
 -62193.651    95.306     2.42    4.10
 -61904.568    95.823     1.79    4.03
 -61615.482    96.272     1.55    4.02
 -61326.395    96.212    -0.21    4.40
 -61037.306    95.707    -1.75    6.25
 -60748.215    94.297    -4.88    6.81
 -60459.123    93.178    -3.87    7.11
 -60170.028    93.392     0.74    7.20
 -59880.932    92.685    -2.45    7.66
 -59591.834    90.568    -7.32    8.61
 -59302.734    89.088    -5.12    8.74
 -59013.632    88.481    -2.10    7.94
 -58724.529    87.129    -4.68    7.78
 -58435.424    86.672    -1.58    7.91
 -58146.316    85.631    -3.60    7.45
 -57857.208    85.444    -0.65    7.55
 -57568.097    85.450     0.02    7.63
 -57278.984    84.617    -2.88    7.75
 -56989.870    82.297    -8.02    8.89
 -56700.754    80.565    -5.99    9.20
 -56411.635    79.972    -2.05    9.18
 -56122.516    79.331    -2.22    9.23
 -55833.394    79.067    -0.91    9.25
 -55544.270    80.721     5.72   10.51
 -55255.145    83.894    10.98   10.12
 -54966.018    87.416    12.18    7.56
 -54676.889    88.617     4.15    7.33
 -54387.758    88.572    -0.16    7.73
 -54098.625    87.551    -3.53    7.98
 -53809.491    87.314    -0.82    8.02
 -53520.354    86.013    -4.50    8.86
 -53231.216    84.575    -4.97   11.29
 -52942.076    82.365    -7.64   12.02
 -52652.934    79.772    -8.97   13.16
 -52363.790    77.838    -6.69   13.63
 -52074.645    76.289    -5.36   13.82
 -51785.498    75.040    -4.32   12.91
 -51496.348    72.088   -10.21   10.98
 -51207.197    70.185    -6.58    9.17
 -50918.044    68.455    -5.98    8.31
 -50628.889    67.892    -1.95    7.22
 -50339.733    66.720    -4.05    6.89
 -50050.574    65.634    -3.76    6.06
 -49761.414    63.634    -6.92    5.90
 -49472.252    63.296    -1.17    6.51
 -49183.088    62.823    -1.64    6.65
 -48893.922    62.687    -0.47    7.80
 -48604.754    60.361    -8.04    8.38
 -48315.584    58.907    -5.03    8.62
 -48026.413    57.417    -5.15    8.08
 -47737.239    56.941    -1.64    7.18
 -47448.064    56.975     0.12    6.92
 -47158.887    57.175     0.69    7.35
 -46869.708    58.996     6.30    8.03
 -46580.527    60.022     3.55    7.62
 -46291.345    61.622     5.53    8.56
 -46002.160    62.530     3.14    8.65
 -45712.974    62.343    -0.65    8.73
 -45423.785    61.638    -2.44    9.09
 -45134.595    58.912    -9.43    9.73
 -44845.403    56.477    -8.42   10.48
 -44556.209    54.246    -7.71    9.88
 -44267.013    52.099    -7.42    7.47
 -43977.816    50.602    -5.18    6.31
 -43688.616    51.316     2.47    5.86
 -43399.414    52.022     2.44    5.82
 -43110.211    53.450     4.94    6.31
 -42821.006    55.034     5.48    5.94
 -42531.799    56.619     5.48    5.64
 -42242.590    57.438     2.83    6.04
 -41953.379    57.585     0.51    7.44
 -41664.166    57.358    -0.79    7.42
 -41374.951    56.855    -1.74    7.20
 -41085.735    57.467     2.11    6.54
 -40796.516    57.738     0.94    6.67
 -40507.296    58.134     1.37    6.30
 -40218.074    57.718    -1.44    6.36
 -39928.850    56.382    -4.62    6.69
 -39639.624    54.992    -4.81    7.08
 -39350.396    53.378    -5.58    6.98
 -39061.166    51.530    -6.39    7.35
 -38771.934    50.491    -3.59    6.65
 -38482.701    49.138    -4.68    6.16
 -38193.465    47.670    -5.08    5.63
 -37904.228    47.172    -1.72    5.49
 -37614.988    46.772    -1.38    5.80
 -37325.747    46.392    -1.31    5.65
 -37036.504    45.961    -1.49    4.53
 -36747.259    45.323    -2.21    4.60
 -36458.012    43.313    -6.95    5.92
 -36168.763    41.358    -6.76    6.50
 -35879.512    40.195    -4.02    6.06
 -35590.259    39.307    -3.07    5.76
 -35301.004    39.890     2.02    5.90
 -35011.748    40.627     2.55    6.68
 -34722.489    42.399     6.13    7.36
 -34433.229    45.602    11.07    6.78
 -34143.967    47.237     5.65    6.39
 -33854.702    48.668     4.95    5.84
 -33565.436    49.688     3.53    5.05
 -33276.168    49.855     0.58    4.96
 -32986.898    49.433    -1.46    4.87
 -32697.626    48.647    -2.72    5.01
 -32408.352    46.455    -7.58    5.61
 -32119.076    44.450    -6.93    5.46
 -31829.798    42.336    -7.31    5.97
 -31540.519    39.789    -8.81    6.81
 -31251.237    37.450    -8.09    7.41
 -30961.953    34.636    -9.73    7.09
 -30672.668    32.421    -7.66    6.50
 -30383.381    32.238    -0.63    6.49
 -30094.091    32.297     0.20    5.72
 -29804.800    33.214     3.17    6.33
 -29515.506    35.522     7.98    6.90
 -29226.211    38.111     8.95    6.28
 -28936.914    39.975     6.44    5.43
 -28647.615    41.841     6.45    4.56
 -28358.314    42.493     2.25    4.45
 -28069.011    42.670     0.61    4.60
 -27779.706    43.392     2.50    4.67
 -27490.399    43.565     0.60    4.88
 -27201.090    42.944    -2.15    6.79
 -26911.779    43.591     2.24    7.26
 -26622.466    43.907     1.09    7.80
 -26333.152    44.854     3.27    9.07
 -26043.835    46.341     5.14    9.94
 -25754.516    48.316     6.83    8.79
 -25465.196    46.657    -5.73    9.64
 -25175.873    43.622   -10.49   12.07
 -24886.548    41.122    -8.64   12.61
 -24597.222    38.070   -10.55   12.71
 -24307.893    34.720   -11.58   11.03
 -24018.563    31.517   -11.07   10.33
 -23729.231    28.323   -11.04    8.70
 -23439.896    26.509    -6.27    7.93
 -23150.560    25.427    -3.74    7.08
 -22861.221    23.789    -5.66    6.37
 -22571.881    22.629    -4.01    6.50
 -22282.539    21.555    -3.71    6.74
 -21993.195    20.175    -4.77    7.13
 -21703.848    17.996    -7.53    7.76
 -21414.500    15.388    -9.01    7.50
 -21125.150    13.444    -6.72    6.59
 -20835.798    12.382    -3.67    6.12
 -20546.443    12.873     1.70    6.87
 -20257.087    12.975     0.35    8.17
 -19967.729    14.378     4.85    9.67
 -19678.369    15.789     4.88   10.37
 -19389.007    17.422     5.64   11.41
 -19099.643    19.513     7.23   11.10
 -18810.277    21.127     5.58   12.05
 -18520.909    22.738     5.57   11.99
 -18231.539    21.422    -4.55   12.66
 -17942.166    21.013    -1.41   12.47
 -17652.792    19.254    -6.08   12.39
 -17363.416    18.638    -2.13   11.54
 -17074.038    17.212    -4.93   10.46
 -16784.658    15.427    -6.17    9.67
 -16495.276    15.162    -0.92    9.00
 -16205.892    16.165     3.47    8.42
 -15916.506    16.588     1.46    8.78
 -15627.118    17.841     4.33   10.01
 -15337.728    19.378     5.31   10.83
 -15048.336    21.082     5.89   10.93
 -14758.941    21.479     1.37   11.94
 -14469.545    21.548     0.24   12.05
 -14180.147    20.461    -3.75   11.21
 -13890.747    19.182    -4.42   10.45
 -13601.345    18.754    -1.48    9.84
 -13311.941    17.705    -3.63   10.07
 -13022.535    16.617    -3.76    9.55
 -12733.126    17.399     2.70   10.30
 -12443.716    17.352    -0.16   10.25
 -12154.304    17.055    -1.03    9.89
 -11864.890    18.296     4.29   11.44
 -11575.473    19.438     3.95   11.53
 -11286.055    18.944    -1.71   11.54
 -10996.635    18.162    -2.70   11.03
 -10707.212    17.055    -3.82   10.85
 -10417.788    15.605    -5.01   10.78
 -10128.361    14.737    -3.00    9.51
  -9838.933    11.670   -10.60    8.27
  -9549.502    11.035    -2.19    7.61
  -9260.070     9.355    -5.80    6.74
  -8970.635     9.655     1.04    7.03
  -8681.199     9.685     0.11    7.52
  -8391.760     9.517    -0.58    8.57
  -8102.319     9.355    -0.56    8.68
  -7812.877     9.738     1.32    9.94
  -7523.432     9.789     0.17   10.08
  -7233.985     8.038    -6.05    9.27
  -6944.536     6.955    -3.74    8.47
  -6655.085     4.651    -7.96    6.66
  -6365.632     3.972    -2.35    5.82
  -6076.177     3.117    -2.95    5.50
  -5786.720     2.739    -1.30    5.02
  -5497.261     2.322    -1.44    4.62
  -5207.800     2.323     0.01    4.91
  -4918.337     2.168    -0.54    4.74
  -4628.872     1.968    -0.69    3.39
  -4339.404     2.488     1.80    3.66
  -4049.935     2.922     1.50    3.93
  -3760.464     3.855     3.22    4.76
  -3470.990     4.703     2.93    5.31
  -3181.515     4.736     0.11    5.08
  -2892.037     5.522     2.71    5.47
  -2602.557     5.772     0.86    4.84
  -2313.076     5.872     0.35    4.55
  -2023.592     5.450    -1.46    3.92
  -1734.285     5.099    -1.21    3.53
  -1445.243     4.375    -2.51    3.47
  -1156.199     3.358    -3.52    3.14
   -867.152     2.263    -3.79    2.74
   -578.104     1.392    -3.01    2.14
   -289.053     0.653    -2.56    1.42
     -0.001     1.593     3.25    3.99
    289.054     2.922     4.60    5.28
    578.111     5.691     9.58    7.46
    867.169     8.958    11.30    9.04
   1156.230    13.212    14.72    9.25
   1445.293    15.280     7.15    8.19
   1734.358    17.944     9.21    6.31
   2023.425    18.670     2.51    5.62
   2312.495    19.772     3.81    5.12
   2601.566    20.256     1.67    4.85
   2890.639    19.565    -2.39    4.91
   3179.715    19.605     0.14    4.64
   3468.792    19.702     0.33    4.55
   3757.872    18.088    -5.58    5.82
   4046.953    17.195    -3.09    6.21
   4336.037    17.263     0.23    6.05
   4625.123    17.195    -0.23    6.94
   4914.211    17.619     1.47    6.91
   5203.301    17.172    -1.55    7.12
   5492.393    17.668     1.72    6.84
   5781.487    18.050     1.32    6.60
   6070.584    18.138     0.30    7.14
   6359.682    18.614     1.64    6.95
   6648.783    17.721    -3.09    6.80
   6937.885    17.427    -1.02    6.67
   7226.990    16.588    -2.90    6.58
   7516.097    15.789    -2.77    6.71
   7805.206    14.555    -4.27    6.65
   8094.317    13.772    -2.71    6.20
   8383.430    12.912    -2.97    6.21
   8672.545    12.872    -0.14    6.41
   8961.663    12.972     0.35    6.77
   9250.782    13.001     0.10    7.00
   9539.904    14.551     5.36    7.41
   9829.027    15.841     4.46    7.75
  10118.153    17.255     4.89    7.46
  10407.281    19.237     6.86    6.82
  10696.411    20.329     3.78    6.34
  10985.543    21.358     3.56    5.80
  11274.677    21.910     1.91    5.40
  11563.814    22.065     0.54    5.40
  11852.952    20.602    -5.06    5.95
  12142.093    20.247    -1.23    6.31
  12431.236    19.703    -1.88    6.02
  12720.380    18.905    -2.76    6.65
  13009.527    18.432    -1.63    6.88
  13298.677    17.392    -3.60    7.19
  13587.828    16.296    -3.79    6.77
  13876.981    15.416    -3.05    6.24
  14166.137    15.198    -0.75    6.40
  14455.294    15.522     1.12    6.57
  14744.454    16.203     2.36    5.89
  15033.616    16.788     2.03    5.18
  15322.780    17.638     2.94    4.35
  15611.946    17.691     0.18    3.94
  15901.114    17.254    -1.51    3.37
  16190.285    15.322    -6.68    3.32
  16479.458    14.280    -3.60    3.57
  16768.632    13.591    -2.38    3.82
  17057.809    12.636    -3.30    3.89
  17346.988    11.602    -3.58    3.36
  17636.169    11.099    -1.74    3.14
  17925.353    11.358     0.89    3.16
  18214.538    10.922    -1.51    3.24
  18503.726    10.599    -1.11    3.39
  18792.916    10.155    -1.54    3.54
  19082.108    10.138    -0.06    3.39
  19371.302     9.421    -2.48    3.06
  19660.498     9.602     0.63    3.01
  19949.696     9.703     0.35    2.63
  20238.897    10.214     1.77    2.25
  20528.100    10.513     1.03    2.15
  20817.304    10.288    -0.78    2.10
  21106.512    10.203    -0.30    2.08
  21395.721    10.333     0.45    2.01
  21684.932    10.083    -0.86    1.87
  21974.146     9.438    -2.23    2.10
  22263.361     9.263    -0.60    2.55
  22552.579     8.823    -1.52    3.02
  22841.799     8.668    -0.54    3.34
  23131.021     8.555    -0.39    3.81
  23420.246     8.617     0.21    4.46
  23709.472     9.575     3.31    4.42
  23998.701    10.099     1.81    5.00
  24287.932    10.841     2.56    5.52
  24577.165    10.272    -1.97    6.27
  24866.400    10.738     1.61    6.32
  25155.638    11.455     2.48    6.85
  25444.877    11.289    -0.57    7.21
  25734.119    11.222    -0.23    6.92
  26023.363    10.325    -3.10    7.32
  26312.609    10.433     0.37    7.51
  26601.858     9.836    -2.06    7.44
  26891.108     8.888    -3.28    7.72
  27180.361     9.050     0.56    7.92
  27469.616    10.022     3.36    7.98
  27758.873    11.178     4.00    7.94
  28048.133    11.323     0.50    7.63
  28337.394    11.772     1.55    7.09
  28626.658    12.329     1.93    6.10
  28915.924    13.134     2.78    4.67
  29205.192    12.972    -0.56    3.65
  29494.462    12.629    -1.19    3.43
  29783.735    12.627    -0.01    3.14
  30073.009    12.789     0.56    3.45
  30362.286    12.985     0.68    3.41
  30651.565    13.410     1.47    3.26
  30940.847    12.950    -1.59    3.61
  31230.130    12.705    -0.85    3.66
  31519.416    12.513    -0.66    4.12
  31808.704    12.132    -1.32    4.27
  32097.994    11.128    -3.47    5.11
  32387.286     9.789    -4.63    5.85
  32676.581     8.444    -4.65    6.11
  32965.878     7.565    -3.04    6.28
  33255.177     7.837     0.94    6.73
  33544.478     8.651     2.81    7.29
  33833.782     8.772     0.42    7.61
  34123.087     9.117     1.19    7.37
  34412.395    10.575     5.04    6.35
  34701.705    11.143     1.96    6.45
  34991.018    10.838    -1.05    6.39
  35280.332     9.296    -5.33    6.27
  35569.649     7.456    -6.36    6.65
  35858.968     5.617    -6.36    6.74
  36148.289     4.399    -4.21    6.35
  36437.613     4.670     0.94    6.66
  36726.939     4.088    -2.01    6.34
  37016.266     4.185     0.34    5.90
  37305.597     5.668     5.12    6.07
  37594.929     6.280     2.12    5.53
  37884.264     7.705     4.92    4.91
  38173.601     8.149     1.53    4.22
  38462.940     9.203     3.64    4.46
  38752.281    10.907     5.89    4.25
  39041.625    12.237     4.60    3.68
  39330.971    13.805     5.42    4.58
  39620.319    16.438     9.10    6.28
  39909.669    18.972     8.76    7.71
  40199.022    20.594     5.61    7.52
  40488.377    22.789     7.59    7.95
  40777.734    25.988    11.06    7.80
  41067.093    28.927    10.16    7.66
  41356.455    30.723     6.21    7.06
  41645.819    31.638     3.17    6.75
  41935.185    31.772     0.46    7.32
  42224.553    30.375    -4.83    8.75
  42513.924    28.468    -6.59    9.72
  42803.297    27.411    -3.65    9.61
  43092.672    25.873    -5.31    9.25
  43382.049    25.555    -1.10    8.29
  43671.429    25.358    -0.68    7.83
  43960.811    27.718     8.16    7.78
  44250.195    29.455     6.00    7.80
  44539.582    32.065     9.02    7.70
  44828.970    34.305     7.74    6.61
  45118.361    35.077     2.67    6.17
  45407.755    34.685    -1.35    7.03
  45697.150    34.203    -1.67    7.66
  45986.548    33.289    -3.16    8.34
  46275.948    32.821    -1.62    8.60
  46565.350    32.168    -2.26    8.28
  46854.755    32.634     1.61    8.45
  47144.162    34.048     4.89    7.76
  47433.571    35.772     5.96    7.28
  47722.983    36.852     3.73    6.23
  48012.397    36.738    -0.40    6.05
  48301.813    36.602    -0.47    5.57
  48591.231    36.634     0.11    5.12
  48880.652    36.289    -1.19    5.17
  49170.075    36.572     0.98    5.24
  49459.500    36.705     0.46    4.90
  49748.927    37.675     3.35    4.64
  50038.357    38.236     1.94    4.56
  50327.789    39.005     2.66    4.27
  50617.224    39.737     2.53    4.68
  50906.660    41.067     4.60    5.37
  51196.099    42.388     4.57    5.02
  51485.541    43.979     5.49    4.62
  51774.984    45.653     5.79    4.77
  52064.430    46.540     3.06    4.46
  52353.878    47.055     1.78    4.31
  52643.329    47.721     2.30    4.09
  52932.781    47.870     0.52    3.96
  53222.237    47.588    -0.97    4.32
  53511.694    47.718     0.45    4.37
  53801.154    47.568    -0.52    4.78
  54090.616    46.979    -2.04    4.83
  54380.080    46.886    -0.32    4.45
  54669.547    46.823    -0.22    4.44
  54959.016    47.229     1.41    4.75
  55248.487    47.875     2.23    4.94
  55537.961    47.789    -0.30    4.95
  55827.436    47.739    -0.17    4.62
  56116.915    46.653    -3.75    4.44
  56406.395    45.690    -3.33    4.39
  56695.878    44.427    -4.36    4.07
  56985.363    43.158    -4.38    3.83
  57274.851    42.460    -2.41    3.40
  57564.341    42.455    -0.02    3.22
  57853.833    42.542     0.30    2.95
  58143.327    42.772     0.79    3.19
  58432.824    44.513     6.02    4.39
  58722.323    45.672     4.00    4.69
  59011.825    46.670     3.45    5.42
  59301.329    47.345     2.33    5.22
  59590.835    48.099     2.60    4.77
  59880.343    48.636     1.85    5.23
  60169.854    49.421     2.71    5.00
  60459.299    48.655    -2.65    5.67
  60748.310    47.836    -2.83    5.54
  61037.324    49.289     5.03    6.37
  61326.339    49.305     0.06    6.59
  61615.357    49.185    -0.41    6.54
  61904.378    48.450    -2.55    6.16
  62193.400    48.772     1.11    5.85
  62482.425    48.958     0.65    5.67
  62771.453    49.001     0.15    5.14
  63060.482    49.456     1.57    4.79
  63349.514    50.322     3.00    4.79
  63638.549    51.105     2.71    4.86
  63927.585    52.756     5.71    5.28
  64216.624    54.755     6.92    5.79
  64505.666    56.355     5.54    6.42
  64794.709    59.668    11.46    8.27
  65083.756    61.509     6.37    8.47
  65372.804    63.094     5.48    8.43
  65661.855    64.789     5.86    8.22
  65950.908    64.933     0.50    8.43
  66239.963    64.314    -2.14    8.53
  66529.021    64.129    -0.64    8.47
  66818.082    63.772    -1.24    7.70
  67107.144    63.375    -1.37    6.83
  67396.209    63.165    -0.73    5.73
  67685.276    63.961     2.75    6.23
  67974.346    66.013     7.10    5.81
  68263.418    66.720     2.45    5.43
  68552.492    67.772     3.64    5.05
  68841.569    68.588     2.83    4.49
  69130.648    69.685     3.80    3.81
  69419.730    69.655    -0.11    3.74
  69708.814    69.165    -1.70    4.17
  69997.900    68.082    -3.74    4.78
  70286.989    67.088    -3.44    5.21
  70576.080    65.806    -4.44    4.98
  70865.173    64.538    -4.38    4.82
  71154.269    63.540    -3.45    4.48
  71443.367    63.634     0.33    4.21
  71732.467    63.582    -0.18    4.17
  72021.570    64.155     1.98    4.22
  72310.675    65.188     3.57    4.13
  72599.783    66.237     3.63    3.93
  72888.893    66.338     0.35    4.03
  73178.006    66.017    -1.11    3.82
  73467.120    66.263     0.85    3.91
  73756.238    66.688     1.47    4.18
  74045.357    66.288    -1.38    4.67
  74334.479    65.822    -1.61    5.02
  74623.604    65.526    -1.02    5.20
  74912.730    66.026     1.73    5.41
  75201.860    66.634     2.10    5.70
  75490.991    67.542     3.14    6.06
  75780.125    67.933     1.35    6.14
  76069.261    68.859     3.20    5.96
  76358.400    69.841     3.39    5.48
  76647.541    70.361     1.80    4.96
  76936.685    71.083     2.50    5.45
  77225.831    72.873     6.19    6.31
  77514.979    75.205     8.06    8.24
  77804.130    75.979     2.68    8.24
  78093.283    76.614     2.20    8.28
  78382.439    77.505     3.08    7.79
  78671.597    78.823     4.56    7.33
  78960.757    80.378     5.38    7.95
  79249.920    82.077     5.87    8.13
  79539.085    85.444    11.65    9.88
  79828.253    87.513     7.15   10.35
  80117.423    91.013    12.10   11.50
  80406.596    94.378    11.64   11.33
  80695.771    96.203     6.31   10.37
  80984.948    97.754     5.37    8.93
  81274.128    97.237    -1.79    8.13
  81563.310    95.048    -7.57    8.63
  81852.495    94.981    -0.23    8.90
  82141.682    92.670    -7.99    8.64
  82430.871    91.229    -4.98    8.64
  82720.063    90.220    -3.49    8.69
  83009.258    89.392    -2.86    8.43
  83298.454    87.505    -6.53    8.54
  83587.654    84.505   -10.37    8.31
  83876.855    81.981    -8.73    7.35
  84166.059    81.617    -1.26    7.08
  84455.266    80.755    -2.98    6.79
  84744.475    81.737     3.39    6.84
  85033.686    83.505     6.11    7.73
  85322.900    86.624    10.78    8.90
  85612.116    89.892    11.30    9.58
  85901.335    90.348     1.58    9.08
  86190.556    90.280    -0.23    8.98
  86479.780    89.488    -2.74    9.16
  86769.006    88.195    -4.47    9.18
  87058.234    87.001    -4.13    8.97
  87347.465    84.705    -7.94    7.26
  87636.699    83.403    -4.50    5.88
  87925.935    81.890    -5.23    6.24
  88215.173    81.979     0.31    6.26
  88504.414    82.238     0.90    5.84
  88793.657    82.890     2.25    5.26
  89082.903    83.188     1.03    4.70
  89372.151    82.548    -2.22    3.55
  89661.401    82.343    -0.71    3.38
  89950.655    82.839     1.72    3.85
  90239.910    83.005     0.57    4.04
  90529.168    83.214     0.72    4.26
  90818.429    82.961    -0.87    4.54
  91107.692    81.892    -3.70    5.08
  91396.957    80.472    -4.91    5.76
  91686.225    78.013    -8.50    6.52
  91975.495    75.378    -9.11    6.99
  92264.768    72.720    -9.19    6.55
  92554.043    69.599   -10.79    6.44
  92843.321    67.185    -8.34    6.23
  93132.601    64.484    -9.34    5.82
  93421.884    63.182    -4.50    4.91
  93711.169    62.910    -0.94    4.81
  94000.457    63.094     0.64    5.23
  94289.747    64.254     4.01    5.58
  94579.040    64.988     2.54    5.95
  94868.335    65.804     2.82    5.59
  95157.633    66.162     1.23    5.71
  95446.933    66.455     1.01    5.59
  95736.235    66.200    -0.88    5.23
  96025.540    66.839     2.21    5.19
  96314.848    68.088     4.32    5.00
  96604.158    69.038     3.28    4.93
  96893.471    69.546     1.75    4.27
  97182.786    68.123    -4.92    5.59
  97472.103    64.488   -12.56    8.74
  97761.423    60.307   -14.45   10.08
  98050.746    56.562   -12.95   10.28
  98340.071    52.975   -12.40    8.35
  98629.398    50.372    -9.00    6.50
  98918.728    48.237    -7.38    3.98
  99208.061    47.548    -2.38    3.26
  99497.396    48.043     1.71    2.89
  99786.734    48.806     2.64    2.46
 100076.074    49.214     1.41    2.33
 100365.416    49.538     1.12    2.32
 100654.761    50.561     3.53    2.83
 100944.109    51.737     4.06    3.81
 101233.459    53.823     7.21    4.76
 101522.812    56.050     7.70    5.70
 101812.167    58.065     6.96    5.69
 102101.525    60.548     8.58    5.54
 102390.885    61.651     3.81    5.39
 102680.248    63.070     4.90    5.00
 102969.613    64.239     4.04    5.40
 103258.981    64.555     1.09    5.28
 103548.351    65.050     1.71    4.92
 103837.724    65.842     2.74    4.64
 104127.099    66.427     2.02    4.51
 104416.477    67.105     2.34    4.86
 104705.857    67.602     1.72    4.59
 104995.240    68.522     3.18    4.66
 105284.626    70.461     6.70    4.44
 105574.014    72.185     5.96    4.58
 105863.404    73.496     4.53    4.70
 106152.797    75.083     5.49    4.72
 106442.193    76.706     5.61    4.73
 106731.591    77.599     3.09    4.34
 107020.991    78.128     1.83    4.68
 107310.395    77.996    -0.46    4.60
 107599.800    78.605     2.11    4.62
 107889.209    79.422     2.82    4.95
 108178.620    79.788     1.27    4.82
 108468.033    80.362     1.98    4.71
 108757.449    81.375     3.50    4.72
 109046.867    82.988     5.57    4.95
 109336.288    85.151     7.47    5.89
 109625.712    86.688     5.31    5.80
 109915.138    87.822     3.92    6.10
 110204.567    89.105     4.43    5.68
 110493.998    89.841     2.54    5.67
 110783.432    92.218     8.21    7.08
 111072.868    93.988     6.12    7.45
 111362.307    96.263     7.86    7.87
 111651.748    96.388     0.43    7.76
 111941.192    97.582     4.12    7.21
 112230.639    98.700     3.86    7.12
 112520.088    98.338    -1.25    6.87
 112809.540    97.789    -1.90    7.67
 113098.994    97.588    -0.69    8.06
 113388.451    96.979    -2.11    7.50
 113677.910    97.341     1.25    8.01
 113967.372    96.806    -1.85    7.63
 114256.837    97.048     0.83    7.39
 114546.304    97.903     2.95    7.22
 114835.774    98.254     1.21    7.06
 115125.246    97.602    -2.25    7.33
 115414.721    98.040     1.51    6.99
 115704.199    97.128    -3.15    6.01
 115993.679    97.723     2.06    5.12
 116283.161    98.365     2.22    5.24
 116572.646    98.538     0.60    6.24
 116862.134    99.099     1.94    6.60
 117151.624    98.996    -0.36    6.36
 117441.117    99.255     0.90    5.93
 117730.613   100.077     2.84    6.29
 118020.111   101.110     3.57    6.64
 118309.612   102.129     3.52    6.48
 118599.115   104.605     8.55    8.08
 118888.621   106.593     6.87    8.83
 119178.129   108.385     6.19    9.70
 119467.641   109.372     3.41   10.36
 119757.154   108.988    -1.32   10.87
 120046.671   108.065    -3.19   12.57
 120336.189   107.789    -0.95   13.37
 120625.711   105.805    -6.85   13.19
 120915.235   101.416   -15.16   11.37
 121204.762    99.320    -7.24   11.77
 121494.291    96.788    -8.74   10.14
 121783.823    94.236    -8.82    6.16
 122073.357    94.178    -0.20    4.82
 122362.894    93.513    -2.30    4.82
 122652.434    93.706     0.67    4.75
 122941.489    93.582    -0.43    4.73
 123230.471    93.013    -1.97    5.00
 123519.455    91.582    -4.95    5.39
 123808.442    89.433    -7.44    5.45
 124097.431    88.455    -3.38    5.56
 124386.424    87.651    -2.78    5.84
 124675.418    86.905    -2.58    5.40
 124964.416    86.290    -2.13    5.37
 125253.416    85.203    -3.76    5.30
 125542.418    83.988    -4.20    5.98
 125831.424    82.551    -4.97    6.69
 126120.431    80.905    -5.70    6.52
 126409.442    79.504    -4.85    5.82
 126698.455    79.203    -1.04    6.01
 126987.471    79.530     1.13    6.09
 127276.489    80.890     4.71    6.77
 127565.510    83.772     9.97    7.40
 127854.533    86.703    10.14    7.56
 128143.559    88.672     6.81    6.98
 128432.588    88.858     0.64    7.42
 128721.620    88.555    -1.05    7.56
 129010.654    87.672    -3.06    7.16
 129299.690    86.572    -3.81    7.52
 129588.730    84.872    -5.88    7.56
 129877.772    83.099    -6.13    6.90
 130166.816    83.188     0.31    6.13
 130455.863    82.134    -3.65    5.62
 130744.913    81.690    -1.54    4.64
 131033.966    81.094    -2.06    4.39
 131323.021    81.245     0.52    4.56
 131612.079    81.082    -0.57    4.34
 131901.139    81.111     0.10    4.63
 132190.202    82.083     3.36    5.53
 132479.268    82.534     1.56    5.47
 132768.336    82.905     1.28    5.78
 133057.407    84.392     5.15    5.90
 133346.481    85.665     4.40    5.76
 133635.557    86.805     3.95    5.19
 133924.636    87.323     1.79    5.12
 134213.717    87.972     2.24    5.64
 134502.802    88.772     2.77    5.81
 134791.888    88.685    -0.30    5.54
 135080.978    88.392    -1.01    5.13
 135370.070    88.703     1.07    4.83
 135659.165    89.313     2.11    5.03
 135948.263    90.237     3.20    5.30
 136237.363    91.907     5.78    5.49
 136526.466    93.410     5.20    4.75
 136815.571    94.551     3.95    5.10
 137104.679    94.965     1.43    4.94
 137393.790    96.111     3.96    4.53
 137682.903    96.399     1.00    4.85
 137972.020    96.386    -0.05    4.57
 138261.138    97.668     4.44    5.31
 138550.260    99.314     5.69    6.05
 138839.384   101.155     6.37    6.18
 139128.511   103.256     7.27    6.09
 139417.640   105.289     7.03    8.11
 139706.773   108.555    11.30    9.33
 139995.907   111.298     9.49    8.77
 140285.045   113.067     6.12    8.56
 140574.185   114.450     4.78    7.99
 140863.328   114.755     1.06    7.50
 141152.474   114.212    -1.88    7.82
 141441.622   112.505    -5.90    6.57
 141730.773   111.305    -4.15    5.69
 142019.927   110.392    -3.16    4.71
 142309.083   108.985    -4.87    4.90
 142598.242   107.905    -3.73    5.28
 142887.404   108.193     1.00    5.22
 143176.568   108.145    -0.17    5.70
 143465.735   107.341    -2.78    5.69
 143754.905   105.988    -4.68    5.29
 144044.077   104.685    -4.51    5.34
 144333.252   103.622    -3.68    5.74
 144622.430   102.410    -4.19    5.79
 144911.611   100.842    -5.42    5.33
 145200.794    99.672    -4.05    5.56
 145489.980    98.872    -2.77    4.83
 145779.169    97.772    -3.80    4.50
 146068.360    96.496    -4.41    4.79
 146357.554    94.841    -5.72    4.77
 146646.751    94.704    -0.47    4.77
 146935.951    94.565    -0.48    4.45
 147225.153    94.886     1.11    4.33
 147514.358    95.375     1.69    4.22
 147803.565    96.341     3.34    4.65
 148092.776    96.875     1.85    4.79
 148381.989    96.772    -0.36    5.19
 148671.205    95.739    -3.57    5.88
 148960.423    94.272    -5.07    6.52
 149249.644    92.588    -5.82    6.37
 149538.868    90.647    -6.71    5.39
 149828.095    89.358    -4.46    4.70
 150117.324    88.088    -4.39    4.24
 150406.556    87.585    -1.74    4.38
 150695.791    87.067    -1.79    4.26
 150985.029    86.415    -2.26    4.04
 151274.269    86.122    -1.01    4.55
 151563.512    86.203     0.28    5.09
 151852.758    86.094    -0.37    4.95
 152142.006    86.247     0.53    5.05
 152431.258    86.772     1.81    4.62
 152720.511    86.450    -1.11    4.65
 153009.768    85.736    -2.47    3.98
 153299.028    85.018    -2.48    3.71
 153588.290    84.162    -2.96    3.57
 153877.555    83.444    -2.48    3.78
 154166.822    82.496    -3.28    3.89
 154456.093    81.915    -2.01    3.46
 154745.366    80.955    -3.32    4.15
 155034.642    79.030    -6.65    5.07
 155323.920    75.723   -11.43    7.09
 155613.202    73.254    -8.53    7.38
 155902.486    70.685    -8.88    7.19
 156191.773    69.099    -5.48    6.31
 156481.062    69.496     1.37    5.90
 156770.355    70.477     3.39    6.78
 157059.650    73.082     9.01    6.96
 157348.948    75.872     9.64    5.80
 157638.248    77.807     6.69    5.36
 157927.552    79.117     4.53    4.05
 158216.858    80.542     4.93    4.16
 158506.167    81.305     2.64    3.91
 158795.479    81.788     1.67    3.99
 159084.793    82.629     2.91    4.13
 159374.110    84.961     8.06    5.45
 159663.430    87.203     7.75    6.07
 159952.753    89.572     8.19    6.44
 160242.078    91.739     7.49    6.80
 160531.407    92.996     4.34    6.48
 160820.738    94.288     4.47    5.75
 161110.072    94.048    -0.83    5.93
 161399.408    92.296    -6.05    6.50
 161688.748    90.472    -6.31    6.17
 161978.090    88.907    -5.41    5.29
 162267.435    87.305    -5.54    4.34
 162556.782    86.289    -3.51    4.76
 162846.133    85.653    -2.20    5.29
 163135.486    84.048    -5.55    5.28
 163424.842    83.378    -2.31    5.74
 163714.201    81.805    -5.44    5.03
 164003.563    80.228    -5.45    4.49
 164292.927    79.246    -3.39    4.69
 164582.294    77.806    -4.98    4.28
 164871.664    77.822     0.05    4.70
 165161.037    78.687     2.99    5.07
 165450.413    79.094     1.41    4.90
 165739.791    79.306     0.73    5.10
 166029.172    80.438     3.91    4.89
 166318.556    80.493     0.19    4.79
 166607.943    79.688    -2.78    4.80
 166897.333    77.481    -7.63    6.33
 167186.725    74.986    -8.62    7.65
 167476.120    71.737   -11.23    8.73
 167765.518    68.772   -10.25    8.25
 168054.919    66.461    -7.98    7.59
 168344.323    65.788    -2.33    6.41
 168633.729    65.427    -1.25    6.07
 168923.138    66.358     3.22    6.30
 169212.550    67.912     5.37    6.52
 169501.965    71.255    11.55    4.85
 169791.383    72.723     5.07    4.90
 170080.803    74.496     6.13    3.76
 170370.226    75.972     5.10    4.14
 170659.652    77.065     3.78    4.48
 170949.081    78.617     5.36    4.21
 171238.513    79.365     2.59    4.35
 171527.948    79.907     1.87    4.14
 171817.385    80.723     2.82    3.84
 172106.825    81.368     2.23    4.28
 172396.268    82.555     4.10    4.22
 172685.714    84.685     7.36    4.68
 172975.163    85.143     1.58    4.51
 173264.614    86.488     4.65    4.78
 173554.068    87.272     2.71    4.83
 173843.526    88.358     3.75    4.47
 174132.985    88.824     1.61    4.73
 174422.448    89.255     1.49    4.94
 174711.914    90.721     5.06    5.91
 175001.382    91.804     3.74    5.83
 175290.854    91.975     0.59    6.23
 175580.328    91.718    -0.89    7.01
 175869.805    91.655    -0.22    7.43
 176159.285    91.754     0.34    8.43
 176448.767    89.608    -7.42    9.46
 176738.253    88.168    -4.97    9.86
 177027.741    86.289    -6.49   10.17
 177317.233    84.237    -7.09    9.96
 177606.727    82.358    -6.49    9.28
 177896.224    81.231    -3.89    8.32
 178185.723    80.772    -1.59    6.88
 178475.226    82.722     6.74    7.07
 178764.731    84.093     4.74    7.14
 179054.240    86.237     7.41    7.19
 179343.751    88.755     8.70    6.09
 179633.265    90.688     6.68    5.89
 179922.782    92.608     6.63    5.79
 180212.302    94.504     6.55    5.64
 180501.824    95.461     3.31    5.52
 180791.350    96.305     2.91    6.53
 181080.878    96.555     0.86    7.57
 181370.409    97.094     1.86    7.80
 181659.943    97.944     2.94    7.46
 181949.480    98.705     2.63    7.54
 182239.020   100.894     7.56    6.14
 182528.563   102.362     5.07    5.64
 182818.108   103.331     3.35    4.64
 183107.657   103.839     1.76    5.00
 183397.208   105.496     5.72    5.39
 183686.762   106.789     4.47    5.89
 183976.319   107.872     3.74    5.68
 184265.879   107.082    -2.73    6.42
 184555.442   105.591    -5.15    7.27
 184845.008   103.138    -8.47    8.45
 185134.204    99.910   -11.16    9.50
 185423.152    97.048    -9.91    9.42
 185712.103    92.806   -14.68    7.70
 186001.057    90.575    -7.72    5.66
 186290.013    89.754    -2.84    5.29
 186578.973    89.484    -0.94    5.15
 186867.935    89.944     1.59    5.49
 187156.900    89.565    -1.31    5.54
 187445.868    89.917     1.22    5.37
 187734.839    89.405    -1.77    5.00
 188023.813    88.313    -3.78    4.65
 188312.790    87.386    -3.21    4.10
 188601.769    86.841    -1.89    4.38
 188890.752    86.222    -2.14    4.49
 189179.737    86.151    -0.24    4.71
 189468.725    86.165     0.05    4.74
 189757.716    85.996    -0.59    4.38
 190046.710    86.077     0.28    3.88
 190335.707    86.965     3.07    3.36
 190624.707    87.872     3.14    3.26
 190913.710    89.143     4.40    3.50
 191202.715    89.461     1.10    3.42
 191491.724    89.172    -1.00    4.01
 191780.735    89.806     2.19    4.18
 192069.750    89.907     0.35    4.22
 192358.767    90.280     1.29    5.54
 192647.787    89.907    -1.29    6.02
 192936.810    88.903    -3.48    6.03
 193225.836    88.649    -0.88    5.77
 193514.865    88.405    -0.84    5.35
 193803.896    87.158    -4.32    4.53
 194092.931    86.256    -3.12    4.51
 194381.969    85.622    -2.19    4.31
 194671.009    84.988    -2.19    3.84
 194960.052    84.754    -0.81    3.69
 195249.099    84.685    -0.24    3.49
 195538.148    84.941     0.88    3.38
 195827.200    85.839     3.11    3.52
 196116.255    86.014     0.60    4.36
 196405.313    85.873    -0.49    4.70
 196694.374    85.151    -2.50    5.79
 196983.438    84.410    -2.56    6.25
 197272.504    83.858    -1.91    6.17
 197561.574    82.641    -4.21    5.66
 197850.647    82.082    -1.93    4.87
 198139.722    82.910     2.86    4.79
 198428.800    84.203     4.47    5.41
 198717.882    86.427     7.69    5.49
 199006.966    87.901     5.10    5.50
 199296.053    88.992     3.78    5.24
 199585.143    89.555     1.95    5.10
 199874.237    88.875    -2.35    5.76
 200163.333    87.582    -4.47    6.22
 200452.432    85.022    -8.86    6.69
 200741.534    81.872   -10.90    6.04
 201030.638    79.465    -8.32    5.29
 201319.746    78.410    -3.65    4.66
 201608.857    76.972    -4.97    4.00
 201897.971    75.912    -3.67    3.99
 202187.087    75.405    -1.75    4.08
 202476.207    74.526    -3.04    4.04
 202765.329    74.237    -1.00    3.96
 203054.455    73.636    -2.08    3.69
 203343.583    72.805    -2.87    3.85
 203632.715    72.188    -2.13    4.00
 203921.849    71.565    -2.16    3.90
 204210.986    70.608    -3.31    3.89
 204500.127    70.305    -1.05    4.04
 204789.270    69.351    -3.30    3.94
 205078.416    68.636    -2.47    4.11
 205367.565    68.220    -1.44    4.04
 205656.717    67.555    -2.30    3.98
 205945.872    67.416    -0.48    4.00
 206235.030    66.888    -1.82    3.88
 206524.191    66.875    -0.05    4.06
 206813.355    66.298    -2.00    4.48
 207102.522    65.405    -3.09    4.93
 207391.692    63.088    -8.01    6.44
 207680.865    60.657    -8.41    6.22
 207970.041    58.013    -9.14    5.52
 208259.219    55.737    -7.87    5.16
 208548.401    54.178    -5.39    4.77
 208837.586    52.065    -7.31    4.58
 209126.774    51.427    -2.20    4.94
 209415.964    51.220    -0.72    5.32
 209705.158    51.841     2.15    6.01
 209994.355    52.944     3.82    6.36
 210283.555    55.172     7.70    7.10
 210572.757    57.919     9.50    7.23
 210861.963    61.375    11.95    7.63
 211151.171    64.522    10.88    6.44
 211440.383    66.718     7.59    5.54
 211729.598    68.496     6.15    5.19
 212018.815    70.338     6.37    4.48
 212308.036    71.205     3.00    4.22
 212597.259    72.018     2.81    3.99
 212886.486    72.000    -0.06    4.04
 213175.716    72.005     0.02    4.23
 213464.948    71.789    -0.75    4.32
 213754.184    71.223    -1.96    4.43
 214043.422    71.296     0.25    4.61
 214332.664    70.888    -1.41    4.91
 214621.908    70.484    -1.40    5.00
 214911.156    70.361    -0.42    4.96
 215200.407    69.198    -4.02    5.26
 215489.660    68.060    -3.93    5.33
 215778.917    67.673    -1.34    6.00
 216068.176    67.026    -2.24    6.04
 216357.439    66.772    -0.88    6.21
 216646.705    67.055     0.98    6.97
 216935.973    67.737     2.36    6.87
 217225.245    67.591    -0.50    6.87
 217514.520    67.151    -1.52    7.11
 217803.797    66.065    -3.76    7.12
 218093.078    64.823    -4.29    6.39
 218382.362    64.306    -1.79    5.22
 218671.649    63.822    -1.67    4.99
 218960.938    63.289    -1.84    4.98
 219250.231    62.722    -1.96    5.45
 219539.527    62.254    -1.62    5.75
 219828.826    61.737    -1.79    5.99
 220118.128    61.005    -2.53    5.74
 220407.433    60.505    -1.73    5.74
 220696.741    59.395    -3.84    6.10
 220986.052    58.093    -4.50    5.15
 221275.366    57.254    -2.90    5.12
 221564.683    56.229    -3.54    3.86
 221854.003    55.444    -2.72    3.47
 222143.326    55.362    -0.28    3.45
 222432.652    56.134     2.67    4.01
 222721.981    58.005     6.47    4.38
 223011.314    59.859     6.41    5.42
 223300.649    61.756     6.55    6.42
 223589.987    63.655     6.57    6.53
 223879.329    65.005     4.67    6.77
 224168.673    67.094     7.22    6.67
 224458.021    69.052     6.77    6.11
 224747.371    69.788     2.54    5.45
 225036.725    70.910     3.88    4.78
 225326.081    71.444     1.85    4.84
 225615.441    71.605     0.56    5.20
 225904.804    71.297    -1.06    5.78
 226194.170    70.668    -2.17    5.58
 226483.538    70.720     0.18    5.42
 226772.910    71.804     3.75    5.61
 227062.285    72.890     3.75    5.46
 227351.663    73.738     2.93    5.61
 227641.045    75.117     4.76    5.46
 227930.429    76.289     4.05    5.46
 228219.816    76.952     2.29    5.89
 228509.206    78.188     4.27    5.66
 228798.600    78.755     1.96    5.35
 229087.996    79.175     1.45    5.48
 229377.396    79.479     1.05    5.10
 229666.798    79.872     1.36    5.02
 229956.204    80.873     3.46    4.81
 230245.612    82.188     4.54    4.97
 230535.024    82.617     1.48    4.76
 230824.439    82.907     1.00    4.70
 231113.857    82.877    -0.10    4.60
 231403.278    83.038     0.56    4.25
 231692.702    83.165     0.44    4.45
 231982.130    83.672     1.75    4.47
 232271.560    84.405     2.53    4.86
 232560.993    86.055     5.70    5.57
 232850.430    89.111    10.56    7.77
 233139.869    92.720    12.47    8.95
 233429.312    95.657    10.15    9.54
 233718.758    98.372     9.38    9.21
 234008.206   101.807    11.87    9.57
 234297.658   105.322    12.14   10.00
 234587.113   108.548    11.15    9.40
 234876.571   109.272     2.50    9.12
 235166.033   109.538     0.92    9.29
 235455.497   109.588     0.17    9.68
 235744.964   109.048    -1.87    9.49
 236034.435   106.996    -7.09    8.48
 236323.908   107.444     1.55    8.68
 236613.385   107.688     0.84    8.40
 236902.865   107.997     1.07    8.73
 237192.348   109.631     5.64    8.84
 237481.834   110.530     3.11    8.70
 237771.323   111.720     4.11    9.13
 238060.815   112.427     2.44    9.62
 238350.311   110.526    -6.57    9.78
 238639.809   108.427    -7.25    8.02
 238929.311   107.924    -1.74    7.49
 239218.816   108.427     1.74    7.38
 239508.323   108.072    -1.23    7.49
 239797.834   109.149     3.72    7.94
 240087.348   109.444     1.02    7.64
 240376.866   110.788     4.64    7.37
 240666.386   111.461     2.32    6.79
 240955.909   112.772     4.53    6.62
 241245.436   113.255     1.67    6.10
 241534.966   113.687     1.49    5.89
 241824.498   113.691     0.01    6.21
 242114.034   113.579    -0.39    7.32
 242403.573   113.338    -0.83    7.71
 242693.116   113.737     1.38    7.83
 242982.661   113.014    -2.50    7.89
 243272.209   111.088    -6.65    7.90
 243561.761   109.888    -4.14    7.36
 243851.316   109.220    -2.31    6.88
 244140.874   108.982    -0.82    5.81
 244430.435   108.772    -0.73    5.51
 244719.999   108.484    -1.00    5.03
 245009.566   108.481    -0.01    5.36
 245299.137   108.655     0.60    5.29
 245588.710   108.168    -1.68    6.17
 245878.287   107.588    -2.00    6.31
 246167.867   106.996    -2.05    6.35
 246457.450   106.804    -0.66    6.27
 246747.036   107.496     2.39    6.17
 247036.626   107.703     0.71    6.12
 247325.999   108.237     1.85    5.52
 247614.917   109.038     2.77    5.59
 247903.838   110.205     4.04    5.51
 248192.763   111.617     4.89    6.00
 248481.691   111.738     0.42    5.84
 248770.622   110.968    -2.67    6.21
 249059.556   109.479    -5.16    6.71
 249348.493   108.438    -3.60    6.30
 249637.433   108.505     0.23    6.55
 249926.376   108.175    -1.14    5.98
 250215.323   108.611     1.51    6.80
 250504.273   110.938     8.06    6.52
 250793.226   112.298     4.71    6.29
 251082.182   114.034     6.01    7.21
 251371.141   114.280     0.85    7.56
 251660.103   115.479     4.15    7.96
 251949.069   113.856    -5.61    8.67
 252238.037   113.561    -1.02    8.05
 252527.009   113.888     1.13    7.87
 252815.984   114.772     3.06    8.37
 253104.962   116.493     5.96    9.45
 253393.944   118.938     8.46    9.96
 253682.928   120.316     4.77    9.80
 253971.916   121.856     5.33    9.42
 254260.907   121.168    -2.38    8.36
 254549.901   122.067     3.11    8.15
 254838.898   121.094    -3.37    8.45
 255127.898   121.517     1.47    7.97
 255416.902   122.617     3.80    8.18
 255705.909   123.368     2.60    8.98
 255994.918   123.542     0.60    8.57
 256283.931   124.455     3.16    8.57
 256572.948   126.018     5.41    8.29
 256861.967   128.617     8.99    7.07
 257150.990   129.013     1.37    6.93
 257440.016   129.872     2.97    6.68
 257729.045   131.048     4.07    6.65
 258018.077   132.919     6.48    7.42
 258307.112   134.944     7.01    7.83
 258596.151   135.289     1.19    7.58
 258885.192   135.961     2.33    7.06
 259174.237   134.444    -5.25    8.02
 259463.285   134.067    -1.30    8.11
 259752.337   132.875    -4.12    7.52
 260041.391   132.690    -0.64    6.63
 260330.449   133.718     3.56    7.85
 260619.510   136.117     8.30    8.47
 260908.574   137.416     4.49    8.28
 261197.641   137.522     0.37    8.11
 261486.712   136.509    -3.50    9.15
 261775.785   134.421    -7.23   10.26
 262064.862   131.605    -9.74   10.58
 262353.942   127.306   -14.87    9.15
 262643.026   124.417   -10.00    7.96
 262932.112   121.438   -10.30    6.91
 263221.202   119.588    -6.40    7.01
 263510.295   116.944    -9.15    6.38
 263799.391   115.561    -4.78    5.23
 264088.490   115.305    -0.89    5.12
 264377.593   114.806    -1.73    5.89
 264666.699   114.949     0.50    6.12
 264955.808   116.538     5.50    6.21
 265244.920   119.375     9.81    6.26
 265534.035   120.246     3.01    6.11
 265823.154   119.927    -1.10    6.27
 266112.276   119.165    -2.63    6.57
 266401.401   117.772    -4.82    6.94
 266690.530   115.513    -7.81    6.70
 266979.661   113.496    -6.98    6.90
 267268.796   110.655    -9.83    6.27
 267557.934   108.505    -7.44    5.61
 267847.075   106.289    -7.66    4.69
 268136.220   105.072    -4.21    4.48
 268425.368   104.140    -3.22    4.32
 268714.519   103.565    -1.99    4.56
 269003.673   102.888    -2.34    5.17
 269292.830   101.772    -3.86    5.29
 269581.991   100.417    -4.69    5.30
 269871.155    99.325    -3.78    5.20
 270160.322    98.405    -3.18    5.23
 270449.492    97.386    -3.53    5.32
 270738.666    95.804    -5.47    4.37
 271027.843    94.542    -4.37    4.36
 271317.023    93.444    -3.80    4.41
 271606.207    91.958    -5.14    4.24
 271895.393    91.513    -1.54    4.61
 272184.583    91.038    -1.64    4.62
 272473.776    90.088    -3.29    4.81
 272762.973    89.149    -3.25    4.79
 273052.172    88.178    -3.36    4.89
 273341.375    87.280    -3.11    5.03
 273630.582    86.924    -1.23    4.61
 273919.791    88.065     3.94    5.51
 274209.004    90.116     7.09    6.28
 274498.220    91.619     5.20    6.29
 274787.439    92.772     3.99    6.13
 275076.662    94.030     4.35    5.67
 275365.887    93.930    -0.35    5.50
 275655.116    93.050    -3.04    5.82
 275944.349    91.955    -3.79    6.41
 276233.584    89.739    -7.66    6.08
 276522.823    87.185    -8.83    5.52
 276812.065    84.979    -7.63    4.86
 277101.311    83.605    -4.75    4.42
 277390.559    83.534    -0.24    4.75
 277679.811    83.050    -1.67    4.52
 277969.066    83.048    -0.01    4.65
 278258.325    84.410     4.71    5.39
 278547.587    85.738     4.59    5.09
 278836.852    87.182     4.99    4.50
 279126.120    88.296     3.85    4.15
 279415.392    88.513     0.75    3.85
 279704.667    88.622     0.38    4.54
 279993.945    87.599    -3.53    4.59
 280283.226    87.305    -1.02    4.41
 280572.511    87.405     0.35    4.49
 280861.799    87.455     0.17    4.49
 281151.091    88.018     1.94    4.49
 281440.385    88.087     0.24    4.46
 281729.683    88.438     1.21    4.26
 282018.985    88.599     0.56    4.28
 282308.289    88.214    -1.33    4.55
 282597.597    87.105    -3.83    4.97
 282886.908    85.382    -5.96    4.28
 283176.223    84.651    -2.53    4.21
 283465.540    83.947    -2.43    3.90
 283754.862    83.444    -1.74    3.94
 284044.186    82.972    -1.63    3.89
 284333.514    82.378    -2.05    3.52
 284622.845    82.162    -0.75    3.92
 284912.179    81.599    -1.94    4.19
 285201.517    80.972    -2.17    4.35
 285490.857    79.720    -4.33    4.29
 285780.202    78.788    -3.22    4.31
 286069.549    77.892    -3.10    4.40
 286358.900    77.582    -1.07    4.52
 286648.254    77.099    -1.67    4.44
 286937.612    75.805    -4.47    4.14
 287226.973    76.022     0.75    4.13
 287516.337    75.117    -3.13    5.04
 287805.704    72.788    -8.05    6.35
 288095.075    70.307    -8.57    7.78
 288384.449    67.048   -11.27    8.54
 288673.827    63.444   -12.45    8.12
 288963.208    60.555    -9.98    7.96
 289252.592    57.526   -10.47    5.37
 289541.979    55.647    -6.49    3.43
 289831.370    54.538    -3.83    3.25
 290120.764    54.065    -1.64    3.48
 290410.162    53.930    -0.46    3.44
 290699.562    53.542    -1.34    3.42
 290988.966    53.722     0.62    3.59
 291278.374    53.823     0.35    4.01
 291567.785    53.879     0.19    4.11
 291857.199    54.067     0.65    4.24
 292146.616    54.212     0.50    3.85
 292436.037    54.345     0.46    3.54
 292725.462    54.924     2.00    3.24
 293014.889    55.575     2.25    2.71
 293304.320    56.088     1.77    2.50
 293593.754    55.323    -2.64    4.90
 293883.192    54.509    -2.81    6.12
 294172.633    53.754    -2.61    6.81
 294462.077    53.427    -1.13    6.89
 294751.525    53.427     0.00    6.94
 295040.976    53.220    -0.71    6.79
 295330.430    53.608     1.34    6.39
 295619.888    53.927     1.10    6.84
 295909.349    54.405     1.65    7.26
 296198.813    55.182     2.69    7.88
 296488.281    55.599     1.44    8.17
 296777.752    55.955     1.23    8.21
 297067.227    56.122     0.58    7.58
 297356.705    55.465    -2.27    7.48
 297646.186    55.432    -0.11    7.29
 297935.671    53.958    -5.09    7.01
 298225.159    52.823    -3.92    6.18
 298514.650    52.175    -2.24    5.69
 298804.145    52.518     1.18    5.50
 299093.643    53.341     2.84    5.65
 299383.145    53.872     1.83    5.60
 299672.650    55.070     4.14    5.10
 299962.158    56.594     5.27    4.66
 300251.670    57.505     3.15    4.02
 300541.185    57.336    -0.58    5.11
 300830.703    57.789     1.56    6.28
 301120.225    57.665    -0.43    7.21
 301409.750    57.872     0.72    7.66
 301699.279    58.496     2.16    7.86
 301988.811    59.657     4.01    7.99
 302278.346    60.772     3.85    7.53
 302567.885    62.410     5.66    5.87
 302857.427    62.979     1.97    3.82
 303146.973    63.220     0.83    5.34
 303436.522    65.001     6.15    6.28
 303726.074    66.479     5.10    6.80
 304015.630    68.622     7.40    7.39
 304305.189    70.341     5.94    7.30
 304594.752    72.670     8.04    5.49
 304884.318    74.296     5.62    3.12
 305173.887    74.505     0.72    3.28
 305463.460    74.362    -0.49    3.36
 305753.036    74.022    -1.17    3.51
 306042.616    74.151     0.45    3.11
 306332.199    73.772    -1.31    3.47
 306621.785    74.072     1.04    3.51
 306911.375    74.067    -0.02    3.35
 307200.968    74.185     0.41    2.99
 307490.565    74.838     2.25    2.51
 307780.165    75.333     1.71    2.22
 308069.768    75.231    -0.35    2.38
 308359.375    75.255     0.08    2.22
 308648.986    75.416     0.56    2.12
 308938.599    75.372    -0.15    2.00
 309228.216    75.004    -1.27    2.39
 309517.799    73.772    -4.26    3.85
 309806.688    73.651    -0.42    4.37
 310095.579    73.378    -0.94    4.25
 310384.475    73.205    -0.60    4.42
 310673.374    72.907    -1.03    4.25
 310962.276    72.513    -1.36    4.26
 311251.181    72.944     1.49    4.34
 311540.090    73.641     2.41    4.24
 311829.003    74.500     2.98    4.07
 312117.918    74.837     1.17    4.16
 312406.838    75.582     2.58    3.97
 312695.760    76.065     1.67    3.71
 312984.686    77.067     3.47    4.14
 313273.616    77.856     2.73    4.36
 313562.549    78.555     2.42    4.38
 313851.485    79.123     1.96    4.38
 314140.425    79.375     0.87    4.33
 314429.368    79.636     0.90    3.90
 314718.315    79.856     0.76    3.38
 315007.265    79.624    -0.80    3.36
 315296.218    79.272    -1.22    3.30
 315585.175    79.255    -0.06    3.07
 315874.135    80.070     2.82    2.45
 316163.099    80.382     1.08    2.22
 316452.066    80.345    -0.13    2.14
 316741.037    80.305    -0.14    2.15
 317030.011    80.723     1.44    2.53
 317318.989    81.175     1.57    2.90
 317607.970    81.772     2.06    3.40
 317896.954    82.220     1.55    3.86
 318185.942    83.030     2.80    4.16
 318474.933    83.788     2.62    4.26
 318763.928    84.789     3.46    4.11
 319052.926    85.634     2.92    3.21
 319341.928    85.665     0.11    2.95
 319630.933    85.313    -1.22    3.27
 319919.942    85.038    -0.95    3.34
 320208.954    84.231    -2.79    3.62
 320497.969    83.687    -1.88    3.44
 320786.988    83.526    -0.56    3.24
 321076.011    83.505    -0.07    3.06
 321365.036    84.134     2.18    2.89
 321654.066    84.886     2.60    2.40
 321943.099    85.358     1.63    1.87
 322232.135    85.754     1.37    2.11
 322521.175    86.237     1.67    2.43
 322810.218    88.172     6.69    5.06
 323099.264    89.855     5.82    6.20
 323388.315    92.582     9.44    7.61
 323677.368    96.455    13.40    9.42
 323966.425    98.450     6.90    9.38
 324255.486   100.306     6.42    9.11
 324544.550   102.922     9.05    9.01
 324833.617   105.355     8.42    8.28
 325122.688   106.868     5.24    7.94
 325411.763   108.057     4.11    7.51
 325700.841   107.905    -0.53    7.33
 325989.922   107.944     0.14    6.78
 326279.007   107.465    -1.66    7.09
 326568.095   106.903    -1.95    6.84
 326857.187   107.043     0.48    6.15
 327146.283   107.738     2.40    6.10
 327435.381   109.000     4.37    5.47
 327724.484   110.055     3.65    5.74
 328013.590   110.534     1.66    5.58
 328302.699   110.343    -0.66    6.25
 328591.812   110.572     0.79    6.76
 328880.928   109.593    -3.38    7.28
 329170.048   107.890    -5.89    7.82
 329459.171   104.530   -11.62    9.26
 329748.298   100.723   -13.17    9.88
 330037.428    97.168   -12.29    8.95
 330326.562    94.875    -7.93    8.61
 330615.699    94.013    -2.98    7.94
 330904.840    93.444    -1.97    7.72
 331193.984    93.094    -1.21    7.25
 331483.132    93.022    -0.25    7.42
 331772.284    93.772     2.59    8.32
 332061.438    93.561    -0.73    8.14
 332350.597    93.875     1.09    8.57
 332639.759    93.805    -0.24    8.82
 332928.924    94.009     0.71    9.28
 333218.093    93.522    -1.69    8.68
 333507.265    93.617     0.33    7.62
 333796.441    93.738     0.42    6.29
 334085.621    93.772     0.12    5.95
 334374.804    93.972     0.69    5.62
 334663.990    93.919    -0.18    5.14
 334953.180    95.530     5.57    5.95
 335242.374    97.111     5.47    6.37
 335531.571    98.922     6.26    6.65
 335820.771   100.338     4.90    6.87
 336109.975   101.873     5.31    6.60
 336399.183   103.788     6.62    6.25
 336688.394   104.822     3.57    6.37
 336977.609   106.651     6.33    7.01
 337266.827   108.972     8.02    6.65
 337556.049   110.875     6.58    5.80
 337845.274   111.972     3.79    5.51
 338134.503   112.522     1.90    5.01
 338423.736   113.060     1.86    4.94
 338712.972   113.720     2.28    4.91
 339002.211   113.702    -0.06    5.24
 339291.454   114.159     1.58    5.23
 339580.701   114.138    -0.07    4.94
 339869.951   114.836     2.41    4.79
 340159.205   115.930     3.78    4.88
 340448.462   116.789     2.97    4.93
 340737.723   117.522     2.53    4.59
 341026.987   117.737     0.75    4.62
 341316.255   118.083     1.20    4.17
 341605.526   118.272     0.65    3.89
 341894.801   117.704    -1.96    4.00
 342184.080   117.509    -0.68    4.46
 342473.362   117.338    -0.59    4.15
 342762.647   117.207    -0.45    3.99
 343051.937   117.444     0.82    4.10
 343341.229   118.522     3.73    3.74
 343630.526   118.461    -0.21    3.98
 343919.826   118.534     0.25    3.91
 344209.129   117.839    -2.40    4.91
 344498.436   117.585    -0.88    5.68
 344787.747   116.477    -3.83    5.84
 345077.061   115.526    -3.29    6.12
 345366.379   114.990    -1.85    6.38
 345655.700   114.462    -1.82    6.39
 345945.025   114.177    -0.99    6.33
