#    1.045  -0.266   0.699 ;Mean Elev.(m), Avg Gradient(m/km), RMS Gradient(m/km) - SRTM1     
#   -1.195  -0.562   1.590 ;Mean Elev.(m), Avg Gradient(m/km), RMS Gradient(m/km) - ASTER GDEM
#    1.145  -0.280   0.778 ;Mean Elev.(m), Avg Gradient(m/km), RMS Gradient(m/km) - GMTED2010 
   1 306.160748  -1.951104     5.579     6.063 40 54667.42880169 30.028
   2 306.159152  -1.952479     6.190     6.268 41 54677.34444537 29.227
   3 306.159993  -1.952009     4.772     5.514 41 54687.26008820 27.098
   4 306.163366  -1.950236     5.842     6.001 40 54697.17572971 29.251
   5 306.153149  -1.985852     6.154     6.199 11 54707.09136221 29.118
   6 306.163259  -1.950301     5.280     5.252 39 54717.00702212 24.956
   7 306.158974  -1.953304     4.849     4.790 40 54726.92267059 24.851
   8 306.155105  -1.953849     4.374     4.207 41 54736.83831828 27.561
   9 306.152002  -1.955071     4.176     3.976 41 54746.75396563 24.687
  10 306.150657  -1.955904     4.398     4.313 41 54756.66961285 28.771
  11 306.151846  -1.955043     4.139     4.015 41 54766.58525885 24.741
  12 306.153439  -1.954934     3.616     3.477 41 54776.50090151 27.699
  13 306.154662  -1.954176     3.752     3.666 40 54786.41654168 24.230
  14 306.155369  -1.954398     3.796     3.639 41 54796.33218011 23.616
  15 306.158163  -1.953113     4.113     3.937 40 54806.24781837 22.771
  16 306.162584  -1.950392     4.502     4.499 40 54816.16345644 24.308
  17 306.161706  -1.951615     4.307     4.492 40 54826.07910362 24.635
  18 306.157636  -1.953526     4.543     4.734 40 54835.99474221 27.725
  19 306.153026  -1.955149     4.225     4.817 41 54845.91039123 18.069
  20 306.149966  -1.956487     4.869     5.276 41 54855.82604003 28.029
  21 306.148902  -1.956810     4.945     5.310 41 54865.74168926 29.152
  22 306.148776  -1.956972     6.070     6.101 41 54875.65733817 31.234
  23 306.149800  -1.956122     5.449     5.765 41 54885.57298445 28.857
  24 306.149308  -1.956458     5.803     6.038 41 54895.48862671 30.519
  25 306.147966  -1.957501     6.153     6.410 42 54905.40426582 32.672
  26 306.148290  -1.957354     6.333     6.572 42 54915.31990381 38.728
  27 306.150596  -1.955567     7.365     7.420 41 54925.23554183 37.107
  28 306.154403  -1.954184     6.602     6.791 41 54935.15117917 38.217
  29 306.159230  -1.953159     6.655     7.036 40 54945.06681460 37.196
  30 306.158857  -1.966897     7.165     7.278 25 54954.98244423 38.420
  31 306.162682  -1.950953     8.045     8.138 40 54964.89809423 38.167
  32 306.159325  -1.952429     6.906     7.267 40 54974.81374174 34.579
  33 306.157654  -1.952978     7.024     7.561 41 54984.72938939 36.841
  34 306.157898  -1.952706     6.752     7.111 41 54994.64503729 31.239
  35 306.157513  -1.953260     6.631     6.972 40 55004.56068359 31.668
  36 306.155891  -1.954368     6.707     6.993 41 55014.47632732 29.807
  37 306.154255  -1.955202     6.577     6.708 41 55024.39196955 38.724
  38 306.154097  -1.954294     6.251     6.494 41 55034.30761146 32.104
  39 306.155826  -1.954382     5.916     5.935 40 55044.22325258 29.506
  40 306.161054  -1.950875     5.764     6.056 40 55054.13889306 30.864
  41 306.159819  -1.963446     5.702     5.573 29 55064.05452755 33.954
  42 306.162116  -1.951106     5.716     6.152 40 55073.97017624 31.897
  43 306.156894  -1.953722     5.801     5.978 41 55083.88582332 30.803
  44 306.153276  -1.954733     5.438     5.577 41 55093.80146967 27.103
  45 306.151476  -1.956618     4.960     5.084 41 55103.71711599 31.366
  46 306.152150  -1.955275     4.478     4.401 41 55113.63276299 25.159
  47 306.153454  -1.954688     4.303     4.243 41 55123.54840743 21.940
  48 306.154576  -1.954292     3.673     3.923 41 55133.46404884 21.372
  49 306.154822  -1.954522     3.885     3.922 40 55143.37968770 21.893
  50 306.155112  -1.954588     3.492     3.540 41 55153.29532571 22.345
  51 306.157368  -1.952932     2.817     2.711 41 55163.21096449 22.914
  52 306.161261  -1.950547     2.111     2.820 40 55173.12660328 28.852
  53 306.158599  -1.967590     3.394     3.318 25 55183.04223665 27.574
  54 306.161029  -1.951174     4.074     4.050 40 55192.95789154 19.467
  55 306.155513  -1.954001     4.328     4.607 40 55202.87354074 25.442
  56 306.151342  -1.956869     4.564     4.614 41 55212.78918961 29.163
  57 306.150626  -1.956235     4.535     4.616 41 55222.70483910 30.431
  58 306.150391  -1.957019     4.969     5.063 41 55232.62048697 31.762
  59 306.151794  -1.955616     5.088     5.244 41 55242.53613210 35.414
  60 306.150882  -1.956063     5.080     5.337 42 55252.45177308 32.477
  61 306.149185  -1.956714     5.689     5.887 42 55262.36741139 41.358
  62 306.149428  -1.957052     5.067     5.403 41 55272.28304869 34.685
  63 306.152786  -1.955301     5.495     5.696 41 55282.19868645 38.169
  64 306.157914  -1.952625     5.435     5.763 41 55292.11432335 33.503
  65 306.162413  -1.951544     5.741     6.196 40 55302.02995833 37.000
  66 306.160770  -1.951127     5.646     5.939 40 55311.94560565 33.011
  67 306.157827  -1.953559     6.555     6.832 40 55321.86125020 39.447
  68 306.156087  -1.953738     6.627     6.785 41 55331.77689436 35.313
  69 306.155345  -1.954191     5.972     6.326 40 55341.69253856 31.738
  70 306.156335  -1.953766     6.079     6.425 41 55351.60818290 34.184
  71 306.158029  -1.952680     5.865     6.086 41 55361.52382515 32.409
  72 306.158249  -1.953383     5.948     6.199 40 55371.43946461 33.195
  73 306.159085  -1.952459     6.348     6.550 40 55381.35510281 38.488
  74 306.160427  -1.952089     6.639     6.653 40 55391.27074006 42.430
  75 306.160978  -1.959325     6.132     6.157 33 55401.18637441 34.547
  76 306.161847  -1.956551     5.796     5.876 34 55411.10202390 32.885
  77 306.162312  -1.950323     5.560     5.709 40 55421.01767472 32.607
  78 306.158820  -1.952591     5.370     5.425 40 55430.93332070 31.452
  79 306.155200  -1.953702     5.179     5.210 41 55440.84896493 29.371
  80 306.153305  -1.954511     4.997     4.970 41 55450.76460815 29.146
  81 306.153806  -1.955233     4.464     4.232 41 55460.68025108 26.080
  82 306.156607  -1.953144     3.415     3.426 41 55470.59589365 25.741
  83 306.158833  -1.952991     3.262     3.311 40 55480.51153271 25.383
  84 306.161191  -1.951019     2.621     2.491 40 55490.42716944 30.569
  85 306.163026  -1.950664     3.462     3.416 39 55500.34280343 23.100
  86 306.162560  -1.950017     3.341     3.148 40 55510.25844533 25.224
  87 306.159524  -1.952111     3.058     2.761 41 55520.17409425 30.755
  88 306.158386  -1.952070     3.083     2.824 40 55530.08974276 26.633
  89 306.157224  -1.953078     3.230     3.077 41 55540.00538953 33.264
  90 306.155936  -1.954015     3.534     3.288 41 55549.92103432 25.028
  91 306.154280  -1.954089     4.051     3.928 41 55559.83667783 23.258
  92 306.153908  -1.954003     4.698     4.315 41 55569.75232079 27.625
  93 306.155070  -1.953915     4.255     4.288 41 55579.66796294 25.022
  94 306.157664  -1.952705     4.748     4.579 40 55589.58360277 26.719
  95 306.161107  -1.950843     4.534     4.938 40 55599.49923953 33.018
  96 306.163048  -1.950738     4.548     5.026 40 55609.41487315 31.887
  97 306.158152  -1.969127     5.364     5.431 24 55619.33050047 35.957
  98 306.161849  -1.951000     5.763     6.128 40 55629.24615328 34.438
  99 306.160433  -1.950975     5.967     6.338 40 55639.16180369 37.026
 100 306.159443  -1.952883     5.507     5.792 40 55649.07745148 34.202
 101 306.159003  -1.951990     7.042     7.119 40 55658.99309682 45.816
 102 306.157616  -1.952868     6.072     6.689 40 55668.90873811 33.519
 103 306.157227  -1.953389     6.154     6.524 40 55678.82437750 35.111
 104 306.159216  -1.952414     6.306     6.699 41 55688.74001564 34.608
 105 306.162440  -1.950943     7.677     7.682 40 55698.65565253 45.753
 106 306.155990  -1.976316     7.426     7.468 18 55708.57128387 37.107
 107 306.162517  -1.950757     6.738     7.184 39 55718.48694044 39.567
 108 306.158924  -1.953187     6.933     7.167 40 55728.40258768 35.548
 109 306.157454  -1.952967     7.056     7.029 40 55738.31823393 40.273
 110 306.156762  -1.953365     6.121     6.278 41 55748.23387879 31.835
 111 306.157386  -1.953453     6.421     6.603 41 55758.14952155 32.114
 112 306.159123  -1.952898     6.048     6.247 40 55768.06516187 34.184
 113 306.161218  -1.951346     5.984     6.133 40 55777.98079951 31.921
 114 306.163005  -1.950397     5.742     6.192 39 55787.89643468 32.457
 115 306.157944  -1.969745     5.546     5.712 23 55797.81206400 32.441
 116 306.161270  -1.958722     5.225     5.637 32 55807.72771076 31.141
 117 306.163171  -1.950792     5.148     5.143 39 55817.64336202 30.791
 118 306.163472  -1.950849     4.395     4.349 40 55827.55900777 27.491
 119 306.163062  -1.952588     3.866     3.991 37 55837.47464864 26.314
 120 306.163417  -1.950891     3.208     3.574 40 55847.39028695 25.714
 121 306.158984  -1.966348     3.887     4.330 26 55857.30591876 31.459
 122 306.162623  -1.954063     3.661     3.599 36 55867.22156619 33.471
 123 306.161598  -1.951941     3.908     3.898 40 55877.13721846 27.887
 124 306.161499  -1.951457     3.735     3.701 40 55887.05286421 24.401
 125 306.161886  -1.951666     3.628     3.606 40 55896.96850436 24.495
 126 306.161457  -1.957966     3.688     3.646 33 55906.88413830 24.460
 127 306.162098  -1.951146     3.815     3.737 39 55916.79978567 21.437
 128 306.158105  -1.953017     3.469     3.874 41 55926.71543897 22.771
 129 306.156310  -1.954160     4.265     4.515 40 55936.63108926 26.284
 130 306.155663  -1.953849     4.541     4.649 40 55946.54673494 28.470
 131 306.155103  -1.954574     4.727     5.016 40 55956.46237570 31.077
 132 306.155562  -1.953888     5.276     5.589 41 55966.37801398 36.279
 133 306.156880  -1.953668     5.523     5.784 41 55976.29365088 37.472
 134 306.160541  -1.952334     5.665     6.147 40 55986.20928730 34.135
 135 306.155991  -1.976514     7.168     7.107 18 55996.12491800 33.718
 136 306.163273  -1.950750     6.658     6.865 39 56006.04057521 41.410
 137 306.160138  -1.952051     6.072     6.411 40 56015.95622206 33.284
 138 306.156313  -1.954058     7.283     7.459 41 56025.87186597 37.744
 139 306.154681  -1.954519     6.158     6.522 40 56035.78750888 28.852
 140 306.156583  -1.953980     6.591     6.909 41 56045.70315034 38.233
 141 306.160716  -1.950851     6.491     6.958 40 56055.61878963 29.188
 142 306.158329  -1.968343     6.792     6.854 25 56065.53442004 29.078
 143 306.163063  -1.950524     6.343     6.556 39 56075.45006976 28.982
 144 306.158325  -1.953238     6.466     7.016 40 56085.36571778 36.576
 145 306.156928  -1.952969     6.155     6.561 41 56095.28136412 33.351
 146 306.157808  -1.952692     6.031     6.617 40 56105.19700851 35.919
 147 306.159608  -1.952204     6.525     6.806 40 56115.11263856 40.600
 148 306.161986  -1.951220     6.600     6.821 40 56125.02827666 37.439
 149 306.160929  -1.959617     6.254     6.240 32 56134.94390873 33.622
 150 306.163525  -1.950118     6.052     6.434 40 56144.85955203 36.908
 151 306.159975  -1.952175     6.048     6.232 40 56154.77520163 33.026
 152 306.158380  -1.953369     5.749     6.051 40 56164.69085060 32.478
 153 306.158911  -1.952656     5.410     5.523 41 56174.60649799 31.264
 154 306.160052  -1.952885     5.178     5.082 40 56184.52214007 28.534
 155 306.160873  -1.951793     4.809     4.689 40 56194.43777845 25.895
 156 306.161011  -1.951827     4.507     4.443 40 56204.35341345 25.546
 157 306.163192  -1.950901     3.766     3.774 40 56214.26904705 28.604
 159 306.157886  -1.970026     4.056     3.593 23 56234.10033366 33.074
 160 306.163207  -1.949848     3.695     3.626 40 56244.01599010 26.450
 161 306.159763  -1.952568     3.727     3.525 40 56253.93163647 23.254
 162 306.157948  -1.952911     3.626     3.557 41 56263.84727942 20.478
 163 306.157220  -1.953793     3.629     3.493 40 56273.76292076 19.144
 164 306.157768  -1.953516     3.750     3.660 40 56283.67856532 19.203
 165 306.156736  -1.953372     4.001     3.849 40 56293.59421729 22.030
 166 306.155025  -1.954538     3.862     4.012 40 56303.50986446 23.814
 167 306.153528  -1.954765     4.089     4.307 41 56313.42550753 28.172
 168 306.152924  -1.954922     4.219     4.193 41 56323.34114826 27.635
 169 306.154192  -1.954795     4.986     5.118 41 56333.25678833 27.519
 170 306.157781  -1.952696     5.102     5.411 40 56343.17242842 36.513
 171 306.161940  -1.951534     5.482     5.662 40 56353.08806609 35.465
 172 306.162985  -1.950487     5.512     5.918 39 56363.00370829 39.234
 173 306.158896  -1.952100     5.973     6.379 40 56372.91935659 35.006
 175 306.152408  -1.956000     6.456     6.818 41 56392.75064622 33.900
 176 306.154717  -1.953885     6.411     6.851 41 56402.66628968 36.609
 177 306.157964  -1.953150     6.720     7.129 41 56412.58193006 38.722
 178 306.162925  -1.950575     7.504     7.666 40 56422.49756583 43.910
 179 306.163062  -1.950122     6.615     6.969 40 56432.41320752 38.032
 180 306.156976  -1.953410     6.839     7.048 40 56442.32885841 36.256
 181 306.153547  -1.955015     6.924     7.075 41 56452.24450719 36.726
 182 306.153695  -1.954310     6.613     6.884 41 56462.16015428 33.640
 183 306.154992  -1.953729     6.524     6.853 41 56472.07579819 36.574
 184 306.156539  -1.953907     6.534     6.836 41 56481.99143859 36.648
 185 306.157953  -1.953354     6.408     6.739 40 56491.90707568 31.939
 186 306.160502  -1.951906     6.809     6.995 40 56501.82271087 39.731
 187 306.157726  -1.970532     6.844     6.841 23 56511.73834016 39.638
 188 306.155627  -1.977461     6.629     6.662 18 56521.65398503 40.609
 189 306.163228  -1.949966     6.072     6.121 40 56531.56964454 32.964
 191 306.157865  -1.953276     5.304     5.450 40 56551.40093773 27.887
 192 306.155951  -1.953919     5.372     5.388 41 56561.31657998 30.664
 193 306.156053  -1.953755     5.061     5.105 40 56571.23222132 29.121
 194 306.158804  -1.952525     4.760     4.677 41 56581.14786161 30.773
 195 306.159905  -1.963050     4.325     4.011 30 56591.06349522 31.563
 196 306.163259  -1.951805     1.578     1.261 39 56600.97914603 16.486
 197 306.159579  -1.952453     4.082     3.989 40 56610.89479583 25.860
 198 306.156723  -1.954082     4.571     4.516 40 56620.81044112 22.030
 199 306.156042  -1.954180     4.667     4.657 40 56630.72608401 21.863
 200 306.158542  -1.953331     4.706     4.710 40 56640.64172368 22.051
 201 306.159081  -1.952402     4.651     4.530 41 56650.55737160 27.447
 202 306.156226  -1.953869     4.811     4.821 40 56660.47302210 24.486
 203 306.153426  -1.955578     4.817     4.866 41 56670.38866878 27.575
 204 306.152535  -1.955367     5.082     5.144 41 56680.30431358 27.443
 205 306.154189  -1.953936     5.375     5.461 41 56690.21995692 30.602
 206 306.157337  -1.953315     5.726     5.753 40 56700.13559698 30.204
 207 306.161891  -1.950752     5.881     5.987 40 56710.05123288 37.823
 208 306.161205  -1.951670     5.966     6.191 40 56719.96687416 36.647
 209 306.155721  -1.954284     6.177     6.434 41 56729.88252536 38.642
 210 306.152702  -1.954760     6.458     6.536 41 56739.79817350 35.833
 211 306.152557  -1.954604     6.803     6.993 41 56749.71381807 36.491
 212 306.155766  -1.953789     6.713     6.845 41 56759.62945817 34.056
 213 306.161420  -1.951663     6.826     7.105 40 56769.54509234 35.561
 214 306.159079  -1.952238     7.236     7.442 40 56779.46074213 37.406
 215 306.153672  -1.954727     7.127     7.296 40 56789.37639629 36.062
 216 306.148986  -1.956892     6.960     7.141 41 56799.29204702 33.845
 217 306.148153  -1.957156     7.081     7.183 41 56809.20769213 33.599
 218 306.150761  -1.955910     7.001     7.043 41 56819.12333245 34.001
 219 306.154667  -1.954911     7.161     7.337 41 56829.03896915 37.542
 220 306.159257  -1.953243     6.997     7.148 40 56838.95460302 35.686
 221 306.162401  -1.954539     6.884     7.026 37 56848.87023485 36.438
 222 306.159172  -1.952601     6.829     7.014 40 56858.78588964 32.572
 223 306.156630  -1.953522     6.714     6.942 41 56868.70154303 32.915
 224 306.155264  -1.953858     6.585     6.721 41 56878.61719453 32.599
 225 306.153776  -1.954242     6.604     6.633 41 56888.53284263 34.097
 226 306.151395  -1.955853     5.964     6.059 41 56898.44848750 31.304
 227 306.149407  -1.956921     6.013     6.070 42 56908.36412981 30.232
 228 306.150019  -1.956410     4.999     5.403 42 56918.27977057 30.203
 229 306.153737  -1.954475     5.605     5.610 41 56928.19540983 27.529
 230 306.158971  -1.953244     5.321     5.341 40 56938.11104501 24.545
 231 306.158226  -1.968830     5.300     5.108 24 56948.02667459 25.232
 232 306.161001  -1.950753     3.983     4.151 40 56957.94233198 27.071
 233 306.156887  -1.953420     3.828     3.995 40 56967.85797944 25.600
 234 306.155971  -1.953371     3.839     3.925 41 56977.77362400 24.402
 235 306.157324  -1.953844     4.408     4.476 40 56987.68926427 20.546
 236 306.162706  -1.950762     4.490     4.502 39 56997.60489957 19.715
 237 306.161808  -1.951482     4.252     4.291 40 57007.52054747 19.795
 238 306.157538  -1.953345     3.898     4.412 40 57017.43620064 21.343
 239 306.154268  -1.954710     4.410     4.480 41 57027.35185023 20.878
 240 306.153020  -1.955155     4.464     4.488 41 57037.26749814 28.459
 241 306.154135  -1.954769     4.979     5.021 41 57047.18314375 29.161
 242 306.156815  -1.953972     5.128     5.260 40 57057.09878595 26.153
 243 306.159598  -1.952856     5.563     5.624 40 57067.01442284 29.273
 244 306.162030  -1.951220     5.986     5.929 40 57076.93005569 32.690
 245 306.157446  -1.971516     6.419     6.402 21 57086.84568197 36.882
 246 306.159272  -1.952202     6.164     6.137 40 57096.76134525 32.952
 247 306.155967  -1.953473     6.754     6.773 40 57106.67700104 32.970
 248 306.155322  -1.954377     6.283     6.456 40 57116.59265226 35.888
 249 306.155413  -1.954310     6.397     6.398 40 57126.50829734 32.409
 250 306.155411  -1.954566     6.567     6.605 41 57136.42393669 32.716
 251 306.157752  -1.952804     6.558     6.496 41 57146.33957230 33.899
 252 306.162126  -1.950688     6.926     6.954 40 57156.25520558 36.294
 253 306.163023  -1.952599     7.011     7.122 37 57166.17084720 35.570
 254 306.160474  -1.951785     6.941     7.026 40 57176.08650308 38.194
 255 306.157658  -1.953329     6.970     7.072 40 57186.00215467 34.812
 256 306.155812  -1.953486     6.629     6.654 40 57195.91780273 33.996
 257 306.154218  -1.954168     6.528     6.409 41 57205.83343735 31.786
 258 306.153692  -1.955435     6.454     6.408 41 57215.74908242 31.799
 259 306.155774  -1.954369     6.429     6.411 41 57225.66472698 33.344
 260 306.158449  -1.953091     6.386     6.376 40 57235.58036961 30.620
 261 306.160742  -1.951096     6.406     6.465 40 57245.49600884 30.911
 262 306.161891  -1.950332     6.402     6.492 40 57255.41164491 32.274
 263 306.162931  -1.950929     6.320     6.384 40 57265.32727925 32.305
 264 306.162009  -1.955937     6.024     5.980 35 57275.24292004 32.450
 265 306.161916  -1.951018     5.579     5.474 40 57285.15857777 28.098
 266 306.160206  -1.951700     5.481     5.499 40 57295.07423141 25.494
 267 306.158162  -1.952143     4.857     4.873 40 57304.98988159 23.001
 268 306.154583  -1.954591     3.931     3.931 41 57314.90552765 27.151
 269 306.151641  -1.956332     3.600     3.550 41 57324.82117095 27.334
 270 306.152132  -1.955674     3.137     2.995 41 57334.73681331 27.657
 271 306.155438  -1.954016     2.919     2.899 40 57344.65245423 26.067
 272 306.152752  -1.955104     3.182     3.155 41 57354.56810852 25.969
 273 306.153367  -1.954709     3.267     3.292 41 57364.48375303 21.717
 274 306.154244  -1.954049     3.549     3.550 41 57374.39939398 21.118
 275 306.155453  -1.954305     3.403     3.385 40 57384.31503265 20.573
 276 306.158849  -1.952138     3.079     3.108 40 57394.23067137 20.096
 277 306.163295  -1.950787     3.357     3.373 40 57404.14630908 19.983
 278 306.161631  -1.957204     3.959     4.000 34 57414.06195390 20.331
 279 306.160600  -1.952243     3.864     3.966 40 57423.97760622 19.046
 280 306.156208  -1.953551     4.247     4.472 40 57433.89325434 21.869
 281 306.153017  -1.954740     4.356     4.423 41 57443.80890094 23.393
 282 306.152534  -1.955307     4.248     4.224 41 57453.72454734 22.103
 283 306.154420  -1.954837     4.804     4.773 40 57463.64019236 39.082
 284 306.158811  -1.952275     4.816     5.012 40 57473.55583427 22.982
 285 306.161958  -1.950398     5.342     5.441 40 57483.47147203 26.428
 286 306.163142  -1.950323     5.881     5.891 39 57493.38710594 31.907
 287 306.155545  -1.978005     6.428     6.476 17 57503.30273118 36.318
 288 306.162091  -1.951398     6.042     6.123 40 57513.21838930 31.263
 289 306.159657  -1.952446     6.072     6.131 40 57523.13404307 30.732
 290 306.158218  -1.953565     6.473     6.445 40 57533.04969465 48.897
 291 306.156874  -1.953703     5.883     6.096 40 57542.96534335 34.735
 292 306.155452  -1.953902     6.189     6.211 40 57552.88098955 33.152
 293 306.154673  -1.953941     6.030     6.292 41 57562.79663460 36.606
 294 306.154521  -1.954769     6.192     6.234 40 57572.71227926 36.003
 295 306.155767  -1.953989     5.811     5.964 40 57582.62792421 30.418
 296 306.157646  -1.952736     5.708     5.893 40 57592.54356741 29.203
 297 306.158664  -1.952084     5.787     5.820 40 57602.45920777 33.095
