#    0.001   0.000   0.000 ;Mean Elev.(m), Avg Gradient(m/km), RMS Gradient(m/km) - SRTM1     
#    0.000   0.000   0.000 ;Mean Elev.(m), Avg Gradient(m/km), RMS Gradient(m/km) - ASTER GDEM
#    0.016  -1.147   3.707 ;Mean Elev.(m), Avg Gradient(m/km), RMS Gradient(m/km) - GMTED2010 
   1 309.681668  -0.031753     1.773     1.855 47 54660.48049499 22.681
   2 309.679297  -0.031463     0.856     1.860 48 54670.39614036 21.280
   3 309.678168  -0.031154     0.924     1.480 47 54680.31178389 22.396
   4 309.679620  -0.031574    -0.778     0.106 47 54690.22742631 25.567
   5 309.683529  -0.031103    -2.260    -1.344 48 54700.14306688 30.491
   6 309.685042  -0.030338    -3.204    -2.676 47 54710.05871219 28.986
   7 309.681601  -0.031769     0.753     1.140 47 54719.97436270 22.717
   8 309.677311  -0.031835     1.959     2.099 48 54729.89001108 20.207
   9 309.673655  -0.031964     1.822     1.861 48 54739.80565829 18.276
  10 309.671796  -0.032794     0.707     0.912 47 54749.72130565 30.300
  11 309.671930  -0.031738    -2.077    -1.397 48 54759.63695340 30.876
  12 309.672875  -0.031795    -2.163    -1.366 48 54769.55259867 32.313
  13 309.674153  -0.032128     1.726     1.740 47 54779.46824046 15.920
  14 309.675528  -0.031528     2.140     2.347 47 54789.38387971 20.524
  15 309.676661  -0.031172     1.084     1.618 47 54799.29951753 20.207
  16 309.678572  -0.031517    -1.142    -0.118 48 54809.21515519 27.016
  17 309.682075  -0.030923    -1.844    -0.446 47 54819.13079303 28.844
  18 309.680417  -0.031508    -3.119    -2.884 48 54829.04644489 31.412
  19 309.677350  -0.031424     1.507     1.846 48 54838.96208351 20.694
  20 309.672738  -0.032619     1.597     2.147 47 54848.87773221 21.965
  21 309.669942  -0.032338     2.242     2.261 47 54858.79338111 18.185
  22 309.669060  -0.031957     1.444     1.691 48 54868.70903038 18.778
  23 309.669584  -0.032185    -0.859    -0.639 48 54878.62467879 26.453
  24 309.670986  -0.032456    -1.975    -1.254 48 54888.54032402 31.536
  25 309.670487  -0.032827    -1.963    -1.051 47 54898.45596557 33.486
  26 309.669248  -0.032296     1.328     1.947 47 54908.37160441 23.043
  27 309.669467  -0.031785     0.363     1.549 47 54918.28724180 25.752
  28 309.672017  -0.031412     1.828     2.178 47 54928.20287913 21.693
  29 309.675933  -0.032218    -1.336    -1.023 47 54938.11851561 26.153
  30 309.680773  -0.031179    -2.325    -1.575 47 54948.03415086 28.492
  31 309.683766  -0.031516    -3.337    -2.842 47 54957.94978625 29.182
  32 309.681276  -0.031565     2.339     2.331 47 54967.86543436 19.498
  33 309.679122  -0.031181     1.543     2.346 47 54977.78108182 25.013
  34 309.677627  -0.031034     2.117     2.420 47 54987.69672937 21.963
  35 309.677243  -0.030896     1.266     1.311 47 54997.61237720 22.516
  36 309.676440  -0.032307    -1.435    -0.898 47 55007.52802284 26.535
  37 309.676048  -0.031984    -2.496    -2.257 47 55017.44366661 28.860
  38 309.675409  -0.031064     2.076     2.152 47 55027.35930888 25.287
  39 309.674666  -0.031957     3.107     3.268 48 55037.27495012 21.926
  40 309.676562  -0.031988     1.673     1.996 48 55047.19059072 18.816
  41 309.680528  -0.031686    -1.480    -0.210 47 55057.10622966 25.857
  42 309.684168  -0.030651    -0.978     0.533 47 55067.02186674 22.794
  43 309.680736  -0.031516    -2.284    -1.526 47 55076.93751646 30.949
  44 309.676511  -0.031010     1.836     1.854 47 55086.85316413 16.672
  45 309.672694  -0.032589     2.667     2.697 47 55096.76881008 17.198
  46 309.672281  -0.031681     2.403     2.431 48 55106.68445656 17.237
  47 309.672765  -0.032758     1.484     1.576 47 55116.60010228 17.558
  48 309.674417  -0.031351    -1.503    -0.831 47 55126.51574624 29.532
  49 309.674861  -0.031764    -2.729    -2.598 48 55136.43138716 31.459
  50 309.675290  -0.031809    -1.821    -1.613 47 55146.34702589 28.553
  51 309.676487  -0.031470     1.998     2.302 48 55156.26266378 19.344
  52 309.678168  -0.031855     1.867     2.135 47 55166.17830161 20.639
  53 309.681047  -0.031159     1.444     1.674 48 55176.09393944 20.993
  54 309.682062  -0.031975    -2.115    -1.031 47 55186.00958122 27.483
  55 309.678729  -0.032287    -2.202    -2.230 47 55195.92523203 30.454
  56 309.675055  -0.031548    -3.049    -3.368 47 55205.84088198 31.178
  57 309.672207  -0.032477     2.240     2.419 48 55215.75653121 20.802
  58 309.671293  -0.031719     2.998     3.008 47 55225.67218043 17.043
  59 309.671098  -0.032394     1.929     2.164 48 55235.58782720 21.707
  60 309.671873  -0.032680    -0.281     0.391 47 55245.50347062 22.675
  61 309.671665  -0.032096    -2.607    -2.623 47 55255.41911109 28.387
  62 309.670459  -0.032664    -2.307    -1.842 48 55265.33474942 31.534
  63 309.671020  -0.032503     2.675     2.802 48 55275.25038697 22.383
  64 309.674148  -0.032233     3.483     3.532 48 55285.16602395 20.165
  65 309.679050  -0.031491     1.508     2.006 48 55295.08165937 22.001
  66 309.681265  -0.031928    -0.589     0.523 47 55304.99729777 23.707
  67 309.678967  -0.032129    -0.285     0.777 47 55314.91294444 24.797
  68 309.677230  -0.031583    -1.387    -0.966 47 55324.82858983 29.581
  69 309.676688  -0.030913     2.353     2.373 47 55334.74423432 17.917
  70 309.676532  -0.031217     2.801     2.909 47 55344.65987832 20.987
  71 309.676701  -0.031660     2.068     2.071 47 55354.57552155 18.876
  72 309.677183  -0.031615     0.503     1.115 47 55364.49116267 27.906
  73 309.677661  -0.032159    -2.286    -1.669 47 55374.40680185 28.028
  74 309.679079  -0.032153    -2.309    -2.003 47 55384.32243984 29.654
  75 309.681514  -0.030775     1.416     1.778 47 55394.23807725 21.388
  76 309.684488  -0.030373     1.710     2.031 47 55404.15371505 19.956
  77 309.682221  -0.031215     1.618     1.730 47 55414.06936584 21.527
  78 309.679920  -0.031291     0.192     1.000 47 55423.98501398 25.402
  79 309.677386  -0.032164     0.224     0.968 47 55433.90065957 22.608
  80 309.674974  -0.032148    -1.574    -1.116 48 55443.81630408 30.212
  81 309.673689  -0.032467    -0.810    -0.278 47 55453.73194758 27.017
  82 309.675084  -0.031040     1.532     2.203 47 55463.64759091 18.981
  83 309.677375  -0.031359     2.378     2.427 48 55473.56323167 17.199
  84 309.679614  -0.031220     1.656     1.815 47 55483.47886954 19.441
  85 309.680759  -0.031295    -2.571    -1.868 48 55493.39450497 29.893
  86 309.682643  -0.030332    -3.672    -3.466 47 55503.31013907 30.278
  87 309.680553  -0.031633    -2.859    -2.017 47 55513.22578576 32.216
  88 309.679430  -0.031270     1.784     1.971 47 55523.14143513 21.187
  89 309.678188  -0.031278     1.618     2.191 47 55533.05708284 20.931
  90 309.676647  -0.031240     1.398     1.603 47 55542.97272902 19.687
  91 309.674979  -0.031519    -1.512     0.398 48 55552.88837332 24.718
  92 309.673829  -0.031562    -0.449     0.117 47 55562.80401674 28.880
  93 309.674619  -0.031831    -2.262    -1.487 48 55572.71965973 30.707
  94 309.676650  -0.031158     1.715     1.984 47 55582.63530177 21.840
  95 309.678704  -0.030972     1.984     1.968 47 55592.55094027 17.837
  96 309.680608  -0.031081    -0.073     1.055 48 55602.46657520 24.936
  97 309.682105  -0.031795     0.927     1.266 47 55612.38220756 23.828
  98 309.683834  -0.031326     0.268     1.188 47 55622.29784219 21.519
  99 309.680447  -0.031961    -2.567    -1.676 47 55632.21349414 29.920
 100 309.679645  -0.031085     1.901     2.013 47 55642.12914439 20.364
 101 309.679396  -0.031071     2.123     2.170 47 55652.04479174 18.645
 102 309.678352  -0.032237     1.498     1.884 47 55661.96043487 20.961
 103 309.677327  -0.031713     1.439     1.814 48 55671.87607543 22.418
 104 309.677050  -0.031711     1.612     1.633 48 55681.79171469 20.452
 105 309.679480  -0.031197     0.565     0.886 48 55691.70735275 30.288
 106 309.683194  -0.030577    -1.556    -0.676 47 55701.62298927 27.848
 107 309.683905  -0.031785     2.193     2.199 47 55711.53863093 20.450
 108 309.681192  -0.030494     1.110     2.106 47 55721.45428056 22.592
 109 309.677822  -0.031378    -0.807     0.634 48 55731.36992744 25.308
 110 309.676228  -0.032189     1.389     1.519 47 55741.28557301 23.113
 111 309.676405  -0.032249    -3.305    -3.374 47 55751.20121759 28.228
 112 309.678468  -0.031172    -2.928    -2.791 48 55761.11686023 29.725
 113 309.680234  -0.030694     1.230     1.376 47 55771.03249995 20.890
 114 309.680758  -0.031798     1.622     1.962 47 55780.94813597 21.698
 115 309.682042  -0.031723     1.893     1.949 47 55790.86377000 18.186
 116 309.684601  -0.031729     1.504     1.528 47 55800.77940327 17.314
 117 309.682992  -0.031159     0.119     0.927 48 55810.69505285 22.492
 118 309.682382  -0.031085    -2.134    -1.057 48 55820.61070209 29.403
 119 309.682636  -0.031932     1.881     1.877 47 55830.52634649 15.409
 120 309.683061  -0.031766     2.032     2.040 47 55840.44198643 15.315
 121 309.682808  -0.031948     1.360     1.651 47 55850.35762295 21.129
 122 309.684168  -0.030903     1.237     1.514 48 55860.27325758 21.460
 123 309.681630  -0.031060    -0.153     0.719 48 55870.18890826 23.258
 124 309.681331  -0.030492    -2.925    -2.339 47 55880.10455898 30.895
 125 309.681483  -0.031446    -2.589    -1.359 48 55890.02020283 26.220
 126 309.682135  -0.031659     1.314     1.452 47 55899.93584124 18.878
 127 309.683910  -0.030871     2.140     2.156 48 55909.85147539 16.654
 128 309.679471  -0.031119     1.880     1.960 47 55919.76712730 17.123
 129 309.677213  -0.030812    -0.711     0.318 47 55929.68278031 23.176
 130 309.676803  -0.031195    -1.911    -0.979 47 55939.59842962 28.296
 131 309.676388  -0.031569    -2.706    -2.430 48 55949.51407407 30.513
 132 309.675955  -0.031064     1.362     1.497 47 55959.42971415 21.029
 133 309.675405  -0.032456     2.638     2.812 47 55969.34535110 23.389
 134 309.677587  -0.031688     2.235     2.438 47 55979.26098748 22.686
 135 309.681498  -0.031747     0.630     1.039 47 55989.17662303 22.424
 136 309.683504  -0.031737    -2.322    -1.077 47 55999.09226501 24.318
 137 309.681619  -0.031460    -2.479    -1.606 47 56009.00791541 29.120
 138 309.679196  -0.031616     1.833     2.012 47 56018.92356168 19.410
 139 309.676522  -0.031644     3.360     3.446 47 56028.83920526 19.059
 140 309.675082  -0.032188     2.725     2.730 47 56038.75484731 20.226
 141 309.677066  -0.031160     1.719     1.788 47 56048.67048798 18.293
 142 309.680139  -0.031829     1.270     1.388 47 56058.58612566 21.912
 143 309.685456  -0.030238    -0.770     0.266 47 56068.50175982 26.584
 144 309.681417  -0.031897     1.339     1.791 47 56078.41741020 20.230
 145 309.678072  -0.031275     2.505     2.801 48 56088.33305816 18.946
 146 309.676586  -0.031156     1.139     1.968 47 56098.24870352 22.202
 147 309.677226  -0.031519     1.259     1.542 48 56108.16434671 21.686
 148 309.679921  -0.030457     0.514     1.013 47 56118.07997598 24.620
 149 309.682751  -0.030477    -2.278    -1.157 47 56127.99561307 30.824
 150 309.684237  -0.031720    -2.194    -0.927 47 56137.91124642 30.020
 151 309.681309  -0.031737     1.210     2.043 47 56147.82689277 20.887
 152 309.678883  -0.031757     2.533     2.676 48 56157.74254209 21.409
 153 309.678614  -0.030856     2.164     2.205 47 56167.65819084 17.709
 154 309.678858  -0.031572    -0.642     0.559 47 56177.57383662 24.816
 155 309.679739  -0.031736    -2.100    -1.154 47 56187.48947784 29.704
 156 309.680629  -0.030775    -3.554    -3.562 47 56197.40511550 30.990
 157 309.681418  -0.031534     1.916     1.999 47 56207.32074962 17.553
 158 309.684090  -0.030700     2.705     2.786 47 56217.23638245 19.742
 159 309.684672  -0.031178     1.646     1.973 47 56227.15202501 21.621
 160 309.683112  -0.030382    -2.067    -0.686 47 56237.06767950 28.525
 161 309.680935  -0.031136    -3.358    -2.920 47 56246.98332993 31.346
 162 309.679253  -0.031371    -2.082    -1.604 48 56256.89897570 30.037
 163 309.678189  -0.031280     1.674     1.671 48 56266.81461830 16.412
 164 309.677568  -0.032298     2.751     2.765 47 56276.73025920 17.135
 165 309.676766  -0.031829     2.247     2.305 48 56286.64590716 17.146
 166 309.676032  -0.031471    -1.335    -0.251 47 56296.56155755 25.261
 167 309.675281  -0.031127    -1.968    -0.304 47 56306.47720378 27.796
 168 309.674178  -0.031565    -2.308    -1.701 48 56316.39284641 29.832
 169 309.673566  -0.032228     1.163     1.677 48 56326.30848702 20.577
 170 309.675481  -0.031455     3.142     3.190 48 56336.22412701 20.921
 171 309.678890  -0.031162     2.069     2.383 47 56346.13976562 23.939
 172 309.682565  -0.030990     0.647     1.324 47 56356.05540183 22.578
 173 309.680755  -0.031171     0.753     1.282 47 56365.97104828 23.423
 174 309.677310  -0.031212    -1.321     0.141 47 56375.88669662 23.941
 176 309.674093  -0.031586     2.960     2.991 48 56395.71798613 17.892
 177 309.675621  -0.031628     2.807     2.831 48 56405.63362804 18.199
 178 309.678742  -0.030728     2.497     2.522 47 56415.54926694 19.193
 179 309.682752  -0.031064     1.059     1.294 47 56425.46490065 20.875
 180 309.680628  -0.030966     0.468     0.773 47 56435.38054867 29.993
 181 309.676343  -0.031533    -2.583    -2.481 47 56445.29619959 28.282
 182 309.674067  -0.032099     1.634     2.095 48 56455.21184816 23.665
 183 309.673720  -0.032267     2.457     2.731 48 56465.12749400 21.589
 184 309.675312  -0.031129     2.085     2.125 47 56475.04313665 20.283
 185 309.676878  -0.032113     0.877     0.976 47 56484.95877558 25.841
 186 309.678440  -0.032284    -1.621    -0.287 47 56494.87441195 27.279
 187 309.681127  -0.031450    -2.428    -1.497 47 56504.79004702 29.333
 188 309.685450  -0.031417     2.258     2.344 47 56514.70568069 19.385
 189 309.684144  -0.030466     3.053     3.111 47 56524.62133355 18.211
 190 309.682081  -0.030242     2.022     2.108 47 56534.53698501 18.201
 192 309.676390  -0.032179    -0.167     0.804 47 56554.36827624 24.467
 193 309.675947  -0.031647    -1.844    -1.681 48 56564.28391885 29.364
 194 309.677117  -0.031784     2.029     2.224 48 56574.19956008 19.334
 195 309.680188  -0.031530     2.341     2.480 47 56584.11519898 19.813
 196 309.685163  -0.029973     1.838     1.965 47 56594.03083410 20.924
 197 309.681003  -0.031225     0.940     1.361 47 56603.94648690 19.729
 198 309.678085  -0.031049    -0.901     0.087 47 56613.86213554 23.857
 199 309.676856  -0.031704    -1.364    -0.729 48 56623.77778041 30.155
 200 309.677483  -0.030941     1.089     1.162 47 56633.69342302 23.732
 201 309.680265  -0.031065     1.661     1.714 47 56643.60906090 18.282
 202 309.677695  -0.031676     1.865     2.112 48 56653.52471300 16.777
 203 309.675255  -0.032159     1.418     1.835 47 56663.44036212 19.886
 204 309.673703  -0.031929     0.074     0.916 47 56673.35600839 22.761
 205 309.673184  -0.032185    -2.872    -3.155 48 56683.27165301 30.153
 206 309.674937  -0.031794    -2.512    -2.500 47 56693.18729573 27.905
 207 309.678602  -0.031746     2.164     2.186 48 56703.10293433 17.649
 208 309.682603  -0.031304     2.240     2.500 47 56713.01856791 23.499
 209 309.679141  -0.031703     1.037     1.878 47 56722.93421531 24.506
 210 309.674378  -0.031732     1.635     1.762 47 56732.84986592 18.258
 211 309.672309  -0.031652    -0.238     0.680 47 56742.76551346 21.884
 212 309.673471  -0.032264    -1.752    -1.720 48 56752.68115684 28.061
 213 309.677512  -0.032336     2.307     2.283 47 56762.59679522 19.936
 214 309.682531  -0.031918     2.923     2.961 47 56772.51242723 18.459
 215 309.676646  -0.032377     2.502     2.474 47 56782.42808431 23.386
 216 309.671863  -0.032454     1.103     1.654 48 56792.34373765 24.847
 217 309.668814  -0.032372    -1.701    -0.644 47 56802.25938811 30.832
 218 309.669935  -0.032753    -1.788    -1.629 48 56812.17503119 29.449
 219 309.672920  -0.031990     1.622     1.681 48 56822.09067077 21.341
 220 309.676276  -0.032152     1.607     1.892 47 56832.00630610 22.223
 221 309.680378  -0.031224     1.757     2.032 48 56841.92193853 19.758
 222 309.681492  -0.031518     1.753     1.919 47 56851.83757703 18.576
 223 309.677694  -0.032413     1.328     1.678 47 56861.75323101 18.642
 224 309.675929  -0.031880    -1.116    -0.401 47 56871.66888495 28.145
 225 309.674738  -0.032577    -1.557    -0.677 47 56881.58453570 28.126
 226 309.673812  -0.032229     1.724     1.729 47 56891.50018295 15.714
 227 309.671770  -0.032315     2.035     2.214 48 56901.41582679 19.315
 228 309.669604  -0.033033     1.383     2.066 47 56911.33146833 21.861
 229 309.670963  -0.032032     0.082     1.381 47 56921.24710878 20.393
 230 309.675028  -0.031915    -1.777    -1.696 48 56931.16274712 28.895
 231 309.680781  -0.031917    -3.001    -2.151 47 56941.07838059 30.579
 232 309.683451  -0.030610     0.844     1.167 47 56950.99402135 20.493
 233 309.679097  -0.031484     2.178     2.198 47 56960.90967242 16.988
 234 309.675892  -0.031426     2.089     2.164 48 56970.82531907 19.189
 235 309.675659  -0.031637     1.461     1.529 47 56980.74096216 18.788
 236 309.678409  -0.031803    -1.307    -0.588 47 56990.65660117 29.807
 237 309.683858  -0.031847    -2.516    -0.954 47 57000.57223406 30.202
 238 309.680319  -0.031124     0.318     1.110 48 57010.48789028 22.505
 239 309.676421  -0.032270     1.725     2.000 47 57020.40354200 23.420
 240 309.674239  -0.031665     2.127     2.317 47 57030.31919095 21.186
 241 309.673491  -0.032064     0.800     1.306 47 57040.23483781 20.797
 242 309.674709  -0.031945    -0.482     0.538 47 57050.15048273 24.114
 243 309.677784  -0.031093    -2.529    -2.289 47 57060.06612394 30.573
 244 309.680707  -0.030952     0.900     1.416 47 57069.98175945 18.402
 245 309.682735  -0.031198     2.161     2.268 47 57079.89739073 17.441
 246 309.682082  -0.031651     2.561     2.633 47 57089.81302979 18.248
 247 309.676772  -0.032193     1.843     2.082 47 57099.72868754 19.218
 248 309.675079  -0.031447     1.507     1.508 47 57109.64434280 22.187
 249 309.675780  -0.031615    -0.245     0.698 47 57119.55999257 26.152
 250 309.676067  -0.032248    -1.936    -1.600 47 57129.47563608 28.989
 251 309.676865  -0.031004     1.488     1.709 47 57139.39127430 20.495
 252 309.677999  -0.031970     2.470     2.795 47 57149.30690823 21.882
 253 309.682252  -0.031167     2.394     2.494 47 57159.22253984 20.898
 254 309.681636  -0.031410     1.293     1.527 47 57169.13818961 21.453
 255 309.679750  -0.030638    -2.042    -0.695 47 57179.05384485 27.015
 256 309.677501  -0.031078    -2.601    -2.016 47 57188.96949582 29.107
 257 309.675610  -0.031352     1.580     1.618 47 57198.88514327 16.591
 258 309.674160  -0.032601     3.066     3.086 47 57208.80077718 18.822
 259 309.674937  -0.031482     2.283     2.524 48 57218.71642207 21.482
 260 309.676300  -0.031922     1.569     1.538 48 57228.63206570 26.009
 261 309.678215  -0.031776     0.386     1.085 48 57238.54770728 22.847
 262 309.680210  -0.031540    -1.189    -0.087 47 57248.46334560 27.921
 263 309.681756  -0.031441     1.220     1.667 47 57258.37898112 21.249
 264 309.683445  -0.031282     3.000     3.077 47 57268.29461526 18.707
 265 309.682309  -0.030329     2.405     2.612 47 57278.21026399 21.424
 266 309.679830  -0.031792     1.298     1.503 47 57288.12591928 19.324
 267 309.678261  -0.032041     0.511     0.942 47 57298.04157211 23.113
 268 309.676923  -0.032384    -2.685    -2.279 47 57307.95722154 28.897
 269 309.674863  -0.031545    -0.000     0.835 48 57317.87286777 23.592
 270 309.672389  -0.032650     2.131     2.132 47 57327.78851064 15.774
 271 309.673025  -0.031982     2.236     2.368 48 57337.70415213 18.268
 272 309.672803  -0.031967     1.639     1.661 47 57347.61980087 17.027
 273 309.673393  -0.031715    -0.797     0.625 48 57357.53544818 21.903
 274 309.674112  -0.031660    -1.671    -1.113 47 57367.45109196 29.876
 275 309.674753  -0.031859    -1.689    -1.267 48 57377.36673231 30.599
 276 309.676646  -0.031629     1.692     1.838 47 57387.28237076 20.083
 277 309.679920  -0.031232     2.348     2.507 48 57397.19800849 22.284
 278 309.683979  -0.030789     2.269     2.353 48 57407.11364502 19.727
 279 309.681638  -0.031843    -0.301     0.564 47 57417.02929599 23.679
 280 309.679069  -0.030560    -2.175    -1.080 47 57426.94494693 26.650
 281 309.675421  -0.031636    -1.794    -1.436 47 57436.86059473 27.912
 282 309.673732  -0.031551     2.360     2.383 48 57446.77624153 17.122
 283 309.673720  -0.031470     2.994     3.082 47 57456.69188759 18.987
 284 309.675273  -0.032285     2.805     2.832 47 57466.60753116 17.010
 285 309.678773  -0.031420     0.309     1.217 47 57476.52317123 20.848
 286 309.681138  -0.031393     0.780     1.118 48 57486.43880748 23.171
 287 309.683021  -0.031431    -6.091    -0.741 47 57496.35444096 24.734
 288 309.684548  -0.031748     1.906     2.088 47 57506.27007628 19.167
 289 309.680409  -0.031765     3.060     3.234 47 57516.18573161 20.496
 290 309.679060  -0.030667     2.181     2.390 47 57526.10138476 23.200
 291 309.677617  -0.032296     0.925     1.073 47 57536.01703496 24.765
 292 309.676779  -0.030998    -0.102     1.018 47 57545.93268317 21.785
 293 309.675382  -0.031242    -1.008    -0.300 47 57555.84832947 28.815
 294 309.674717  -0.032328     1.773     1.822 47 57565.76397451 17.159
 295 309.675719  -0.031440     2.738     2.799 47 57575.67961949 18.528
 296 309.676501  -0.031914     2.325     2.324 48 57585.59526332 23.829
 297 309.677520  -0.030872     1.508     1.645 47 57595.51090530 20.659
