#    3.009  -0.014   2.286 ;Mean Elev.(m), Avg Gradient(m/km), RMS Gradient(m/km) - SRTM1     
#    2.023  -0.508   6.918 ;Mean Elev.(m), Avg Gradient(m/km), RMS Gradient(m/km) - ASTER GDEM
#    3.198  -0.044   2.337 ;Mean Elev.(m), Avg Gradient(m/km), RMS Gradient(m/km) - GMTED2010 
   1 303.109389  -2.561039    13.707    13.707  2 54664.46177201 30.554
   2 303.103503  -2.573007    12.996    13.099 13 54674.37741356 30.937
   3 303.102912  -2.572885    12.774    12.884 12 54684.29305644 25.498
   4 303.104426  -2.573711    12.542    12.493 13 54694.20869787 31.535
   5 303.107719  -2.574281    11.870    11.704 12 54704.12433702 23.668
   6 303.106688  -2.574614    11.342    11.075 12 54714.03998717 26.317
   7 303.104542  -2.573562    10.568    10.356 13 54723.95563764 28.776
   8 303.100978  -2.571528    10.856    11.306 12 54733.87128626 23.047
   9 303.097710  -2.570353     9.936     9.986 12 54743.78693367 24.215
  10 303.096225  -2.570779    10.013    10.221 13 54753.70258066 24.242
  11 303.097454  -2.569366     9.976    10.190 13 54763.61822766 22.969
  12 303.098725  -2.569723     9.289     8.705 13 54773.53387161 23.046
  13 303.098932  -2.571752     8.554     8.238 13 54783.44951226 27.348
  14 303.099863  -2.572027     8.073     8.141 13 54793.36515090 30.817
  15 303.101830  -2.572379     8.210     8.191 12 54803.28078836 30.807
  16 303.104023  -2.574102    10.842    11.308 12 54813.19642520 25.536
  17 303.104730  -2.574081    10.281    10.522 12 54823.11206852 24.864
  18 303.102404  -2.573420    10.551    10.623 12 54833.02770862 26.128
  19 303.099855  -2.571274    10.804    10.316 13 54842.94335903 26.085
  20 303.097674  -2.569109    11.245    10.855 13 54852.85900859 24.774
  21 303.095742  -2.569311    11.688    11.610 13 54862.77465755 25.168
  22 303.094709  -2.569927    12.273    12.138 13 54872.69030645 29.283
  23 303.095401  -2.569057    12.522    12.347 13 54882.60595368 27.147
  24 303.096225  -2.568460    12.704    12.648 13 54892.52159733 28.083
  25 303.095587  -2.569181    13.138    13.355 14 54902.43723757 24.487
  26 303.095526  -2.568254    13.544    13.627 13 54912.35287639 29.602
  27 303.095555  -2.569779    13.441    13.311 13 54922.26851353 33.648
  28 303.098128  -2.570391    14.616    14.619 13 54932.18415031 38.522
  29 303.102104  -2.572213    14.181    14.016 12 54942.09978529 34.287
  30 303.105853  -2.574509    14.501    14.530 13 54952.01541848 39.258
  31 303.105560  -2.575333    15.318    15.284 12 54961.93106020 36.918
  32 303.103553  -2.573581    14.615    14.506 12 54971.84670895 37.184
  33 303.102661  -2.572024    14.501    14.609 12 54981.76235691 37.278
  34 303.102171  -2.572228    14.862    14.861 13 54991.67800424 35.836
  35 303.101220  -2.572500    14.546    14.629 13 55001.59365097 33.042
  36 303.100170  -2.572219    14.586    14.667 13 55011.50929582 33.870
  37 303.099563  -2.572068    14.547    14.554 13 55021.42493907 30.846
  38 303.099544  -2.571862    14.386    14.552 13 55031.34058115 34.212
  39 303.100568  -2.571356    13.939    14.203 12 55041.25622258 38.466
  40 303.102811  -2.573286    13.734    13.840 12 55051.17186213 30.620
  41 303.105521  -2.574047    13.205    13.356 12 55061.08749986 29.904
  42 303.105607  -2.573877    12.217    11.699 12 55071.00314169 34.871
  43 303.102544  -2.573095    12.256    12.115 12 55080.91879048 28.997
  44 303.099618  -2.571594    11.663    11.725 13 55090.83443805 25.925
  45 303.097858  -2.570202    10.704    10.635 12 55100.75008516 23.869
  46 303.097284  -2.570574     9.998     9.944 13 55110.66573160 26.293
  47 303.098272  -2.571024     9.294     8.938 13 55120.58137631 24.985
  48 303.099075  -2.571925     8.724     8.627 13 55130.49701812 24.890
  49 303.099330  -2.571474    10.114    10.548 13 55140.41265798 25.032
  50 303.099445  -2.571616     8.791     8.154 13 55150.32829652 25.528
  51 303.101265  -2.572025     8.621     7.807 12 55160.24393487 23.440
  52 303.103772  -2.573665     8.121     8.197 12 55170.15957264 26.484
  53 303.106610  -2.574036     8.862     8.080 12 55180.07520940 24.015
  54 303.104445  -2.573848     9.792    10.134 12 55189.99085675 25.165
  55 303.100883  -2.571737    10.536    11.043 13 55199.90650747 24.576
  56 303.098306  -2.570398    10.602    10.289 12 55209.82215765 21.417
  57 303.097397  -2.570431    10.863    10.767 13 55219.73780730 24.255
  58 303.097339  -2.569574    11.327    11.179 13 55229.65345630 23.361
  59 303.097275  -2.569951    11.366    10.968 13 55239.56910175 25.448
  60 303.096778  -2.569474    11.222    11.067 13 55249.48474353 25.326
  61 303.096020  -2.568466    11.693    11.504 13 55259.40038278 25.819
  62 303.095750  -2.570072    11.686    11.523 13 55269.31602041 28.032
  63 303.097554  -2.570465    11.679    11.486 13 55279.23165817 26.162
  64 303.100802  -2.571426    12.248    12.088 12 55289.14729466 30.608
  65 303.104530  -2.573593    12.735    12.752 13 55299.06292859 34.759
  66 303.104555  -2.573409    12.041    11.552 12 55308.97857211 33.366
  67 303.102342  -2.572796    12.703    12.428 13 55318.89421782 33.002
  68 303.100692  -2.571252    13.870    13.856 13 55328.80986301 32.882
  69 303.099931  -2.572067    14.016    13.991 13 55338.72550744 33.455
  70 303.100943  -2.572433    13.184    12.997 13 55348.64115172 34.116
  71 303.102168  -2.572294    13.479    13.553 13 55358.55679420 34.598
  72 303.102018  -2.572672    13.951    13.911 12 55368.47243412 36.420
  73 303.102301  -2.571981    12.693    12.724 13 55378.38807266 31.587
  74 303.103192  -2.572983    13.122    13.122 12 55388.30370992 28.464
  75 303.105729  -2.574162    12.793    12.693 12 55398.21934633 35.782
  76 303.107637  -2.573880    12.455    12.401 12 55408.13499075 32.232
  77 303.105553  -2.574501    12.327    12.163 12 55418.05064091 29.152
  78 303.102891  -2.573191    11.747    11.658 12 55427.96628812 26.455
  79 303.100457  -2.571208    10.743    10.488 12 55437.88193313 23.892
  80 303.098784  -2.570930     9.295     9.220 12 55447.79757687 30.921
  81 303.099148  -2.570453     9.305     9.100 13 55457.71322063 22.720
  82 303.100477  -2.571053     8.787     8.373 13 55467.62886358 23.940
  83 303.102446  -2.572110     8.671     8.406 13 55477.54450321 23.381
  84 303.104105  -2.573116     8.263     8.364 12 55487.46013956 25.476
  85 303.104938  -2.574310     8.258     8.165 12 55497.37577333 23.402
  86 303.105256  -2.574157     5.124     3.854 12 55507.29141034 29.017
  87 303.103317  -2.572743     7.067     6.687 13 55517.20706067 26.356
  88 303.102967  -2.572158     6.684     7.060 12 55527.12271008 26.056
  89 303.102154  -2.572765     7.630     7.619 13 55537.03835729 31.076
  90 303.100914  -2.572285     8.045     7.812 13 55546.95400268 29.573
  91 303.098974  -2.571623     8.048     7.882 13 55556.86964645 21.081
  92 303.098282  -2.570628     8.878     9.050 12 55566.78528976 19.239
  93 303.099587  -2.570855     9.145     8.728 12 55576.70093233 21.592
  94 303.101623  -2.571926    10.297    10.577 13 55586.61657287 24.094
  95 303.103741  -2.573483    10.300    10.304 13 55596.53221002 28.565
  96 303.104813  -2.574445    11.227    11.377 12 55606.44784395 26.157
  97 303.106080  -2.574493    11.012    11.006 12 55616.36347565 36.504
  98 303.105208  -2.574664    11.315    11.333 12 55626.27911779 31.614
  99 303.103755  -2.573436    12.179    12.237 13 55636.19476930 29.870
 100 303.103524  -2.572359    12.756    12.577 12 55646.11041882 29.127
 101 303.102888  -2.572623    13.026    13.022 13 55656.02606531 32.583
 102 303.102315  -2.572534    12.632    12.461 13 55665.94170758 31.750
 103 303.101552  -2.572724    12.957    12.941 12 55675.85734709 31.440
 104 303.102162  -2.571934    13.817    13.835 13 55685.77298540 34.191
 105 303.103778  -2.573361    13.489    13.494 12 55695.68862216 33.621
 106 303.107036  -2.574927    14.388    14.387 13 55705.60425777 36.000
 107 303.106681  -2.573968    14.045    13.911 12 55715.51990649 35.524
 108 303.104277  -2.572991    13.901    13.952 12 55725.43555515 30.811
 109 303.102082  -2.571742    13.650    13.862 12 55735.35120178 32.934
 110 303.100784  -2.571324    13.709    13.759 12 55745.26684691 31.361
 111 303.100711  -2.572338    13.137    13.422 13 55755.18249014 38.387
 112 303.102788  -2.572597    13.145    13.298 13 55765.09813137 34.616
 113 303.104638  -2.573309    13.014    12.987 13 55775.01376978 29.961
 114 303.105048  -2.574900    12.773    12.791 12 55784.92940502 30.357
 115 303.106466  -2.573903    12.162    12.208 12 55794.84503901 23.924
 116 303.106893  -2.574997    11.637    11.359 12 55804.76067745 26.245
 117 303.105537  -2.575331    10.763    10.330 12 55814.67632715 30.734
 118 303.105822  -2.574245     9.886     9.079 12 55824.59197497 23.962
 119 303.105686  -2.575290     8.979     8.683 12 55834.50761763 30.917
 120 303.106220  -2.574438     7.649     7.836 12 55844.42325673 26.808
 121 303.106902  -2.574952     8.010     8.025 12 55854.33889240 25.501
 122 303.107110  -2.575715     7.406     6.951 12 55864.25453051 29.039
 123 303.104589  -2.573649     9.252     8.745 13 55874.17018397 31.388
 124 303.104151  -2.573640     7.483     7.896 12 55884.08583181 27.597
 125 303.104807  -2.573784     8.219     8.126 13 55894.00147376 26.524
 126 303.106505  -2.574496     8.628     8.137 12 55903.91711048 23.735
 127 303.106886  -2.573923     8.230     8.072 12 55913.83275001 20.698
 128 303.102805  -2.572244     9.411     8.463 13 55923.74840460 26.725
 129 303.100849  -2.571272    10.133     9.961 12 55933.66405623 25.495
 130 303.100338  -2.571290    11.150    11.351 13 55943.57970326 24.897
 131 303.100398  -2.571553    11.437    11.414 12 55953.49534580 24.793
 132 303.100542  -2.571358    11.555    11.409 12 55963.41098508 26.587
 133 303.100792  -2.571779    12.490    12.353 12 55973.32662211 28.120
 134 303.103189  -2.572139    12.734    12.791 12 55983.24225794 27.847
 135 303.107016  -2.574667    12.146    11.548 12 55993.15789145 38.648
 136 303.105948  -2.575389    13.872    13.877 12 56003.07354005 37.812
 137 303.104012  -2.573520    13.575    13.696 12 56012.98918923 35.561
 138 303.101606  -2.572443    13.259    13.019 12 56022.90483504 38.373
 139 303.100291  -2.571364    13.955    14.044 13 56032.82047857 34.929
 140 303.100857  -2.571655    14.403    14.477 13 56042.73612003 36.647
 141 303.102514  -2.573042    14.507    14.636 12 56052.65175873 37.454
 142 303.105449  -2.573989    14.503    14.589 12 56062.56739455 36.657
 143 303.106603  -2.574211    14.252    14.288 12 56072.48303506 34.494
 144 303.103582  -2.573237    14.309    14.047 12 56082.39868494 33.114
 145 303.101780  -2.572401    14.483    14.588 13 56092.31433218 35.889
 146 303.101410  -2.572741    14.151    14.275 13 56102.22997693 32.591
 147 303.102495  -2.572074    13.860    13.684 12 56112.14560765 33.083
 148 303.103935  -2.573446    14.402    14.385 12 56122.06124606 33.642
 149 303.106158  -2.574448    14.177    14.156 12 56131.97688099 32.200
 150 303.107027  -2.575336    13.730    13.781 12 56141.89251694 38.995
 151 303.104346  -2.572775    12.723    12.654 12 56151.80816830 26.477
 152 303.102676  -2.572648    11.951    12.310 12 56161.72381772 30.479
 153 303.102471  -2.573276    11.784    11.776 13 56171.63946532 28.495
 154 303.103373  -2.573277    10.966    10.865 12 56181.55510861 27.025
 155 303.103847  -2.572838    10.578    10.921 13 56191.47074799 29.442
 156 303.103601  -2.573804    10.042    10.840 12 56201.38638407 28.044
 157 303.105288  -2.574792     7.721     8.263 12 56211.30201796 30.595
 158 303.109142  -2.575405     9.768    10.550 12 56221.21765011 23.235
 159 303.107611  -2.575256     9.693     8.987 12 56231.13330218 25.228
 160 303.105518  -2.574558     8.390     8.179 12 56241.04895479 24.140
 161 303.103638  -2.572549     7.262     7.393 12 56250.96460385 25.611
 162 303.102192  -2.572780     6.626     5.981 12 56260.88024799 27.714
 163 303.102351  -2.572063     8.631     7.926 13 56270.79589038 21.184
 164 303.103044  -2.573172     9.141     9.098 12 56280.71153083 24.726
 165 303.101268  -2.571844    10.267    10.797 12 56290.62718398 21.908
 166 303.099634  -2.571947    10.125    10.880 13 56300.54283232 26.865
 167 303.098733  -2.571192    10.261    10.265 12 56310.45847660 24.186
 168 303.098476  -2.570587    10.892    10.617 12 56320.37411831 22.887
 169 303.099192  -2.570245    10.604    10.663 13 56330.28975901 39.266
 170 303.101086  -2.571562    11.676    11.648 13 56340.20539869 27.521
 171 303.103925  -2.574356    11.899    11.836 12 56350.12103595 32.048
 172 303.106466  -2.574990    11.977    12.216 12 56360.03667298 33.756
 173 303.103327  -2.572681    13.096    13.139 13 56369.95232304 31.106
 175 303.098021  -2.570995    12.999    12.900 13 56389.78361564 34.285
 176 303.099362  -2.571344    13.650    13.495 12 56399.69925926 34.608
 177 303.101935  -2.571901    13.651    13.829 13 56409.61490029 34.617
 178 303.104461  -2.573671    14.448    14.430 12 56419.53053632 37.775
 179 303.106070  -2.575103    14.423    14.244 12 56429.44617116 30.588
 180 303.101918  -2.572470    14.054    14.114 13 56439.36182438 31.715
 181 303.099158  -2.571900    14.387    14.350 13 56449.27747461 36.561
 182 303.099114  -2.571314    14.114    14.228 12 56459.19312286 34.564
 183 303.099589  -2.571553    13.941    14.092 13 56469.10876770 33.674
 184 303.100445  -2.571809    13.858    14.015 13 56479.02440872 34.749
 185 303.101487  -2.572271    13.566    13.595 13 56488.94004598 33.684
 186 303.103062  -2.573126    14.101    14.107 12 56498.85568101 35.576
 187 303.106320  -2.573402    12.740    13.116 12 56508.77131537 33.877
 188 303.107888  -2.575978    12.156    11.929 12 56518.68695526 33.798
 189 303.106221  -2.574581    12.413    12.503 13 56528.60260975 24.999
 190 303.104750  -2.573802    12.537    12.447 13 56538.51825987 28.486
 191 303.102654  -2.572542    11.889    12.109 13 56548.43390573 28.923
 192 303.100421  -2.571621    11.406    11.408 13 56558.34954879 26.535
 193 303.100040  -2.571579    10.778    10.587 12 56568.26519074 25.877
 194 303.101954  -2.572422    10.184     9.899 12 56578.18083144 25.264
 195 303.105961  -2.574160    10.351    11.130 13 56588.09646854 29.227
 196 303.107575  -2.574380     9.487     8.887 12 56598.01211095 22.978
 197 303.104002  -2.573031     8.841     8.910 13 56607.92776241 30.417
 198 303.101225  -2.572030    10.819    11.167 13 56617.84340921 25.337
 199 303.100541  -2.571712    10.453    11.011 13 56627.75905293 26.810
 200 303.102197  -2.571928    10.672    10.952 12 56637.67469396 26.397
 201 303.103688  -2.573313    10.144     9.652 13 56647.59033697 32.043
 202 303.101432  -2.572073    10.985    11.282 12 56657.50598944 26.764
 203 303.099134  -2.571430    10.185    10.083 13 56667.42163725 26.633
 204 303.097960  -2.570919    10.470    10.544 13 56677.33728222 29.543
 205 303.098793  -2.569941    11.635    11.508 13 56687.25292600 24.470
 206 303.100683  -2.571172    11.851    11.809 13 56697.16856728 25.527
 207 303.103770  -2.573515    12.219    11.995 12 56707.08420388 27.999
 208 303.105976  -2.575206    12.266    12.327 12 56716.99983875 31.162
 209 303.101676  -2.572860    11.917    11.552 13 56726.91549185 33.365
 210 303.098082  -2.571109    12.385    11.912 13 56736.83114113 30.823
 211 303.096971  -2.570235    12.984    12.771 13 56746.74678712 32.888
 212 303.099089  -2.571571    13.472    13.424 13 56756.66242852 33.165
 213 303.103762  -2.572856    14.064    14.079 13 56766.57806430 33.285
 214 303.104767  -2.573228    14.174    13.982 12 56776.49370640 31.692
 215 303.100022  -2.571758    14.335    14.369 13 56786.40936242 35.016
 216 303.096340  -2.568503    14.649    14.675 13 56796.32501505 31.344
 217 303.094033  -2.569272    15.591    15.608 13 56806.24066218 51.130
 218 303.096218  -2.569471    14.723    14.680 13 56816.15630338 36.352
 219 303.099111  -2.571195    14.401    14.594 12 56826.07194091 37.069
 220 303.102310  -2.572728    14.535    14.659 13 56835.98757508 33.122
 221 303.105446  -2.574130    14.359    14.447 12 56845.90320636 33.990
 222 303.103854  -2.573090    14.310    14.464 13 56855.81885450 34.374
 223 303.101536  -2.571856    14.197    14.216 12 56865.73450829 33.645
 224 303.100161  -2.570814    13.904    14.028 13 56875.65016113 30.315
 225 303.098863  -2.571103    13.376    13.408 13 56885.56581056 32.200
 226 303.098018  -2.570523    12.915    12.810 13 56895.48145720 26.430
 227 303.096762  -2.570249    12.289    12.334 13 56905.39710040 27.134
 228 303.096395  -2.568818    12.052    12.134 13 56915.31274157 24.206
 229 303.097418  -2.570477    11.378    11.184 13 56925.22838029 25.840
 230 303.101110  -2.571848    10.714    10.625 13 56935.14401641 30.067
 231 303.106607  -2.574149    10.000     9.601 12 56945.05964727 28.601
 232 303.105697  -2.573157    10.811    11.170 12 56954.97529764 25.031
 233 303.102526  -2.572479     8.907     8.903 12 56964.89094734 29.895
 234 303.100458  -2.571491    10.374    10.805 13 56974.80659289 25.421
 235 303.100608  -2.571828     9.832     9.241 12 56984.72223408 24.715
 236 303.103713  -2.573345    10.516    10.801 12 56994.63787013 27.851
 237 303.106079  -2.574317    10.505    10.924 13 57004.55351072 32.468
 238 303.102715  -2.572964    10.329    10.420 12 57014.46916687 27.061
 239 303.100299  -2.570781    10.564    10.417 13 57024.38481817 22.476
 240 303.098559  -2.571064    10.215    10.026 13 57034.30046636 27.149
 241 303.098735  -2.571871    10.932    10.789 13 57044.21611201 27.565
 242 303.100353  -2.572016    10.928    10.951 13 57054.13175518 37.460
 243 303.102379  -2.572712    11.575    11.650 13 57064.04739361 30.067
 244 303.104627  -2.572760    11.382    11.241 12 57073.96302745 27.566
 245 303.106998  -2.574812    12.589    12.436 13 57083.87865765 31.553
 246 303.104579  -2.573007    12.512    12.399 12 57093.79430908 27.991
 247 303.101100  -2.571448    13.141    13.073 13 57103.70996626 28.405
 248 303.099792  -2.571015    12.500    11.879 12 57113.62561932 30.335
 249 303.099952  -2.571445    13.138    13.242 13 57123.54126615 31.411
 250 303.100208  -2.571769    14.282    14.236 13 57133.45690735 37.018
 251 303.101758  -2.572108    13.791    14.031 12 57143.37254380 33.866
 252 303.103950  -2.573484    14.374    14.387 13 57153.28817711 34.288
 253 303.107252  -2.573875    14.365    14.560 12 57163.20381102 34.668
 254 303.104286  -2.573101    14.631    14.445 12 57173.11946729 34.285
 255 303.102218  -2.572896    14.496    14.593 13 57183.03512045 32.744
 256 303.100934  -2.571434    14.365    14.507 12 57192.95077024 35.391
 257 303.099289  -2.571684    14.256    14.451 13 57202.86641743 36.542
 258 303.098860  -2.571802    14.248    14.329 13 57212.78205157 34.449
 259 303.100164  -2.572073    13.735    13.759 12 57222.69769570 27.272
 260 303.101960  -2.572161    13.872    13.984 12 57232.61333832 28.829
 261 303.102867  -2.573361    13.661    13.730 12 57242.52897784 28.416
 262 303.103946  -2.573570    13.780    13.820 13 57252.44461482 32.506
 263 303.105829  -2.573160    12.961    12.774 12 57262.36025010 27.584
 264 303.107573  -2.575973    12.440    12.535 12 57272.27588446 24.927
 265 303.105655  -2.573286    12.097    11.843 12 57282.19154187 24.396
 266 303.103719  -2.573204    11.470    11.495 12 57292.10719632 24.766
 267 303.101785  -2.572881    10.646    10.043 12 57302.02284767 28.680
 268 303.100275  -2.571441    10.549    10.914 13 57311.93849579 27.947
 269 303.098427  -2.570830     9.756     9.338 13 57321.85414072 23.328
 270 303.097983  -2.570436     9.413     8.770 13 57331.76978367 22.827
 271 303.099047  -2.571871     8.690     8.421 13 57341.68542444 24.088
 272 303.097953  -2.570406     8.374     8.079 12 57351.60107674 19.347
 273 303.098306  -2.570807     8.352     8.125 13 57361.51672188 22.711
 274 303.098851  -2.571028     6.023     7.423 12 57371.43236368 21.591
 275 303.099677  -2.571276     9.498     9.934 12 57381.34800315 20.497
 276 303.101896  -2.571958     8.718     8.096 13 57391.26364169 26.126
 277 303.105084  -2.574381     8.054     8.100 12 57401.17927890 24.650
 278 303.107336  -2.575017     8.321     8.161 13 57411.09491977 28.548
 279 303.104371  -2.574227     9.279     8.589 12 57421.01057160 21.559
 280 303.101093  -2.571876     9.127     8.639 12 57430.92622136 20.909
 281 303.098680  -2.570571     9.421     8.402 13 57440.84186919 24.054
 282 303.098452  -2.570740     9.909     9.702 12 57450.75751617 19.869
 283 303.099495  -2.571368    10.395    10.580 12 57460.67316164 25.610
 284 303.101844  -2.572181    10.742    10.838 13 57470.58880377 29.004
 285 303.103844  -2.572764    11.487    11.587 12 57480.50444169 28.818
 286 303.105023  -2.573033    12.081    11.947 12 57490.42007626 30.100
 287 303.106552  -2.575555    12.377    12.264 12 57500.33570812 30.192
 288 303.106447  -2.574454    12.456    12.295 13 57510.25135361 38.283
 289 303.103764  -2.573735    12.832    12.854 12 57520.16700855 47.437
 290 303.102450  -2.573204    12.977    12.991 12 57530.08266099 30.768
 291 303.101777  -2.571720    12.036    11.453 13 57539.99831053 31.946
 292 303.100200  -2.572225    12.858    12.873 13 57549.91395705 31.140
 293 303.099056  -2.571966    12.186    11.936 13 57559.82960267 30.531
 294 303.099384  -2.570850    12.758    12.755 12 57569.74524821 27.493
 295 303.100541  -2.571129    11.989    12.235 13 57579.66089327 27.941
 296 303.101869  -2.572365    12.814    12.801 13 57589.57653645 33.199
 297 303.102565  -2.572035    12.640    12.674 12 57599.49217709 33.516
