#   83.007   0.726   4.669 ;Mean Elev.(m), Avg Gradient(m/km), RMS Gradient(m/km) - SRTM1     
#  102.012   0.910   4.232 ;Mean Elev.(m), Avg Gradient(m/km), RMS Gradient(m/km) - ASTER GDEM
#   83.574   0.766   4.813 ;Mean Elev.(m), Avg Gradient(m/km), RMS Gradient(m/km) - GMTED2010 
   2 286.877020  -3.583089    85.289    84.341  4 54669.96757062 25.353
   4 286.877072  -3.583215    89.535    89.768  4 54689.79885720 19.370
   6 286.879755  -3.577606    81.493    78.820  4 54709.63014213 27.562
   8 286.875298  -3.584848    81.213    81.215  4 54729.46144388 44.225
   9 286.872501  -3.586478    83.162    83.887  3 54739.37709116 25.496
  10 286.871416  -3.587394    79.852    79.850  4 54749.29273817 39.979
  11 286.871505  -3.587863    81.845    81.874  3 54759.20838485 46.778
  12 286.872367  -3.586635    84.034    82.854  4 54769.12402891 32.475
  13 286.873806  -3.585547    83.267    83.189  4 54779.03966972 46.061
  14 286.874777  -3.584328    84.230    84.896  3 54788.95530816 29.081
  15 286.875082  -3.582707    89.565    89.605  4 54798.87094579 24.836
  16 286.876783  -3.582587    87.237    87.061  4 54808.78658422 24.647
  17 286.878567  -3.579117    87.223    87.234  4 54818.70222163 24.762
  18 286.877831  -3.581668    87.380    87.474  4 54828.61787453 22.373
  19 286.875329  -3.584163    87.441    87.424  4 54838.53351435 23.353
  20 286.872190  -3.587509    84.728    84.701  3 54848.44916444 31.448
  21 286.869801  -3.588796    85.771    85.812  4 54858.36481339 41.337
  22 286.869103  -3.589228    86.132    86.056  4 54868.28046219 41.473
  23 286.869708  -3.588642    86.036    86.005  4 54878.19610994 34.038
  24 286.870974  -3.587271    86.931    86.803  4 54888.11175443 40.450
  25 286.871128  -3.587998    86.650    86.688  4 54898.02739588 37.243
  26 286.869896  -3.588419    87.345    86.823  4 54907.94303480 33.331
  27 286.870212  -3.589773    87.506    87.029  4 54917.85867303 33.702
  28 286.871613  -3.588185    87.062    87.027  4 54927.77431084 33.800
  29 286.873994  -3.584452    87.644    87.337  4 54937.68994773 33.091
  30 286.876841  -3.580831    88.859    88.746  4 54947.60558293 34.010
  31 286.879600  -3.579490    87.811    87.737  4 54957.52121812 34.365
  32 286.877352  -3.580448    88.331    87.800  4 54967.43686675 31.455
  33 286.875750  -3.582531    88.274    87.559  4 54977.35251431 33.468
  35 286.874948  -3.584591    86.726    86.734  4 54997.18380888 39.305
  36 286.875027  -3.584805    85.788    85.782  4 55007.09945429 37.581
  37 286.874804  -3.585497    86.890    85.765  4 55017.01509767 30.009
  38 286.873672  -3.585387    84.964    84.915  3 55026.93073958 28.993
  39 286.873466  -3.586683    84.588    84.622  4 55036.84638162 30.412
  40 286.874451  -3.584723    86.837    85.130  3 55046.76202238 27.467
  41 286.877411  -3.582391    86.162    84.689  4 55056.67766151 27.735
  42 286.879491  -3.578904    88.220    87.749  5 55066.59329805 25.051
  43 286.877177  -3.581050    89.056    90.250  4 55076.50894848 25.405
  44 286.874503  -3.585898    85.657    84.359  4 55086.42459705 31.221
  45 286.871855  -3.587218    79.068    79.114  3 55096.34024307 27.146
  46 286.871484  -3.587505    80.026    80.029  3 55106.25588857 29.415
  47 286.872464  -3.586925    80.401    80.369  3 55116.17153354 28.182
  48 286.873795  -3.586200    80.503    80.517  4 55126.08717617 30.483
  49 286.874307  -3.584850    84.381    81.372  3 55136.00281621 27.593
  50 286.874449  -3.583801    85.121    85.021  4 55145.91845450 28.271
  51 286.875050  -3.583531    90.744    90.757  4 55155.83409262 25.853
  52 286.876175  -3.582786    88.035    90.815  3 55165.74973108 23.791
  53 286.877700  -3.580533    87.603    87.673  4 55175.66536914 26.745
  54 286.878959  -3.579974    87.615    87.347  4 55185.58101106 26.524
  55 286.876319  -3.581978    88.134    88.156  4 55195.49666293 29.052
  56 286.873374  -3.585311    85.199    85.189  4 55205.41231353 43.995
  57 286.871301  -3.586923    83.721    83.868  4 55215.32796298 31.769
  58 286.870694  -3.588036    88.333    89.396  4 55225.24361169 22.627
  59 286.870931  -3.587455    84.396    84.342  4 55235.15925800 35.501
  60 286.872229  -3.587222    85.173    85.197  3 55245.07490110 30.913
  61 286.872118  -3.587446    86.320    85.391  4 55254.99054138 27.105
  62 286.871018  -3.587982    84.136    84.605  4 55264.90618028 31.666
  63 286.870969  -3.587871    85.026    85.094  3 55274.82181848 32.209
  64 286.872687  -3.585550    86.055    85.345  4 55284.73745587 29.937
  65 286.876010  -3.582839    88.509    88.898  4 55294.65309169 27.436
  66 286.877826  -3.581078    87.109    86.269  5 55304.56873018 31.361
  67 286.876048  -3.582538    87.280    86.160  4 55314.48437795 30.274
  68 286.875023  -3.585323    86.295    85.774  4 55324.40002391 27.936
  69 286.874292  -3.585762    86.376    86.384  4 55334.31566781 43.589
  70 286.873980  -3.585070    86.612    85.407  4 55344.23131108 29.735
  71 286.874433  -3.584645    84.958    85.022  3 55354.14695372 31.850
  72 286.875018  -3.583944    83.994    83.969  3 55364.06259423 41.171
  73 286.875671  -3.583473    89.814    90.457  4 55373.97823315 25.967
  74 286.876481  -3.582350    87.734    87.757  4 55383.89387096 27.278
  75 286.877528  -3.580825    90.806    90.976  4 55393.80950808 22.934
  76 286.879892  -3.579776    90.707    90.787  4 55403.72514541 19.617
  77 286.878273  -3.580808    90.658    90.802  4 55413.64079741 20.533
  78 286.876205  -3.581116    88.114    90.901  4 55423.55644637 27.278
  79 286.874760  -3.583083    84.237    84.225  4 55433.47209298 27.548
  80 286.873646  -3.586831    88.569    89.909  4 55443.38773804 18.641
  81 286.872553  -3.586864    90.594    90.736  4 55453.30338075 16.688
  82 286.873161  -3.585475    87.379    90.334  4 55463.21902238 19.792
  83 286.875331  -3.583701    87.021    90.107  4 55473.13466190 22.794
  84 286.877027  -3.580986    87.377    90.917  4 55483.05029839 23.946
  85 286.878152  -3.579744    87.295    90.309  4 55492.96593313 26.544
  86 286.879382  -3.578862    90.793    90.936  5 55502.88156681 19.285
  87 286.878237  -3.580734    90.696    90.862  4 55512.79721392 22.443
  88 286.876577  -3.581189    90.629    90.771  4 55522.71286396 22.416
  89 286.875901  -3.583731    83.177    80.666  4 55532.62851312 23.141
  90 286.874679  -3.584738    84.291    84.377  4 55542.54416023 23.304
  91 286.873495  -3.585560    80.882    80.895  3 55552.45980517 27.843
  92 286.872610  -3.586285    82.477    82.441  4 55562.37544859 36.583
  93 286.873136  -3.585485    83.795    82.459  4 55572.29109092 27.098
  94 286.874797  -3.584760    85.329    84.703  4 55582.20673192 25.941
  95 286.875961  -3.581444    81.992    81.833  4 55592.12236907 35.600
  96 286.878050  -3.580364    90.150    90.210  4 55602.03800340 20.156
  97 286.879570  -3.579156    83.534    83.545  4 55611.95363576 22.790
  98 286.880499  -3.577504    85.361    84.067  4 55621.86926951 22.881
  99 286.878189  -3.581631    88.840    89.981  4 55631.78492348 22.039
 100 286.877096  -3.583114    86.494    85.268  4 55641.70057496 27.933
 101 286.876249  -3.582298    86.213    86.166  4 55651.61622321 30.546
 102 286.875467  -3.582364    87.989    87.094  4 55661.53186768 30.682
 103 286.874841  -3.584236    87.820    87.851  3 55671.44750912 33.977
 104 286.874749  -3.584684    88.177    88.159  4 55681.36314838 37.314
 105 286.876384  -3.582941    88.076    88.073  4 55691.27878534 37.273
 106 286.879007  -3.580504    87.629    87.647  4 55701.19442045 33.791
 107 286.879923  -3.578830    86.889    86.843  5 55711.11006057 43.945
 108 286.877388  -3.579966    86.032    85.988  4 55721.02570986 33.744
 109 286.876009  -3.584289    86.631    85.551  4 55730.94135793 31.504
 110 286.874348  -3.583533    87.756    87.792  4 55740.85700389 30.617
 111 286.874378  -3.583882    86.088    84.856  4 55750.77264919 30.109
 112 286.875506  -3.583452    86.569    84.632  3 55760.68829223 28.466
 113 286.876091  -3.581229    88.128    88.686  4 55770.60393200 28.713
 114 286.877188  -3.581658    86.629    87.603  5 55780.51956899 29.308
 115 286.878031  -3.580051    82.279    82.300  4 55790.43520272 32.929
 116 286.880188  -3.578588    78.058    77.938  5 55800.35083517 31.607
 117 286.878998  -3.579192    88.776    90.057  4 55810.26648304 20.903
 118 286.878719  -3.579566    81.405    78.410  4 55820.18213140 27.950
 119 286.879413  -3.578924    79.925    79.933  4 55830.09777504 45.046
 120 286.879914  -3.578244    90.469    90.542  4 55840.01341416 19.969
 121 286.880031  -3.578702    82.950    82.227  4 55849.92905067 24.384
 122 286.880619  -3.578118    86.907    86.963  4 55859.84468536 19.867
 123 286.879084  -3.580919    90.326    90.402  4 55869.76033641 18.895
 124 286.877787  -3.580114    90.544    90.596  4 55879.67598773 21.923
 125 286.877793  -3.579795    88.847    90.498  4 55889.59163262 24.998
 126 286.878183  -3.579488    84.895    83.048  4 55899.50727170 27.036
 127 286.879724  -3.579606    83.207    83.196  4 55909.42290595 39.444
 128 286.876399  -3.581086    87.720    87.742  4 55919.33855698 29.806
 129 286.875221  -3.583939    86.496    86.173  3 55929.25421011 28.534
 130 286.875136  -3.583844    86.403    86.399  4 55939.16985898 32.932
 131 286.875211  -3.584126    86.842    86.851  4 55949.08550312 39.016
 132 286.875187  -3.585143    87.240    86.308  4 55959.00114301 31.172
 133 286.874512  -3.583550    88.230    88.204  4 55968.91678021 30.162
 134 286.876194  -3.584091    87.789    86.905  4 55978.83241741 32.285
 135 286.878201  -3.580163    88.563    88.488  4 55988.74805319 29.289
 136 286.879881  -3.579406    87.430    87.406  4 55998.66369521 31.055
 137 286.877780  -3.579843    87.928    87.910  4 56008.57934674 33.281
 138 286.876349  -3.583146    88.769    88.796  4 56018.49499462 36.025
 139 286.873867  -3.584160    89.383    89.376  4 56028.41063869 45.786
 140 286.873106  -3.585608    89.358    89.333  4 56038.32628094 35.672
 141 286.874465  -3.584459    89.158    89.104  3 56048.24192068 34.147
 142 286.876749  -3.581182    88.791    88.705  4 56058.15755721 34.250
 143 286.880826  -3.578723    88.328    88.316  4 56068.07318968 33.127
 144 286.878361  -3.580698    87.434    87.422  4 56077.98884003 33.053
 145 286.876016  -3.584450    87.300    86.235  4 56087.90448895 33.186
 146 286.874635  -3.585424    86.258    84.933  4 56097.82013509 30.021
 147 286.874655  -3.583784    85.239    84.813  4 56107.73577882 32.161
 148 286.876785  -3.583861    86.189    84.647  4 56117.65140875 30.956
 149 286.878157  -3.580386    87.399    86.451  5 56127.56704580 29.350
 150 286.879607  -3.579332    82.883    82.380  4 56137.48267958 36.914
 151 286.877896  -3.581764    82.504    82.445  4 56147.39832541 34.430
 152 286.875921  -3.582612    87.535    87.572  4 56157.31397423 28.533
 153 286.875629  -3.582849    84.337    84.098  4 56167.22962201 34.214
 154 286.876663  -3.583308    88.869    88.922  4 56177.14526733 25.945
 155 286.877673  -3.582171    90.650    90.715  4 56187.06090758 21.324
 156 286.878042  -3.580938    79.210    77.719  4 56196.97654419 31.249
 157 286.878382  -3.579495    89.194    90.793  4 56206.89217811 22.692
 158 286.879772  -3.577971    88.989    90.567  4 56216.80781089 22.853
 159 286.880580  -3.577918    88.308    87.453  5 56226.72345308 24.320
 160 286.879105  -3.579462    85.206    82.690  5 56236.63910866 27.282
 161 286.877516  -3.580602    84.614    83.573  4 56246.55476029 26.632
 162 286.876328  -3.582329    86.412    86.439  4 56256.47040695 27.030
 163 286.875719  -3.584001    84.542    82.536  4 56266.38604975 30.063
 164 286.875428  -3.583710    89.953    90.324  4 56276.30169031 23.317
 165 286.875114  -3.583956    87.601    88.631  3 56286.21733693 25.084
 166 286.874789  -3.584119    87.055    85.966  4 56296.13298678 29.298
 167 286.874281  -3.584116    87.090    87.081  4 56306.04863249 50.305
 168 286.874056  -3.586124    87.303    86.807  4 56315.96427557 29.135
 169 286.873031  -3.585254    87.504    86.601  4 56325.87991653 30.740
 170 286.873934  -3.584583    87.895    87.620  4 56335.79555701 30.816
 171 286.876185  -3.582901    88.578    88.482  4 56345.71119630 29.436
 172 286.878566  -3.580176    88.625    88.400  5 56355.62683303 30.794
 173 286.877251  -3.580888    87.795    87.856  4 56365.54247988 33.091
 174 286.874518  -3.583176    88.563    88.083  4 56375.45812929 38.167
 176 286.872637  -3.587701    88.235    88.255  4 56395.28941940 36.321
 177 286.873321  -3.585030    88.354    88.234  4 56405.20506017 36.223
 178 286.876034  -3.583981    88.726    88.185  4 56415.12069818 33.972
 179 286.878919  -3.579623    87.025    87.039  4 56425.03633072 36.108
 180 286.877374  -3.580000    88.056    87.919  4 56434.95197772 29.312
 181 286.874947  -3.585453    87.149    86.167  4 56444.86763045 30.739
 182 286.872565  -3.585890    86.439    85.621  4 56454.78327986 31.365
 183 286.872533  -3.587349    85.675    85.679  4 56464.69892696 30.670
 184 286.873465  -3.586881    85.178    85.186  4 56474.61457017 30.453
 185 286.874490  -3.584426    87.414    86.875  3 56484.53020955 25.875
 186 286.875739  -3.583455    84.270    84.274  3 56494.44584592 48.416
 187 286.877568  -3.581960    85.852    84.468  4 56504.36147994 31.034
 188 286.880538  -3.578033    86.335    86.371  4 56514.27711180 25.546
 189 286.879836  -3.578941    86.157    86.523  4 56524.19276270 28.406
 190 286.878305  -3.579477    82.086    82.119  4 56534.10841352 42.610
 192 286.875629  -3.584035    86.185    84.690  4 56553.93970554 28.481
 193 286.874511  -3.583555    87.519    87.494  4 56563.85534805 30.426
 194 286.875263  -3.583775    87.601    87.490  4 56573.77098984 28.941
 195 286.876843  -3.581197    87.867    87.944  4 56583.68662889 26.734
 196 286.880408  -3.578864    85.798    84.644  4 56593.60226362 25.451
 197 286.877805  -3.581033    87.122    86.658  5 56603.51791720 26.474
 198 286.875406  -3.582588    84.217    82.060  4 56613.43356646 44.217
 199 286.874623  -3.583318    87.724    87.739  4 56623.34921137 28.737
 200 286.875211  -3.583932    83.565    83.509  3 56633.26485335 42.177
 201 286.877454  -3.581846    84.551    84.557  4 56643.18049012 32.251
 202 286.876475  -3.583435    84.411    84.368  4 56653.09614125 31.998
 203 286.875222  -3.585279    84.167    84.197  4 56663.01179061 30.774
 204 286.873419  -3.584877    86.665    85.602  4 56672.92743696 29.274
 205 286.873192  -3.586644    86.678    85.912  4 56682.84308273 27.843
 206 286.873690  -3.585069    87.639    87.595  4 56692.75872597 27.673
 207 286.876383  -3.583901    86.821    85.480  4 56702.67436546 25.736
 208 286.878605  -3.580278    88.492    88.967  5 56712.58999927 25.404
 210 286.873229  -3.587083    87.086    87.037  4 56732.42129919 35.456
 211 286.871534  -3.588484    87.544    87.455  4 56742.33694689 45.800
 212 286.872205  -3.587070    87.609    87.576  3 56752.25258966 33.677
 213 286.875204  -3.584222    87.943    87.960  4 56762.16822694 49.791
 214 286.878831  -3.579727    88.082    88.077  4 56772.08385706 38.846
 215 286.875078  -3.583503    88.568    88.061  4 56781.99951413 34.176
 216 286.871852  -3.587475    87.872    87.923  3 56791.91516878 32.264
 217 286.869325  -3.589842    88.227    87.901  3 56801.83082044 31.514
 218 286.869794  -3.589399    88.090    87.317  3 56811.74646460 28.965
 219 286.871248  -3.587063    86.852    86.801  4 56821.66210439 34.179
 221 286.877010  -3.583482    86.553    85.137  4 56841.49337260 30.653
 222 286.878035  -3.581701    84.259    84.230  4 56851.40900967 44.400
 223 286.875376  -3.583812    87.683    87.635  4 56861.32466380 27.831
 224 286.873727  -3.584227    84.015    82.321  4 56871.24031688 36.446
 225 286.873679  -3.585967    81.470    81.470  4 56881.15596739 38.826
 226 286.872998  -3.586229    83.583    84.078  3 56891.07161391 27.465
 227 286.871892  -3.588046    87.121    86.775  4 56900.98725783 24.554
 228 286.870024  -3.588122    89.134    90.478  4 56910.90289955 23.157
 229 286.870548  -3.587512    89.215    90.478  4 56920.81854008 22.478
 230 286.873498  -3.585682    88.203    90.028  3 56930.73417867 22.699
 231 286.877274  -3.581315    87.523    87.583  4 56940.64981201 26.155
 232 286.879175  -3.579869    87.030    85.230  5 56950.56545153 24.699
 233 286.876195  -3.582865    87.386    87.320  4 56960.48110406 27.757
 234 286.873903  -3.585131    83.013    82.506  3 56970.39675127 30.135
 235 286.873939  -3.585206    83.640    83.500  3 56980.31239410 37.589
 236 286.875687  -3.581867    83.596    83.582  4 56990.22803177 39.761
 237 286.880367  -3.579275    84.818    84.815  4 57000.14366347 27.750
 238 286.877935  -3.580901    89.154    90.412  4 57010.05931791 25.641
 239 286.875807  -3.584135    87.958    87.862  4 57019.97497046 27.522
 240 286.873601  -3.585064    87.044    86.049  4 57029.89061988 30.752
 241 286.873079  -3.586447    86.236    86.233  4 57039.80626808 30.271
 242 286.873382  -3.585300    87.364    86.539  4 57049.72191378 30.206
 243 286.875091  -3.583402    88.061    87.274  4 57059.63755547 33.493
 244 286.877137  -3.581970    87.634    87.604  4 57069.55319155 33.336
 245 286.878386  -3.580210    87.631    87.533  5 57079.46882307 34.586
 246 286.878273  -3.580195    88.151    88.017  4 57089.38446091 48.677
 247 286.874690  -3.584295    87.929    87.948  3 57099.30011942 35.520
 248 286.873684  -3.586796    88.385    88.331  4 57109.21577465 37.318
 249 286.874080  -3.585330    88.881    88.879  4 57119.13142373 42.075
 250 286.874683  -3.585081    88.932    88.924  4 57129.04706710 34.258
 251 286.874736  -3.584178    88.929    88.899  3 57138.96270483 34.088
 252 286.875784  -3.583363    88.940    89.033  3 57148.87833924 34.816
 253 286.878523  -3.580763    88.932    88.852  4 57158.79397090 34.264
 254 286.878068  -3.580635    88.630    88.556  5 57168.70962037 33.438
 255 286.876610  -3.583415    89.103    88.616  4 57178.62527704 34.583
 256 286.874786  -3.584758    87.979    88.025  4 57188.54092925 35.423
 257 286.873501  -3.586456    87.321    87.253  4 57198.45657745 34.194
 258 286.872353  -3.586054    86.680    86.683  4 57208.37221125 48.366
 259 286.873018  -3.586524    85.406    85.426  4 57218.28785533 32.552
 260 286.874495  -3.585488    84.813    84.791  4 57228.20349807 39.561
 261 286.875727  -3.582590    86.245    84.979  4 57238.11913823 31.116
 262 286.877189  -3.580591    88.947    90.269  4 57248.03477536 28.334
 263 286.878397  -3.579781    87.641    87.738  4 57257.95041029 24.423
 264 286.879351  -3.578554    87.249    86.788  4 57267.86604421 27.221
 265 286.878733  -3.580723    87.575    87.507  4 57277.78169268 25.166
 266 286.877192  -3.582330    88.975    90.425  4 57287.69734947 25.392
 267 286.875788  -3.582856    83.162    81.496  4 57297.61300326 27.103
 268 286.874947  -3.584208    88.858    90.324  4 57307.52865367 24.167
 269 286.873314  -3.586488    82.238    81.407  4 57317.44430042 33.528
 270 286.871637  -3.587431    90.966    91.281  3 57327.35994337 19.543
 271 286.872212  -3.587362    81.465    80.216  3 57337.27558403 33.329
 272 286.872439  -3.587111    82.983    82.988  3 57347.19123145 36.540
 273 286.873092  -3.586546    82.082    82.082  4 57357.10687792 35.189
 274 286.873468  -3.584710    85.599    84.509  4 57367.02252068 35.432
 275 286.874285  -3.584855    86.274    85.113  3 57376.93816096 26.635
 276 286.875349  -3.583755    87.784    87.737  4 57386.85379954 26.454
 277 286.877228  -3.581642    88.581    88.056  5 57396.76943751 26.889
 278 286.879817  -3.579005    87.729    86.444  5 57406.68507436 26.167
 279 286.878769  -3.581080    87.661    87.609  4 57416.60072623 23.467
 280 286.876597  -3.583728    87.804    87.760  4 57426.51637827 24.714
 281 286.873641  -3.585262    86.837    85.729  3 57436.43202694 28.223
 282 286.872499  -3.587585    87.097    86.289  4 57446.34767396 29.397
 283 286.872385  -3.587426    86.770    86.637  4 57456.26331944 47.897
 284 286.873620  -3.585056    87.162    86.602  4 57466.17896218 32.169
 285 286.876347  -3.582449    87.062    87.086  4 57476.09460109 33.742
 286 286.878455  -3.580782    87.383    87.391  4 57486.01023678 35.675
 287 286.879628  -3.579201    87.718    87.686  4 57495.92587006 34.880
 288 286.880435  -3.577035    87.577    87.572  4 57505.84150433 32.829
 289 286.877567  -3.581785    87.786    86.994  4 57515.75716160 29.387
 290 286.876040  -3.583187    88.216    88.083  4 57525.67281590 27.101
 291 286.874893  -3.582769    88.995    89.928  4 57535.58846743 29.322
 292 286.874042  -3.584340    87.825    87.735  4 57545.50411649 32.248
 293 286.873350  -3.586207    85.296    85.262  3 57555.41976332 30.054
 294 286.872997  -3.586074    84.476    84.541  3 57565.33540803 47.311
 295 286.873495  -3.585391    84.371    84.254  4 57575.25105187 45.392
 296 286.874767  -3.585631    83.532    83.516  4 57585.16669516 38.688
 297 286.875224  -3.583863    81.357    81.350  4 57595.08233588 36.935
