#    1.042  -0.519   4.818 ;Mean Elev.(m), Avg Gradient(m/km), RMS Gradient(m/km) - SRTM1     
#   -0.960  -0.432   5.281 ;Mean Elev.(m), Avg Gradient(m/km), RMS Gradient(m/km) - ASTER GDEM
#    1.145  -0.534   5.132 ;Mean Elev.(m), Avg Gradient(m/km), RMS Gradient(m/km) - GMTED2010 
   1 306.142136  -1.960916     6.078     6.486 18 54660.98845451 28.033
   2 306.139270  -1.959457     5.835     5.976 29 54670.90409892 27.094
   3 306.138132  -1.959965    -2.409    -1.917 30 54680.81974252 21.254
   4 306.139447  -1.959516     5.940     5.939 29 54690.73538525 21.977
   5 306.142617  -1.958342    -0.182     0.175 30 54700.65102592 23.435
   6 306.143378  -1.957961     5.675     5.633 29 54710.56667221 23.858
   7 306.140690  -1.958816     4.740     5.065 30 54720.48232369 20.497
   8 306.136732  -1.959899     4.684     4.714 30 54730.39797235 23.891
   9 306.133982  -1.961940     4.102     4.039 30 54740.31361951 22.942
  10 306.132961  -1.962344     3.594     3.368 30 54750.22926623 23.512
  11 306.133055  -1.961891     3.323     3.172 30 54760.14491260 23.048
  12 306.134521  -1.962063     3.681     3.489 29 54770.06055683 19.572
  13 306.140060  -1.972858     3.399     3.451 20 54779.97620033 24.587
  14 306.137194  -1.961036     4.077     4.014 30 54789.89183614 19.776
  15 306.137897  -1.960137     3.961     3.964 29 54799.80747377 19.118
  16 306.139519  -1.959752     4.177     4.101 30 54809.72311197 21.240
  17 306.141679  -1.958370     4.371     4.326 29 54819.63875084 19.195
  18 306.140043  -1.958736     4.534     4.518 29 54829.55440373 28.134
  19 306.137300  -1.960141     4.782     4.783 29 54839.47004322 21.968
  20 306.133459  -1.961193     4.060     4.493 30 54849.38569262 27.605
  21 306.131463  -1.963524     4.627     4.925 30 54859.30134170 25.702
  22 306.130671  -1.963823     5.052     5.146 30 54869.21699038 25.697
  23 306.131429  -1.963334     5.129     5.343 29 54879.13263789 24.888
  24 306.132994  -1.962586     5.930     6.187 29 54889.04828221 29.407
  25 306.132940  -1.962698     6.090     6.298 29 54898.96392333 29.642
  26 306.131372  -1.962363     6.245     6.510 30 54908.87956205 28.181
  27 306.131293  -1.962911     6.458     6.644 30 54918.79520004 29.216
  28 306.132885  -1.961412     6.425     6.741 30 54928.71083776 28.352
  29 306.136711  -1.960968     6.722     6.995 30 54938.62647519 28.665
  30 306.140239  -1.959128     6.946     7.310 29 54948.54211062 29.888
  31 306.142195  -1.957665     7.153     7.444 30 54958.45774733 35.379
  32 306.140118  -1.959022     6.353     7.275 30 54968.37339601 27.571
  33 306.138228  -1.959559     7.071     7.239 29 54978.28904312 30.787
  34 306.137091  -1.960059     7.108     7.442 30 54988.20469006 28.561
  35 306.136950  -1.960572     7.130     7.358 29 54998.12033714 31.433
  36 306.136673  -1.960247     6.804     7.167 29 55008.03598222 31.007
  37 306.136389  -1.960154     6.751     7.039 30 55017.95162542 32.231
  38 306.136108  -1.961684     6.610     6.760 30 55027.86726775 28.180
  39 306.135616  -1.961670     6.583     7.024 30 55037.78290947 28.107
  40 306.137015  -1.960769     6.423     6.734 29 55047.69855031 25.999
  41 306.140040  -1.959337     6.461     6.563 29 55057.61418936 27.034
  42 306.142402  -1.958042     6.235     6.311 30 55067.52982710 27.262
  43 306.139773  -1.959308     5.875     5.971 29 55077.44547759 25.623
  44 306.136005  -1.960648     5.734     5.780 29 55087.36112530 22.698
  45 306.133750  -1.962829     5.285     5.401 30 55097.27677149 24.477
  46 306.133218  -1.962562     4.799     4.738 29 55107.19241674 23.229
  47 306.134283  -1.961785     4.158     4.039 30 55117.10806135 25.134
  48 306.135523  -1.960811     3.951     3.718 30 55127.02370363 23.699
  49 306.136493  -1.961249     3.476     3.252 30 55136.93934398 24.038
  50 306.136889  -1.961047     3.759     3.578 30 55146.85498251 21.117
  51 306.137474  -1.959866     3.836     3.775 29 55156.77062052 19.926
  52 306.139268  -1.960262     3.267     3.166 30 55166.68625919 21.795
  53 306.140824  -1.958240     3.268     3.045 30 55176.60189709 20.577
  54 306.141701  -1.958934     3.472     3.420 30 55186.51754060 21.582
  55 306.138449  -1.959513     4.311     3.871 30 55196.43319201 23.400
  56 306.134978  -1.960477     4.216     4.212 30 55206.34884202 21.676
  57 306.133382  -1.962235     4.615     4.663 29 55216.26449152 22.801
  58 306.132784  -1.963117     5.075     5.002 30 55226.18014012 22.863
  59 306.132883  -1.962532     4.749     4.792 29 55236.09578602 24.370
  60 306.133602  -1.961638     4.645     4.958 30 55246.01142848 27.768
  61 306.133541  -1.962288     5.750     5.740 29 55255.92706860 33.591
  62 306.132539  -1.962212     5.336     5.349 30 55265.84270743 28.588
  63 306.132894  -1.962545     5.819     5.869 29 55275.75834591 28.573
  64 306.135062  -1.961176     5.974     5.991 29 55285.67398349 26.531
  65 306.138824  -1.959634     5.912     6.046 30 55295.58961924 32.897
  66 306.140589  -1.959409     6.324     6.481 30 55305.50525917 29.275
  67 306.138334  -1.959923     6.312     6.515 30 55315.42090644 28.835
  68 306.136861  -1.961416     7.055     7.060 30 55325.33655210 45.254
  69 306.135850  -1.960237     6.200     6.594 30 55335.25219572 30.583
  70 306.136420  -1.961065     6.386     6.598 30 55345.16783933 28.931
  71 306.137015  -1.961080     6.315     6.535 30 55355.08348177 29.277
  72 306.137408  -1.960672     6.213     6.364 29 55364.99912207 27.389
  73 306.137672  -1.959371     6.778     6.769 30 55374.91476068 34.226
  74 306.139137  -1.959502     6.214     6.198 29 55384.83039881 27.114
  75 306.140928  -1.959195     6.367     6.345 30 55394.74603621 27.209
  76 306.142885  -1.957808     6.205     6.164 30 55404.66167505 27.496
  77 306.141025  -1.958831     6.016     6.055 29 55414.57732681 31.741
  78 306.138972  -1.960068     4.893     5.326 30 55424.49297561 29.504
  79 306.136910  -1.960572     5.205     5.226 29 55434.40862148 25.232
  80 306.135001  -1.961188     4.445     4.476 30 55444.32426565 27.614
  81 306.134240  -1.961283     3.816     3.982 30 55454.23990842 27.439
  82 306.135800  -1.962202     4.351     4.210 30 55464.15555067 23.899
  83 306.137581  -1.959286     3.777     3.439 30 55474.07118962 24.687
  84 306.140125  -1.959163     3.409     2.988 30 55483.98682634 25.151
  85 306.141374  -1.958761     2.818     2.445 30 55493.90246095 28.243
  86 306.142257  -1.957149     2.888     2.733 30 55503.81809441 28.737
  87 306.140519  -1.958165     3.226     2.771 29 55513.73374307 26.374
  88 306.139346  -1.958787     3.628     3.459 29 55523.64939321 22.239
  89 306.138223  -1.959728     3.735     3.549 30 55533.56504181 20.895
  90 306.136426  -1.959742     3.493     3.348 30 55543.48068834 22.415
  91 306.135254  -1.961437     2.613     2.892 29 55553.39633320 27.560
  92 306.134039  -1.960881     3.091     3.128 30 55563.31197621 29.093
  93 306.135189  -1.960606     3.744     3.699 30 55573.22761864 21.431
  94 306.137546  -1.960957     3.853     3.900 30 55583.14325977 33.795
  95 306.139302  -1.959379     4.656     4.783 29 55593.05889707 31.068
  96 306.140855  -1.957980     5.343     5.324 29 55602.97453099 47.155
  97 306.142279  -1.957187     4.817     5.065 29 55612.89016317 27.647
  98 306.148059  -1.970245     5.707     5.665 19 55622.80580231 34.053
  99 306.140687  -1.959058     6.372     6.427 30 55632.72145267 46.694
 100 306.139388  -1.959515     5.787     5.961 29 55642.63710380 26.575
 101 306.138764  -1.959489     6.028     6.116 30 55652.55275203 27.472
 102 306.138221  -1.960282     6.180     6.347 30 55662.46839620 28.076
 103 306.136987  -1.960422     6.430     6.631 29 55672.38403687 27.796
 104 306.136873  -1.960755     6.549     6.732 29 55682.29967583 31.631
 105 306.138692  -1.959170     6.255     6.481 29 55692.21531275 25.088
 106 306.141821  -1.957360     7.570     7.585 30 55702.13094799 38.503
 107 306.143023  -1.957364     7.565     7.588 29 55712.04659006 36.280
 108 306.140633  -1.959108     6.784     7.064 30 55721.96223922 30.322
 109 306.138129  -1.960645     7.706     7.699 30 55731.87788644 47.918
 110 306.136778  -1.961019     6.768     6.737 30 55741.79353250 26.366
 111 306.136373  -1.959776     6.776     6.761 30 55751.70917726 27.103
 112 306.137926  -1.959574     6.758     6.731 29 55761.62482021 25.493
 113 306.139188  -1.958858     6.413     6.460 29 55771.54046019 26.766
 114 306.140048  -1.959182     6.261     6.219 30 55781.45609690 26.321
 115 306.141149  -1.958835     5.942     6.075 29 55791.37173062 27.824
 116 306.148053  -1.970213     5.670     5.631 20 55801.28736579 27.653
 117 306.142096  -1.958238     5.195     5.342 29 55811.20301228 25.512
 118 306.141662  -1.957661     3.978     4.375 30 55821.11866027 26.213
 119 306.142368  -1.957084     4.085     4.155 30 55831.03430362 22.674
 120 306.143776  -1.959039     3.981     4.108 28 55840.94994303 22.158
 121 306.144288  -1.960404     3.843     3.479 28 55850.86557945 24.089
 123 306.141280  -1.958163     3.537     3.390 30 55870.69686570 22.145
 124 306.140679  -1.958440     3.723     3.406 30 55880.61251681 21.626
 125 306.141167  -1.958842     3.911     3.821 30 55890.52816140 19.491
 126 306.141413  -1.957487     3.966     3.753 30 55900.44379974 19.266
 127 306.142934  -1.957484     4.012     3.939 30 55910.35943354 20.223
 128 306.138882  -1.959077     4.066     4.035 29 55920.27508653 22.693
 129 306.137270  -1.960355     4.032     4.065 29 55930.19073892 17.869
 130 306.137088  -1.959462     3.682     4.089 30 55940.10638712 23.974
 131 306.137524  -1.960305     4.776     4.916 30 55950.02203102 26.040
 132 306.137094  -1.960267     4.973     5.198 29 55959.93767055 26.723
 133 306.137011  -1.960583     5.653     5.826 29 55969.85330813 28.658
 134 306.138269  -1.959503     6.349     6.480 30 55979.76894478 33.330
 135 306.141683  -1.958791     6.010     6.233 30 55989.68458101 31.231
 136 306.142688  -1.957911     6.303     6.564 29 55999.60022464 32.655
 137 306.140595  -1.958634     6.490     6.807 30 56009.51587599 32.164
 138 306.138325  -1.959506     6.433     6.575 29 56019.43152311 31.803
 139 306.136439  -1.961569     5.838     6.022 30 56029.34716721 33.461
 140 306.135033  -1.960461     6.133     6.351 30 56039.26280854 33.227
 141 306.136772  -1.960428     6.601     6.838 29 56049.17844816 29.561
 142 306.139806  -1.959013     5.764     6.207 30 56059.09408483 34.099
 143 306.154471  -1.987037     7.611     7.620  6 56069.00972555 31.968
 144 306.141020  -1.958474     6.189     6.255 30 56078.92536918 32.356
 145 306.138051  -1.960039     6.498     7.052 29 56088.84101741 31.720
 146 306.136558  -1.960558     6.674     6.939 30 56098.75666324 30.264
 147 306.137294  -1.961269     6.378     6.619 30 56108.67230719 29.894
 148 306.138749  -1.959275     6.360     6.397 29 56118.58793626 31.673
 149 306.141410  -1.958947     6.033     6.096 30 56128.50357371 28.069
 150 306.142728  -1.957259     6.036     6.322 30 56138.41920716 29.269
 151 306.140060  -1.958651     5.806     5.910 29 56148.33485447 27.508
 152 306.138474  -1.960212     5.556     5.773 29 56158.25050333 28.163
 153 306.137915  -1.959153     5.356     5.513 30 56168.16615054 29.920
 154 306.139056  -1.959708     5.107     5.277 29 56178.08179532 25.174
 155 306.140033  -1.959009     5.091     5.065 29 56187.99743531 23.453
 156 306.140882  -1.959280     4.574     4.430 30 56197.91307214 24.446
 157 306.141674  -1.958139     4.542     4.336 29 56207.82870611 19.093
 158 306.151991  -1.980536     4.910     5.045 11 56217.74434444 24.517
 159 306.153619  -1.984820     4.686     4.419  8 56227.65998982 24.116
 160 306.142057  -1.958523     3.718     3.461 29 56237.57563836 18.539
 161 306.140314  -1.959648     3.157     3.026 30 56247.49128953 24.343
 162 306.138993  -1.960186     1.876     2.548 30 56257.40693553 20.227
 163 306.138294  -1.960619     3.183     3.252 30 56267.32257792 18.808
 164 306.138032  -1.959763    -3.763    -3.407 30 56277.23821824 27.584
 165 306.137142  -1.959823     3.871     3.804 30 56287.15386586 17.539
 166 306.136860  -1.960662     3.618     3.697 29 56297.06951530 19.851
 167 306.136313  -1.960611     3.826     4.230 30 56306.98516054 30.136
 168 306.135960  -1.961750     3.428     4.271 30 56316.90080334 27.834
 169 306.135230  -1.961181     3.885     4.296 30 56326.81644448 25.225
 170 306.136513  -1.961075     5.613     5.543 29 56336.73208511 25.305
 171 306.138698  -1.958799     5.008     5.418 30 56346.64772398 31.088
 172 306.146997  -1.972799    12.991     6.603 17 56356.56336423 30.912
 173 306.139818  -1.959374     5.888     6.094 29 56366.47900905 29.118
 176 306.134278  -1.961324     6.570     6.756 30 56396.22594696 31.455
 177 306.136155  -1.961474     6.617     6.699 30 56406.14158814 35.262
 178 306.138841  -1.960480     6.974     7.229 30 56416.05722564 33.798
 179 306.142308  -1.958311     6.891     7.116 30 56425.97285822 30.704
 180 306.139771  -1.958365     7.003     7.355 30 56435.88850714 30.707
 181 306.136483  -1.960487     6.870     6.993 30 56445.80415894 32.392
 182 306.134457  -1.960686     6.592     6.807 30 56455.71980826 32.737
 183 306.134428  -1.962053     6.422     6.481 30 56465.63545512 33.183
 184 306.135402  -1.962111     6.966     7.057 30 56475.55109800 32.497
 185 306.136817  -1.961124     6.157     6.444 30 56485.46673720 43.798
 186 306.138080  -1.959877     6.015     6.157 30 56495.38237317 29.874
 187 306.140261  -1.958616     5.995     5.865 29 56505.29800724 28.162
 189 306.142687  -1.957132     5.965     6.259 30 56525.12929243 29.320
 190 306.141267  -1.957947     5.756     5.807 30 56535.04494281 30.521
 192 306.137459  -1.960356     5.092     5.270 29 56554.87623356 24.217
 193 306.136559  -1.959703     4.891     4.839 30 56564.79187610 25.809
 194 306.137868  -1.960184     5.090     5.059 30 56574.70751799 22.648
 195 306.140400  -1.959182     4.917     4.821 30 56584.62315708 22.205
 196 306.149342  -1.973540     4.993     5.044 16 56594.53879673 23.654
 197 306.140255  -1.959036     4.392     4.291 29 56604.45444652 20.905
 198 306.137414  -1.959330     4.231     4.132 30 56614.37009494 19.766
 199 306.136857  -1.959749     4.123     4.111 30 56624.28573949 44.113
 200 306.137708  -1.959925     4.063     4.358 30 56634.20138112 23.867
 201 306.140605  -1.958710     4.703     4.697 29 56644.11701767 21.461
 202 306.138467  -1.959598     4.574     4.621 30 56654.03267021 22.407
 203 306.136737  -1.960487     3.571     4.202 29 56663.94831891 24.292
 204 306.135642  -1.961850     4.600     4.800 30 56673.86396535 25.631
 205 306.134855  -1.961349     4.604     5.040 29 56683.77961049 23.193
 206 306.135790  -1.960382     4.922     5.126 30 56693.69525376 31.116
 207 306.138685  -1.959146     5.784     5.824 29 56703.61089293 26.986
 208 306.141983  -1.958287     5.370     5.576 29 56713.52652689 28.906
 209 306.138551  -1.959721     5.808     6.127 30 56723.44217634 30.697
 210 306.134135  -1.960938     5.824     5.792 30 56733.35782715 33.473
 211 306.132701  -1.962485     5.949     5.874 30 56743.27347452 30.877
 212 306.134099  -1.961492     6.330     6.200 30 56753.18911707 32.491
 213 306.138047  -1.959968     7.069     7.266 30 56763.10475422 35.232
 214 306.141794  -1.957504     6.890     6.943 30 56773.02038623 32.754
 215 306.137364  -1.960869     6.997     7.086 30 56782.93604371 33.660
 216 306.133048  -1.962469     6.539     6.464 29 56792.85169738 31.519
 217 306.130439  -1.964105     6.633     6.936 30 56802.76734861 31.938
 218 306.131462  -1.963385     6.861     7.061 29 56812.68299203 31.347
 219 306.133605  -1.962194     6.932     7.259 30 56822.59863187 31.244
 220 306.136301  -1.960792     6.558     6.571 29 56832.51426748 30.888
 221 306.139424  -1.959465     6.543     6.644 29 56842.42989967 30.714
 222 306.140223  -1.959239     6.390     6.640 30 56852.34553910 31.656
 223 306.137543  -1.960684     6.259     6.329 30 56862.26119292 30.912
 224 306.135952  -1.960886     6.153     6.547 29 56872.17684586 29.212
 225 306.135262  -1.960733     5.991     6.253 30 56882.09249570 28.960
 226 306.134957  -1.961790     5.833     6.222 30 56892.00814223 29.373
 227 306.133391  -1.962301     6.122     6.063 29 56901.92378555 27.079
 228 306.131470  -1.962161     6.146     6.138 30 56911.83942702 28.448
 229 306.132203  -1.961872     5.656     5.598 30 56921.75506743 24.933
 230 306.135547  -1.960519     5.221     5.210 30 56931.67070586 24.778
 231 306.140505  -1.958599     5.013     5.001 30 56941.58633932 23.112
 232 306.142155  -1.958472     4.400     4.310 29 56951.50198146 24.816
 233 306.138561  -1.959804     4.304     4.205 30 56961.41763308 24.059
 234 306.135922  -1.961151     4.294     4.203 30 56971.33327960 26.101
 235 306.135654  -1.960126     4.110     3.980 30 56981.24892160 25.406
 236 306.138699  -1.959449     4.052     4.023 29 56991.16455935 26.407
 237 306.155804  -1.990497     4.526     4.511  3 57001.08019843 27.165
 238 306.140328  -1.958246     4.355     4.354 29 57010.99584748 21.277
 239 306.137733  -1.960292     4.805     4.824 30 57020.91149940 22.660
 240 306.135463  -1.960829     4.810     4.855 30 57030.82714849 23.779
 241 306.134736  -1.961079     4.747     4.753 30 57040.74279607 23.129
 242 306.135454  -1.960741     4.316     4.927 30 57050.65844168 26.621
 243 306.137711  -1.960278     4.777     4.935 29 57060.57408330 25.141
 244 306.139650  -1.958371     5.424     5.462 30 57070.48971894 25.610
 245 306.141426  -1.957563     5.991     5.949 30 57080.40535037 29.245
 246 306.141003  -1.958888     5.473     5.706 30 57090.32099110 29.699
 247 306.136427  -1.959983     5.380     5.449 30 57100.23664857 31.416
 248 306.135270  -1.961429     5.388     5.200 29 57110.15230315 31.886
 249 306.136336  -1.961384     5.790     5.644 30 57120.06795199 34.128
 250 306.137091  -1.961339     6.362     6.362 30 57129.98359495 34.899
 251 306.137198  -1.960091     6.000     5.774 29 57139.89923229 32.686
 252 306.138498  -1.959922     7.190     7.203 29 57149.81486669 35.580
 253 306.141590  -1.958073     6.620     6.745 30 57159.73049815 36.264
 254 306.140789  -1.959307     6.568     6.627 30 57169.64615031 35.684
 255 306.138468  -1.959293     6.365     6.245 29 57179.56180596 34.878
 256 306.136751  -1.960755     6.197     6.144 30 57189.47745789 33.633
 257 306.135003  -1.961068     6.088     6.143 30 57199.39310566 33.352
 258 306.134395  -1.961726     5.995     5.891 29 57209.30873960 32.568
 259 306.135107  -1.961711     6.265     6.760 29 57219.22438332 32.239
 260 306.136467  -1.960435     6.144     6.668 30 57229.14002571 30.104
 261 306.138512  -1.960282     6.197     6.334 30 57239.05566617 29.694
 262 306.140112  -1.958688     5.969     6.157 30 57248.97130327 28.887
 263 306.141720  -1.958353     6.291     6.456 29 57258.88693834 28.189
 264 306.143268  -1.958031     6.430     6.427 29 57268.80257248 27.072
 265 306.141213  -1.957898     6.054     6.076 29 57278.71822250 25.297
 266 306.139228  -1.958626     5.641     5.628 30 57288.63387873 26.506
 267 306.138113  -1.960234     5.414     5.425 30 57298.54953243 25.714
 268 306.136735  -1.959908     4.715     4.617 30 57308.46518211 26.049
 269 306.134838  -1.960878     4.009     3.935 30 57318.38082831 24.963
 270 306.133644  -1.962581     3.966     3.753 30 57328.29647128 23.039
 271 306.134203  -1.962205     3.732     3.534 29 57338.21211166 24.122
 272 306.134198  -1.962317     3.345     3.028 30 57348.12775983 24.827
 273 306.134795  -1.961317     3.133     3.166 30 57358.04340573 26.810
 274 306.135669  -1.960819     3.091     3.031 29 57367.95904849 26.353
 275 306.136482  -1.960932     3.197     3.073 30 57377.87468871 25.644
 276 306.137741  -1.959834     3.732     3.693 30 57387.79032738 24.752
 277 306.140025  -1.958101     3.756     3.710 30 57397.70596538 23.663
 278 306.146541  -1.966260     3.902     3.842 22 57407.62160446 26.705
 279 306.140963  -1.958167     4.011     3.955 30 57417.53725535 26.350
 280 306.138308  -1.960144     4.169     4.086 29 57427.45290692 26.640
 281 306.135460  -1.961269     4.199     4.116 29 57437.36855535 23.988
 282 306.133897  -1.960928     4.523     4.476 30 57447.28420177 24.308
 283 306.134288  -1.961340     4.909     4.815 30 57457.19984729 25.311
 284 306.136490  -1.961589     5.151     5.069 30 57467.11549024 25.481
 285 306.139074  -1.959505     5.399     5.444 29 57477.03112879 28.461
 286 306.141294  -1.958935     5.684     5.790 29 57486.94676436 27.410
 287 306.142903  -1.957827     5.518     5.843 30 57496.86239767 29.196
 288 306.153898  -1.985477     6.352     6.365  6 57506.77804145 30.583
 289 306.140240  -1.959458     6.115     6.176 30 57516.69369140 30.585
 290 306.138232  -1.959597     6.193     6.209 30 57526.60934510 29.752
 291 306.137255  -1.959959     6.025     6.033 30 57536.52499635 27.832
 292 306.135822  -1.960019     5.958     6.182 30 57546.44064469 28.234
 293 306.135010  -1.961410     6.340     6.332 29 57556.35629133 38.729
 294 306.134946  -1.961549     5.525     5.816 30 57566.27193619 27.993
 295 306.135746  -1.961038     5.984     6.150 30 57576.18758012 27.146
 296 306.136763  -1.960210     6.218     6.268 29 57586.10322294 31.698
 297 306.137564  -1.960014     5.822     6.007 30 57596.01886366 27.394
