# NaN NaN NaN ;Mean Elev.(m), Avg Gradient(m/km), RMS Gradient(m/km) - SRTM1     
# NaN NaN NaN ;Mean Elev.(m), Avg Gradient(m/km), RMS Gradient(m/km) - ASTER GDEM
#    3.246  -0.414   3.239 ;Mean Elev.(m), Avg Gradient(m/km), RMS Gradient(m/km) - GMTED2010 
   1 308.478601  -0.565263     2.137     2.130  9 54663.95501157 15.776
   2 308.477725  -0.567751     1.659     1.599 25 54673.87065640 23.994
   3 308.477101  -0.568691     1.554     1.548 25 54683.78629975 25.912
   4 308.478482  -0.568279     1.985     1.986 24 54693.70194189 24.577
   5 308.481152  -0.566227     3.418     3.362 23 54703.61758148 24.449
   6 308.480531  -0.566200     2.677     2.672 23 54713.53323165 25.207
   7 308.478589  -0.567884     1.652     1.898 25 54723.44888279 26.172
   8 308.475725  -0.571909     0.766     1.129 24 54733.36453180 33.870
   9 308.473083  -0.574612     0.314     0.587 23 54743.28017889 32.233
  10 308.472370  -0.575580     1.807     1.849 23 54753.19582529 21.517
  11 308.473101  -0.574696     2.351     2.344 24 54763.11147086 21.074
  12 308.474456  -0.573401     2.509     2.468 23 54773.02711386 21.368
  13 308.475492  -0.572568     0.981     1.284 23 54782.94275421 24.144
  14 308.475675  -0.569859     1.070     1.220 24 54792.85839205 30.558
  15 308.476621  -0.567684     1.023     0.885 25 54802.77402939 33.458
  16 308.478874  -0.567522     0.889     1.124 24 54812.68966726 28.535
  17 308.479747  -0.568015     1.783     1.732 24 54822.60531080 24.308
  18 308.477316  -0.568365     2.825     2.761 25 54832.52095168 26.084
  19 308.475440  -0.572505     2.228     2.484 23 54842.43660310 24.733
  20 308.472996  -0.574688     1.739     1.720 23 54852.35225264 21.685
  21 308.471349  -0.575810     1.422     1.419 24 54862.26790147 24.458
  22 308.470868  -0.576510     1.568     1.477 23 54872.18355004 25.695
  23 308.471270  -0.575535     1.649     1.758 23 54882.09919635 22.983
  24 308.472533  -0.575745     2.833     3.366 23 54892.01483960 27.622
  25 308.472176  -0.575016     3.424     3.588 23 54901.93047975 26.894
  26 308.471595  -0.575353     2.746     2.715 24 54911.84611875 20.536
  27 308.471979  -0.576334     2.206     2.008 23 54921.76175715 23.020
  28 308.473513  -0.574158     2.299     2.205 23 54931.67739452 20.167
  29 308.475971  -0.568989     1.452     1.924 24 54941.59302987 24.915
  30 308.479633  -0.567075     3.954     3.950 24 54951.50866424 26.261
  31 308.479635  -0.566399     3.510     3.544 24 54961.42430583 27.170
  32 308.477389  -0.567507     1.346     1.768 25 54971.33995451 30.586
  33 308.476278  -0.568456     2.130     2.257 25 54981.25560178 28.785
  34 308.476036  -0.569110     1.400     1.578 25 54991.17124859 29.704
  35 308.475700  -0.570046     2.100     2.127 24 55001.08689497 27.875
  36 308.475588  -0.572076     2.810     3.478 24 55011.00253982 31.457
  37 308.475072  -0.571682     3.081     3.336 23 55020.91818270 28.317
  38 308.475176  -0.572486     2.222     2.329 23 55030.83382503 23.811
  39 308.475364  -0.571838     2.213     2.142 23 55040.74946659 22.079
  40 308.476133  -0.567151     1.808     1.746 25 55050.66510617 24.415
  41 308.478978  -0.567152     1.961     1.901 24 55060.58074482 23.568
  42 308.479717  -0.567987     2.522     2.764 24 55070.49638669 26.116
  43 308.476664  -0.568238     3.482     3.412 25 55080.41203582 26.613
  44 308.474761  -0.572513     1.913     1.852 24 55090.32768382 26.118
  45 308.473106  -0.574233     1.050     1.428 23 55100.24333014 24.658
  46 308.472838  -0.574229     1.148     1.242 24 55110.15897560 26.233
  47 308.473835  -0.572743     0.895     1.043 23 55120.07461919 28.744
  48 308.475356  -0.572575     1.482     1.540 24 55129.99026050 23.869
  49 308.475503  -0.571772     1.988     2.503 24 55139.90589970 26.898
  50 308.475787  -0.572046     2.954     2.943 24 55149.82153841 23.572
  51 308.476005  -0.568139     0.853     1.150 26 55159.73717641 29.914
  52 308.478336  -0.567387     0.609     0.931 25 55169.65281506 30.961
  53 308.480543  -0.566500    -0.010     0.751 24 55179.56845256 30.706
  54 308.478716  -0.567042     2.268     2.188 24 55189.48409988 25.299
  55 308.475735  -0.570708     2.840     3.016 24 55199.39975138 32.885
  56 308.473788  -0.573811     2.515     3.064 24 55209.31540182 29.013
  57 308.473229  -0.574805     1.500     1.571 23 55219.23105123 23.103
  58 308.473018  -0.574817     1.769     1.888 23 55229.14669940 22.368
  59 308.473041  -0.574121     1.805     1.593 23 55239.06234427 21.304
  60 308.473062  -0.574755     1.842     2.406 23 55248.97798575 25.417
  61 308.472158  -0.574782     3.165     3.523 24 55258.89362488 27.949
  62 308.472058  -0.574486     3.520     3.519 23 55268.80926351 25.627
  63 308.473272  -0.574152     2.175     2.259 23 55278.72490222 26.013
  64 308.475499  -0.571791     1.622     1.821 24 55288.64053944 22.240
  65 308.478097  -0.567368     1.934     1.992 25 55298.55617388 37.319
  66 308.478202  -0.567483     1.241     1.426 24 55308.47181750 29.034
  67 308.476284  -0.569236     2.552     2.951 25 55318.38746406 31.075
  68 308.475164  -0.572139     2.534     2.782 24 55328.30310953 31.342
  69 308.474803  -0.572079     2.242     2.583 24 55338.21875356 28.173
  70 308.475597  -0.570964     0.447     1.451 24 55348.13439695 26.255
  71 308.476095  -0.568930     0.696     0.981 25 55358.05003830 30.371
  72 308.475969  -0.568217     1.465     1.380 25 55367.96567778 28.204
  73 308.476115  -0.568205     1.417     1.763 25 55377.88131611 30.383
  74 308.477332  -0.568204     2.436     2.914 24 55387.79695396 28.139
  75 308.479842  -0.567790     3.038     2.981 24 55397.71259115 25.723
  76 308.481312  -0.566926     1.726     1.869 23 55407.62823512 27.427
  77 308.479130  -0.566645     1.625     1.612 24 55417.54388607 27.801
  78 308.476753  -0.568848     0.797     1.310 25 55427.45953410 34.179
  79 308.475075  -0.572435     2.655     2.740 24 55437.37517955 25.033
  80 308.473800  -0.573341     2.809     3.337 24 55447.29082293 29.160
  81 308.474168  -0.573529     0.974     1.205 24 55457.20646575 30.762
  82 308.475600  -0.572566     0.834     1.039 23 55467.12210766 30.316
  83 308.477143  -0.569112     0.614     1.195 25 55477.03774584 32.085
  84 308.478893  -0.567231     0.037     0.837 24 55486.95338124 31.939
  85 308.480043  -0.566627     1.111     1.635 23 55496.86901488 25.943
  86 308.480384  -0.566558     2.992     3.030 23 55506.78465128 24.561
  87 308.477913  -0.567207     2.587     2.574 24 55516.70030209 24.032
  88 308.477282  -0.567809     0.869     1.185 24 55526.61595226 30.010
  89 308.476467  -0.568104     0.801     1.100 26 55536.53160038 30.777
  90 308.475582  -0.570352     0.497     0.798 24 55546.44724669 30.366
  91 308.474345  -0.573136     0.908     1.380 23 55556.36289106 31.606
  92 308.473461  -0.573297     1.673     2.117 24 55566.27853382 24.595
  93 308.474758  -0.572210     2.624     2.614 24 55576.19417564 23.343
  94 308.476050  -0.568062     1.674     1.931 25 55586.10981492 26.175
  95 308.479063  -0.568369     1.081     1.476 24 55596.02545199 28.523
  96 308.480156  -0.567007     0.772     1.161 24 55605.94108546 28.667
  97 308.481492  -0.567359     0.855     1.043 23 55615.85671752 30.275
  98 308.480530  -0.566783     2.221     2.217 23 55625.77235924 23.597
  99 308.478352  -0.567375     3.422     3.336 24 55635.68801174 25.386
 100 308.477591  -0.568140     3.479     3.451 25 55645.60366235 24.341
 101 308.476445  -0.567144     2.329     2.554 25 55655.51930978 27.893
 102 308.476226  -0.568745     0.567     1.434 25 55665.43495321 32.210
 103 308.475971  -0.570465     1.838     1.900 24 55675.35059339 32.653
 104 308.475857  -0.569533     1.734     2.247 25 55685.26623099 27.747
 105 308.477781  -0.568619     2.785     3.073 25 55695.18186740 37.329
 106 308.481204  -0.566831     2.618     2.732 24 55705.09750238 31.413
 107 308.481150  -0.567000     2.121     2.367 24 55715.01314947 27.725
 108 308.478707  -0.567727     1.372     1.704 25 55724.92879782 26.655
 109 308.475710  -0.567359     1.428     1.477 25 55734.84444420 32.344
 110 308.475643  -0.571971     2.318     2.295 23 55744.76009079 23.920
 111 308.475408  -0.571110     2.920     2.958 23 55754.67573485 22.814
 112 308.476744  -0.569032     3.162     3.114 25 55764.59137655 25.550
 113 308.478159  -0.567341     2.307     2.267 25 55774.50701556 27.765
 114 308.479241  -0.567986     0.709     1.108 24 55784.42265171 29.633
 115 308.480032  -0.567290     0.725     0.928 23 55794.33828497 29.836
 116 308.481406  -0.567559     0.996     1.186 23 55804.25392201 26.719
 117 308.480045  -0.566593     1.150     1.376 24 55814.16957074 28.099
 118 308.480430  -0.566949     0.771     1.527 24 55824.08521769 25.766
 119 308.481294  -0.567371     2.309     2.304 23 55834.00086003 24.440
 120 308.481703  -0.566966     0.875     1.398 23 55843.91649832 26.777
 121 308.481838  -0.565370     0.112     0.577 23 55853.83213367 29.580
 122 308.482658  -0.566512     0.172     0.717 22 55863.74777157 29.267
 123 308.479125  -0.567025     0.665     0.924 24 55873.66342554 26.819
 124 308.478716  -0.567730     2.815     2.801 25 55883.57907469 24.225
 125 308.478820  -0.566461     2.344     2.480 24 55893.49471725 28.052
 126 308.480717  -0.566847     1.000     1.354 23 55903.41035474 27.350
 127 308.481174  -0.566829     0.436     0.816 23 55913.32599284 30.063
 128 308.476642  -0.567369     0.597     1.084 25 55923.24164674 30.454
 129 308.475929  -0.571168     1.062     1.375 24 55933.15729849 30.207
 130 308.475730  -0.570682     2.478     2.853 24 55943.07294498 28.958
 131 308.475965  -0.569838     1.961     2.748 24 55952.98858709 28.030
 132 308.475912  -0.569423     2.070     2.207 24 55962.90422622 24.043
 133 308.476016  -0.569598     1.985     1.971 25 55972.81986386 37.350
 134 308.477363  -0.567803     1.836     1.835 24 55982.73550019 23.195
 135 308.481297  -0.566999     1.824     1.772 24 55992.65113529 23.118
 136 308.480665  -0.567301     2.146     2.363 23 56002.56678427 25.829
 137 308.478232  -0.568131     3.617     3.619 25 56012.48243438 27.147
 138 308.475984  -0.569749     2.693     3.084 24 56022.39808098 28.655
 139 308.474932  -0.572054     2.078     2.289 24 56032.31372472 26.195
 140 308.475543  -0.572613     1.614     1.787 23 56042.22936590 25.845
 141 308.476129  -0.568334     1.312     1.556 26 56052.14500343 37.104
 142 308.479119  -0.566861     1.139     1.348 24 56062.06063875 29.187
 143 308.481347  -0.567432     2.915     3.095 23 56071.97627812 27.359
 144 308.478442  -0.568300     2.744     2.893 24 56081.89192802 26.647
 145 308.476236  -0.569013     2.609     2.523 25 56091.80757562 23.870
 146 308.475610  -0.569379     2.061     2.011 24 56101.72322115 22.256
 147 308.475848  -0.568678     1.809     1.709 25 56111.63885242 23.242
 148 308.477542  -0.568198     2.308     2.256 24 56121.55449197 27.699
 149 308.479799  -0.567113     3.537     3.661 24 56131.47012771 27.326
 150 308.481113  -0.566507     2.445     3.059 23 56141.38576296 28.967
 151 308.477688  -0.567171     1.257     1.774 24 56151.30141343 27.185
 152 308.476376  -0.568093     1.002     1.452 25 56161.21706216 31.854
 153 308.476229  -0.566952     1.373     1.437 25 56171.13270871 29.100
 154 308.477727  -0.567658     1.024     1.193 24 56181.04835151 29.047
 155 308.478474  -0.567669     3.422     3.465 25 56190.96399026 26.107
 156 308.478843  -0.567675     2.303     2.913 24 56200.87962637 26.634
 157 308.480266  -0.566401     1.183     1.384 24 56210.79526039 26.417
 158 308.483615  -0.565814     0.121     0.655 23 56220.71089312 30.828
 159 308.481779  -0.565378    -0.499     0.771 23 56230.62654439 31.227
 160 308.479910  -0.567381     0.679     0.954 23 56240.54219816 27.478
 161 308.477490  -0.567955     2.971     2.920 24 56250.45784757 24.246
 162 308.476348  -0.568272     1.844     2.066 25 56260.37349215 28.226
 163 308.476043  -0.567395     1.010     1.512 25 56270.28913387 28.924
 164 308.477389  -0.568071     0.905     1.223 25 56280.20477413 30.760
 165 308.475946  -0.569282     0.771     0.998 25 56290.12042571 30.064
 166 308.475518  -0.571475     0.899     1.044 24 56300.03607405 28.955
 167 308.474988  -0.572186     1.966     2.368 24 56309.95171804 23.086
 168 308.474437  -0.571846     3.604     3.618 23 56319.86735976 23.958
 169 308.474994  -0.572901     3.138     3.132 23 56329.78300132 22.856
 170 308.475700  -0.569784     2.125     2.088 24 56339.69864149 25.459
 171 308.478257  -0.567503     1.819     1.744 25 56349.61427993 24.251
 172 308.480867  -0.566898     1.634     1.638 23 56359.52991705 31.325
 173 308.476749  -0.566959     2.638     2.611 25 56369.44556752 26.489
 175 308.473563  -0.574761     3.499     3.584 23 56389.27686179 25.996
 176 308.474302  -0.572914     1.979     2.230 23 56399.19250451 27.661
 177 308.475645  -0.568844     1.596     1.889 25 56409.10814413 31.522
 178 308.478643  -0.568121     1.339     1.817 24 56419.02378009 32.241
 179 308.481120  -0.567214     2.146     2.264 23 56428.93941365 25.698
 180 308.476079  -0.567125     3.936     3.988 25 56438.85506650 26.913
 181 308.474753  -0.572369     3.614     3.640 24 56448.77071846 25.556
 182 308.474313  -0.573041     2.526     2.518 23 56458.68636757 22.179
 183 308.474545  -0.573166     2.539     2.405 24 56468.60201344 22.106
 184 308.475059  -0.572582     1.669     1.939 24 56478.51765514 23.780
 185 308.475739  -0.571129     1.202     1.722 23 56488.43329276 29.888
 186 308.476911  -0.569036     3.298     3.384 25 56498.34892749 27.439
 187 308.479821  -0.567509     2.927     2.976 24 56508.26456102 25.322
 188 308.482625  -0.566575     0.511     0.665 23 56518.18019923 27.472
 189 308.481007  -0.567257     1.475     1.921 24 56528.09585273 25.584
 190 308.479672  -0.567563     1.198     1.343 24 56538.01150196 27.795
 191 308.477554  -0.568220     1.155     1.210 24 56547.92714726 29.491
 192 308.475911  -0.570776     1.739     2.349 24 56557.84279067 26.234
 193 308.475742  -0.571921     3.278     3.342 23 56567.75843337 23.128
 194 308.476201  -0.567955     2.585     2.599 25 56577.67407401 24.314
 195 308.480073  -0.567105     1.584     1.588 24 56587.58971218 27.938
 196 308.481441  -0.565767     0.632     0.971 23 56597.50535379 30.763
 197 308.477931  -0.567565     0.497     0.867 25 56607.42100588 31.221
 198 308.475872  -0.570413     2.193     2.218 24 56617.33665318 23.216
 199 308.475539  -0.571001     2.520     2.882 24 56627.25229659 28.573
 200 308.476753  -0.569085     1.042     1.788 25 56637.16793665 28.645
 201 308.478752  -0.567550     0.751     1.071 25 56647.08357793 28.380
 202 308.476803  -0.568972     1.153     1.313 25 56656.99922992 28.563
 203 308.475465  -0.571782     0.773     0.972 23 56666.91487801 31.503
 204 308.474203  -0.572516     2.108     2.127 23 56676.83052343 20.718
 205 308.474462  -0.573206     3.220     3.411 23 56686.74616809 25.122
 206 308.475674  -0.571431     0.628     1.669 24 56696.66181044 30.061
 207 308.477788  -0.567229     2.309     2.414 24 56706.57744783 24.806
 208 308.480825  -0.567132     1.510     1.901 24 56716.49308276 27.707
 209 308.476159  -0.569414     1.395     1.530 25 56726.40873654 26.824
 210 308.473232  -0.573734     2.545     2.546 23 56736.32438656 22.581
 211 308.471997  -0.574461     3.508     3.491 23 56746.24003229 24.539
 212 308.473992  -0.572470     3.203     3.260 23 56756.15567325 25.712
 213 308.477652  -0.567723     2.232     2.817 25 56766.07130797 26.227
 214 308.479138  -0.566653     2.160     2.569 24 56775.98694805 28.047
 215 308.475611  -0.571805     1.742     2.018 24 56785.90260496 23.122
 216 308.471782  -0.575338     2.057     2.204 23 56795.81825813 27.606
 217 308.470101  -0.577440     2.695     2.672 23 56805.73390705 18.424
 218 308.471674  -0.576234     3.678     3.697 23 56815.64954910 23.665
 219 308.473941  -0.573452     2.407     3.114 23 56825.56518744 28.281
 220 308.475921  -0.569221     3.105     3.101 24 56835.48082181 31.372
 221 308.478510  -0.566678     0.664     1.083 24 56845.39645312 36.416
 222 308.477500  -0.568013     0.595     0.913 25 56855.31209969 35.697
 223 308.475530  -0.569947     1.084     1.524 24 56865.22775297 26.479
 224 308.474740  -0.571887     2.425     2.659 23 56875.14340538 27.374
 225 308.474294  -0.572896     2.515     3.007 24 56885.05905447 30.507
 226 308.473712  -0.573108     1.885     2.596 24 56894.97470042 24.048
 227 308.472922  -0.574519     1.041     1.291 24 56904.89034355 27.591
 228 308.472073  -0.575566     1.600     1.532 23 56914.80598483 25.040
 229 308.472994  -0.574852     1.750     1.664 23 56924.72162438 21.906
 230 308.475637  -0.571320     3.190     3.231 24 56934.63726090 22.481
 231 308.480133  -0.566713     2.911     3.029 23 56944.55289218 24.164
 232 308.479542  -0.567200     1.486     1.774 23 56954.46854164 28.268
 233 308.476369  -0.568136     1.032     1.351 26 56964.38419174 32.652
 234 308.475202  -0.571947     0.809     1.119 24 56974.29983768 29.125
 235 308.475666  -0.572284     1.161     1.216 23 56984.21547850 26.149
 236 308.478056  -0.568012     1.046     1.759 24 56994.13111338 25.222
 237 308.481001  -0.565907     2.504     2.634 23 57004.04675158 25.779
 238 308.477927  -0.567253     1.213     1.999 25 57013.96240742 26.478
 239 308.475636  -0.569826     1.844     1.867 24 57023.87805880 23.297
 240 308.474514  -0.572413     0.951     1.064 24 57033.79370815 28.668
 241 308.474280  -0.571989     1.105     1.031 23 57043.70935478 28.300
 242 308.475587  -0.572226     1.207     1.289 24 57053.62499924 26.728
 243 308.476207  -0.568096     3.284     3.343 26 57063.54063815 25.970
 244 308.478197  -0.567506     2.894     2.801 25 57073.45627282 29.653
 245 308.480737  -0.566528     1.362     1.943 23 57083.37190356 28.647
 246 308.478232  -0.567270     1.247     1.357 24 57093.28755282 28.003
 247 308.475618  -0.571626     0.736     1.235 23 57103.20321023 35.264
 248 308.474681  -0.572755     1.648     1.650 23 57113.11886310 24.367
 249 308.475258  -0.572299     3.268     3.553 23 57123.03450971 27.418
 250 308.475583  -0.571358     3.477     3.819 24 57132.95015077 28.797
 251 308.475997  -0.568187     2.454     2.628 25 57142.86578682 25.383
 252 308.478002  -0.567581     1.663     2.105 24 57152.78142090 27.383
 253 308.481154  -0.566575     2.122     2.087 23 57162.69705394 22.819
 254 308.477767  -0.567026     2.139     2.124 24 57172.61271116 25.142
 255 308.475865  -0.568093     3.536     3.717 25 57182.52836558 36.383
 256 308.475228  -0.571705     3.306     3.609 24 57192.44401670 29.681
 257 308.474147  -0.573110     1.278     1.828 23 57202.35966439 25.466
 258 308.473601  -0.572606     1.359     1.783 23 57212.27529792 26.798
 259 308.475000  -0.572471     1.896     1.880 24 57222.19094126 23.215
 260 308.476067  -0.569798     1.296     1.408 25 57232.10658248 31.392
 261 308.477362  -0.568623     1.403     2.121 25 57242.02222139 28.359
 262 308.478843  -0.568370     3.074     3.236 24 57251.93785800 28.516
 263 308.480301  -0.567246     2.547     2.718 24 57261.85349285 26.329
 264 308.482646  -0.566289     2.379     2.352 23 57271.76912698 22.409
 265 308.479411  -0.566542     1.096     1.535 24 57281.68478399 28.721
 266 308.477694  -0.568169     1.038     1.210 24 57291.60043957 30.477
 267 308.476007  -0.569280     1.660     1.632 25 57301.51609188 24.619
 268 308.474978  -0.571489     3.295     3.285 23 57311.43174075 22.684
 269 308.473770  -0.573453     1.372     1.647 23 57321.34738605 25.703
 270 308.473349  -0.574065     1.350     1.432 24 57331.26302850 25.010
 271 308.474704  -0.573420     0.581     0.982 23 57341.17866860 30.659
 272 308.473848  -0.574119     0.571     1.035 23 57351.09431927 29.528
 273 308.474374  -0.572970     0.719     1.015 24 57361.00996363 28.317
 274 308.475012  -0.572036     1.543     2.137 24 57370.92560497 27.061
 275 308.475843  -0.571948     3.095     3.037 24 57380.84124469 23.267
 276 308.476164  -0.566957     1.078     1.394 25 57390.75688280 28.816
 277 308.479953  -0.567564     0.604     1.100 24 57400.67252154 31.334
 278 308.481689  -0.565738     0.593     1.001 23 57410.58816211 29.717
 279 308.478945  -0.567867     1.116     1.100 24 57420.50381520 29.840
 280 308.475558  -0.570053     3.807     3.798 24 57430.41946555 25.218
 281 308.473793  -0.573231     3.438     3.441 24 57440.33511393 24.748
 282 308.473445  -0.572804     1.221     1.511 23 57450.25076043 23.336
 283 308.474826  -0.573092     0.981     1.134 24 57460.16640559 28.654
 284 308.476406  -0.569939     1.159     1.541 25 57470.08204665 29.261
 285 308.477870  -0.567019     0.991     1.268 24 57479.99768371 31.340
 286 308.479727  -0.567930     2.977     3.258 24 57489.91331855 27.920
 287 308.481224  -0.565467     3.476     3.616 23 57499.82895092 26.291
 288 308.481223  -0.566636     2.818     2.758 24 57509.74459588 24.207
 289 308.478246  -0.568060     2.506     2.505 25 57519.66025199 26.702
 290 308.476132  -0.567498     1.819     1.818 25 57529.57590511 25.260
 291 308.475823  -0.570527     1.539     1.490 24 57539.49155589 35.327
 292 308.475293  -0.573162     0.807     1.158 23 57549.40720371 33.096
 293 308.474257  -0.573614     3.177     3.234 23 57559.32284936 28.317
 294 308.474088  -0.572941     2.126     2.406 24 57569.23849394 27.398
 295 308.475377  -0.572514     0.987     1.625 23 57579.15413813 25.437
 296 308.476340  -0.569748     1.005     1.456 25 57589.06978018 30.033
 297 308.476451  -0.567870     0.962     1.367 25 57598.98541972 32.156
