#   29.611  -0.243   3.061 ;Mean Elev.(m), Avg Gradient(m/km), RMS Gradient(m/km) - SRTM1     
#   31.991  -0.581   2.724 ;Mean Elev.(m), Avg Gradient(m/km), RMS Gradient(m/km) - ASTER GDEM
#   31.549  -0.236   3.066 ;Mean Elev.(m), Avg Gradient(m/km), RMS Gradient(m/km) - GMTED2010 
   1 294.618804  -2.521953    38.792    38.807  6 54665.47676880 26.295
   2 294.617959  -2.520587    37.729    37.746  7 54675.39241339 48.236
   3 294.617873  -2.520147     9.791    14.300  6 54685.30805627 20.914
   4 294.619202  -2.522097    35.835    35.762  7 54695.22369723 36.276
   5 294.620373  -2.528179    14.277    14.737  8 54705.13933486 18.579
   6 294.620458  -2.523196    33.237    32.582  7 54715.05498743 37.159
   7 294.618557  -2.521173    14.312    14.312  7 54724.97063781 24.259
   8 294.616145  -2.516542    37.608    37.529  6 54734.88628697 22.997
   9 294.613557  -2.514167    34.319    34.531  7 54744.80193484 34.216
  10 294.612939  -2.512242    32.833    32.812  7 54754.71758245 48.585
  11 294.613046  -2.514265    33.664    33.365  6 54764.63322832 35.642
  12 294.614292  -2.514930    34.142    34.200  7 54774.54887171 49.900
  13 294.614887  -2.515756    35.815    35.409  7 54784.46451227 28.512
  14 294.615565  -2.516479    34.627    34.822  6 54794.38015078 36.603
  15 294.617234  -2.518193    35.815    35.758  6 54804.29578807 28.201
  16 294.619209  -2.521381    36.858    36.837  7 54814.21142461 28.796
  17 294.619077  -2.522299    36.907    36.984  7 54824.12706907 31.904
  18 294.617362  -2.518800    36.388    36.406  6 54834.04270952 34.758
  19 294.614732  -2.516117    37.003    36.596  6 54843.95835990 30.444
  20 294.613339  -2.512524    38.150    38.142  6 54853.87400987 30.819
  21 294.612150  -2.511770    39.298    39.300  7 54863.78965919 46.148
  22 294.612235  -2.509895    39.565    39.585  8 54873.70530867 30.288
  23 294.612092  -2.511354    39.951    40.003  7 54883.62095497 40.900
  24 294.612131  -2.511805    40.131    40.083  7 54893.53659791 39.085
  25 294.612301  -2.509830    40.780    40.768  7 54903.45223842 50.312
  26 294.612016  -2.510482    40.792    40.859  7 54913.36787672 30.730
  27 294.612213  -2.512557    41.370    41.393  7 54923.28351382 41.635
  28 294.614299  -2.514862    41.486    41.488  7 54933.19915023 40.454
  29 294.617299  -2.519290    41.686    41.631  6 54943.11478443 54.379
  30 294.620359  -2.523558    41.710    41.772  7 54953.03041682 44.870
  31 294.619674  -2.523550    41.866    41.867  6 54962.94606021 51.988
  32 294.618198  -2.519966    42.039    42.023  6 54972.86170931 55.955
  33 294.616970  -2.519458    42.192    42.174  6 54982.77735711 52.139
  34 294.617001  -2.519089    42.430    42.438  7 54992.69300473 50.875
  35 294.616774  -2.517939    42.460    42.423  7 55002.60865162 48.828
  36 294.615767  -2.517188    42.370    42.333  6 55012.52429628 52.034
  37 294.615320  -2.515761    42.079    42.091  6 55022.43993955 39.156
  38 294.614743  -2.516865    41.634    41.597  6 55032.35558124 40.068
  39 294.615938  -2.516951    41.132    41.101  7 55042.27122250 52.802
  40 294.618254  -2.519885    40.211    40.198  6 55052.18686172 43.784
  41 294.620125  -2.523109    38.909    38.948  6 55062.10249874 31.388
  42 294.619731  -2.521943    37.308    37.336  7 55072.01814210 33.361
  43 294.617108  -2.518990    36.266    36.221  7 55081.93379101 44.046
  44 294.614919  -2.515786    37.963    37.997  6 55091.84943876 28.580
  45 294.613620  -2.514277    33.110    32.637  6 55101.76508599 41.184
  46 294.613764  -2.513154    37.179    38.038  6 55111.68073292 22.922
  47 294.614495  -2.514301    33.255    32.989  6 55121.59637727 28.916
  48 294.614846  -2.516402    33.682    33.642  7 55131.51201846 39.426
  49 294.615360  -2.515342    33.395    33.310  6 55141.42765810 34.209
  50 294.614926  -2.516949    32.375    32.435  6 55151.34329613 43.761
  51 294.616712  -2.517290    31.905    31.949  6 55161.25893457 44.040
  52 294.618514  -2.521154    33.944    33.880  6 55171.17457191 48.967
  53 294.620583  -2.524463    35.906    35.860  7 55181.09020791 45.269
  54 294.619005  -2.520958    37.190    37.220  7 55191.00585745 49.952
  55 294.615967  -2.516920    37.677    37.636  7 55200.92150846 35.399
  56 294.613781  -2.514406    37.769    37.785  6 55210.83715884 37.595
  57 294.613502  -2.513010    37.549    37.513  6 55220.75280876 37.045
  58 294.613457  -2.512615    37.156    37.151  6 55230.66845746 39.014
  59 294.613345  -2.513930    37.786    37.769  6 55240.58410245 42.644
  60 294.612865  -2.512944    38.214    38.218  7 55250.49974410 35.683
  61 294.612479  -2.510427    38.258    38.283  7 55260.41538346 42.884
  62 294.612776  -2.510699    38.270    38.221  7 55270.33102115 49.242
  63 294.613980  -2.513709    38.339    38.291  6 55280.24665817 34.198
  64 294.616320  -2.517719    38.443    38.460  6 55290.16229385 34.493
  65 294.619412  -2.521498    39.083    39.121  7 55300.07792732 29.158
  66 294.618686  -2.521648    39.825    39.828  6 55309.99357222 48.872
  67 294.617167  -2.519362    40.034    39.978  6 55319.90921809 28.983
  68 294.615899  -2.516939    40.587    40.591  6 55329.82486323 50.263
  69 294.615258  -2.517194    40.733    40.778  6 55339.74050772 47.717
  70 294.615953  -2.518508    40.747    40.732  6 55349.65615182 41.598
  71 294.617209  -2.518833    40.653    40.677  7 55359.57179408 43.983
  72 294.616960  -2.519827    40.409    40.419  6 55369.48743369 53.421
  73 294.617256  -2.519177    39.582    39.606  6 55379.40307201 27.760
  74 294.618014  -2.520195    38.765    38.753  6 55389.31870911 54.448
  75 294.619941  -2.523373    37.521    37.532  6 55399.23434486 53.925
  76 294.620650  -2.525044    36.647    36.647  7 55409.14999041 45.447
  77 294.619867  -2.522376    34.879    34.816  6 55419.06564109 50.494
  78 294.617785  -2.519573    36.827    37.417  7 55428.98128849 30.123
  79 294.615759  -2.516022    31.547    30.759  6 55438.89693377 29.581
  80 294.614358  -2.515100    30.027    29.204  6 55448.81257750 41.737
  81 294.614772  -2.515247    29.260    29.281  7 55458.72822095 38.630
  82 294.615766  -2.517293    29.614    29.627  6 55468.64386331 28.853
  83 294.617326  -2.519288    28.502    28.529  7 55478.55950247 33.729
  84 294.618522  -2.521368    28.787    27.788  6 55488.47513845 29.646
  85 294.619627  -2.522337    29.285    29.310  6 55498.39077214 26.072
  86 294.619284  -2.522974    29.117    29.057  6 55508.30641053 32.250
  87 294.617871  -2.519931    31.798    31.217  6 55518.22206107 31.707
  88 294.617109  -2.519989    32.595    32.682  6 55528.13771012 48.303
  89 294.617018  -2.518666    32.934    32.931  6 55538.05335771 44.472
  90 294.616126  -2.517897    35.735    35.660  7 55547.96900308 21.998
  91 294.614954  -2.515471    33.367    33.083  7 55557.88464722 27.699
  92 294.614415  -2.514350    33.671    33.665  6 55567.80029047 37.454
  93 294.614951  -2.516326    33.877    33.855  6 55577.71593243 37.366
  94 294.616659  -2.518175    34.898    34.827  6 55587.63157237 45.733
  95 294.618598  -2.520693    36.058    36.411  7 55597.54720895 25.710
  96 294.619707  -2.522037    35.806    35.821  7 55607.46284267 30.609
  97 294.620349  -2.523980    36.699    36.706  6 55617.37847387 51.479
  98 294.619452  -2.522220    36.612    36.623  6 55627.29411855 33.385
  99 294.618148  -2.521116    37.117    37.191  6 55637.20976969 38.361
 100 294.618137  -2.519766    37.528    37.467  7 55647.12541896 33.217
 101 294.617650  -2.519336    38.186    38.197  6 55657.04106523 33.285
 102 294.616932  -2.519285    39.166    39.159  6 55666.95670729 43.476
 103 294.616660  -2.518682    39.663    39.705  6 55676.87234693 36.307
 104 294.617284  -2.519075    40.390    40.343  7 55686.78798479 50.819
 105 294.618878  -2.520854    40.711    40.703  6 55696.70362122 44.211
 106 294.621038  -2.525081    40.923    40.905  7 55706.61925592 32.790
 107 294.620029  -2.523571    41.291    41.295  6 55716.53490634 51.950
 108 294.618248  -2.521071    41.084    41.117  7 55726.45055515 32.718
 109 294.616700  -2.519077    41.173    41.189  7 55736.36620191 42.378
 110 294.615881  -2.517981    40.992    40.972  6 55746.28184715 34.691
 111 294.616090  -2.518330    40.366    40.387  6 55756.19749026 28.949
 112 294.617656  -2.519458    40.002    39.979  6 55766.11313089 56.057
 113 294.618930  -2.521463    39.372    39.374  6 55776.02876855 54.010
 114 294.619772  -2.522383    37.777    37.764  6 55785.94440378 41.432
 115 294.620493  -2.523925    35.857    35.852  7 55795.86003726 42.529
 116 294.620856  -2.523757    32.513    32.497  6 55805.77567785 43.792
 117 294.620044  -2.522931    35.897    36.448  6 55815.69132762 31.683
 118 294.620090  -2.522903    35.556    35.498  6 55825.60697454 26.878
 119 294.619949  -2.523824    31.590    31.155  7 55835.52261667 44.331
 120 294.620256  -2.523163    33.375    33.134  7 55845.43825547 37.945
 121 294.620926  -2.524228    33.783    33.730  6 55855.35389096 41.694
 122 294.620734  -2.525000    32.605    32.628  7 55865.26953118 39.483
 123 294.618826  -2.522374    31.532    31.586  7 55875.18518432 35.118
 124 294.618810  -2.521049    32.392    32.422  6 55885.10083165 30.394
 125 294.619057  -2.522108    35.211    34.670  7 55895.01647280 20.821
 126 294.620643  -2.523351    35.026    34.982  6 55904.93210894 21.783
 127 294.620330  -2.523109    35.527    35.537  6 55914.84775060 32.195
 128 294.617521  -2.519050    37.430    37.026  6 55924.76340561 29.583
 129 294.616082  -2.517191    38.695    38.654  6 55934.67905713 29.396
 130 294.615423  -2.517191    39.004    39.043  6 55944.59470361 38.028
 131 294.615784  -2.516363    39.771    39.796  6 55954.51034581 33.150
 132 294.616010  -2.516312    39.948    39.888  6 55964.42598472 40.754
 133 294.616222  -2.517583    40.134    40.141  7 55974.34162150 37.040
 134 294.617983  -2.520276    40.295    40.304  6 55984.25725687 39.823
 135 294.621018  -2.525478    40.419    40.387  8 55994.17288950 38.567
 136 294.620303  -2.523197    40.703    40.712  7 56004.08854057 33.326
 137 294.618414  -2.520925    40.929    40.955  7 56014.00418928 32.252
 138 294.616382  -2.518261    41.312    41.317  6 56023.91983509 37.261
 139 294.615538  -2.516282    41.581    41.561  7 56033.83547879 34.130
 140 294.615929  -2.518442    42.080    42.078  6 56043.75111977 35.340
 141 294.617806  -2.520163    42.230    42.234  6 56053.66675822 33.984
 142 294.620275  -2.522624    42.580    42.554  7 56063.58239313 48.989
 143 294.620306  -2.523008    42.501    42.546  7 56073.49803524 33.364
 144 294.617887  -2.519868    42.342    42.445  7 56083.41368529 33.306
 145 294.616467  -2.518917    42.305    42.311  6 56093.32933235 37.715
 146 294.617059  -2.517811    41.931    41.895  6 56103.24497734 34.230
 147 294.617596  -2.519338    41.448    41.365  6 56113.16060733 47.546
 148 294.618586  -2.521720    40.402    40.415  6 56123.07624514 38.374
 149 294.620425  -2.523101    39.386    39.366  6 56132.99187950 46.365
 150 294.620386  -2.524743    37.951    37.955  7 56142.90751694 32.908
 151 294.618467  -2.520900    37.485    37.697  6 56152.82316846 27.397
 152 294.617640  -2.518926    36.139    35.944  6 56162.73881835 29.447
 153 294.617771  -2.518896    32.435    32.423  6 56172.65446596 42.948
 154 294.618149  -2.520792    34.158    35.404  7 56182.57010830 33.202
 155 294.618344  -2.521145    32.464    32.235  7 56192.48574702 42.950
 156 294.618614  -2.520426    31.606    31.161  6 56202.40138306 44.117
 159 294.623227  -2.519582    33.134    33.069  3 56232.14830391 43.432
 160 294.619952  -2.522537    32.261    32.237  7 56242.06395535 46.657
 161 294.618257  -2.519877    32.037    31.528  6 56251.97960402 33.025
 162 294.617287  -2.518316    33.902    32.839  6 56261.89524811 27.234
 163 294.617143  -2.518282    37.053    37.509  6 56271.81089013 23.404
 164 294.617478  -2.519953    33.960    33.971  6 56281.72653179 42.991
 165 294.616527  -2.517553    35.330    35.349  6 56291.64218496 28.004
 166 294.615093  -2.517187    37.335    37.343  6 56301.55783310 40.625
 167 294.614441  -2.515371    38.517    38.514  6 56311.47347721 48.198
 168 294.613842  -2.515672    38.908    38.897  6 56321.38911835 38.531
 169 294.614820  -2.515249    39.045    39.023  6 56331.30475887 33.064
 170 294.616724  -2.517007    39.175    39.179  5 56341.22039841 29.820
 172 294.620276  -2.523707    40.391    40.434  6 56361.05167346 49.090
 173 294.617746  -2.520021    40.784    40.785  6 56370.96732345 50.333
 174 294.615105  -2.516163    40.972    40.944  7 56380.88297104 31.373
 175 294.614129  -2.513940    41.195    41.188  6 56390.79861647 32.799
 176 294.614842  -2.516457    41.619    41.662  6 56400.71425942 41.702
 177 294.616977  -2.518734    41.821    41.828  7 56410.62989979 46.633
 178 294.619074  -2.522558    41.869    41.915  6 56420.54553487 33.615
 179 294.620110  -2.523249    41.996    41.973  6 56430.46117202 33.766
 184 294.615919  -2.517618    41.184    41.120  6 56480.03940854 53.758
 185 294.616635  -2.518796    40.531    40.516  7 56489.95504542 39.107
 186 294.617978  -2.520432    40.239    40.189  7 56499.87068009 42.048
 187 294.620433  -2.523487    39.243    39.252  7 56509.78631350 32.112
 188 294.620553  -2.528037    38.159    38.180  8 56519.70195504 32.940
 189 294.620082  -2.523290    37.623    37.633  6 56529.61760998 46.721
 190 294.618707  -2.522245    37.027    37.000  6 56539.53325999 31.278
 191 294.617482  -2.519050    36.223    36.186  7 56549.44890597 43.638
 197 294.618147  -2.521310    34.821    34.719  6 56608.94276264 34.446
 198 294.616620  -2.517272    36.050    35.740  6 56618.85840978 31.676
 199 294.615782  -2.517229    36.305    36.358  7 56628.77405312 35.333
 200 294.617293  -2.518450    36.632    36.626  6 56638.68969340 30.402
 201 294.618029  -2.520605    36.876    36.884  7 56648.60533778 33.177
 202 294.616639  -2.517378    37.253    37.247  6 56658.52099035 48.700
 203 294.614805  -2.515578    36.976    36.930  6 56668.43663819 40.946
 209 294.616459  -2.518471    39.068    39.080  6 56727.93049291 34.412
 210 294.613823  -2.515321    39.486    39.502  6 56737.84614226 34.643
 211 294.613379  -2.513521    40.308    40.321  6 56747.76178801 40.571
 212 294.614847  -2.516833    40.586    40.561  6 56757.67742831 42.891
 215 294.614986  -2.517113    41.681    41.670  6 56787.42436379 50.369
 216 294.612116  -2.512359    41.904    41.907  7 56797.34001655 40.030
 220 294.617442  -2.519731    42.133    42.131  6 56837.00257376 48.462
 223 294.616591  -2.517678    40.714    40.691  6 56866.74950965 43.936
 224 294.615408  -2.516473    39.890    39.852  7 56876.66516210 48.414
 227 294.612934  -2.512439    37.212    37.239  7 56906.41210129 41.406
 228 294.612523  -2.512397    36.104    36.098  6 56916.32774203 37.061
 231 294.621045  -2.523798    36.707    36.829  7 56946.07464499 31.761
 235 294.616300  -2.517415    36.473    36.475  6 56985.73723404 31.473
 236 294.618634  -2.521565    36.818    36.893  7 56995.65286880 29.569
 239 294.615287  -2.516393    37.896    37.888  6 57025.39981887 41.559
 243 294.617686  -2.519142    39.945    39.946  7 57065.06239278 40.937
 247 294.616053  -2.517707    41.161    41.153  7 57104.72496766 41.297
 251 294.616742  -2.518648    42.241    42.229  7 57144.38754278 55.317
 255 294.617035  -2.519126    43.292    43.296  7 57184.05012141 47.204
 259 294.615688  -2.517358    42.343    42.307  6 57223.71269612 37.973
 263 294.619643  -2.522667    39.497    39.469  7 57263.37524831 53.883
 267 294.616940  -2.518804    31.440    30.441  7 57303.03784856 40.055
 271 294.615131  -2.516313    32.227    32.279  6 57342.70042457 32.469
 275 294.615281  -2.516507    35.442    35.458  7 57382.36300288 45.975
 279 294.618740  -2.521953    36.384    36.476  6 57422.02557219 41.964
 282 294.613978  -2.515146    38.049    37.907  6 57451.77251688 31.958
 283 294.614824  -2.516888    38.970    38.996  6 57461.68816190 36.648
 287 294.621027  -2.523999    40.639    40.633  6 57501.35070649 48.156
 291 294.616871  -2.517559    41.348    41.365  6 57541.01331135 53.559
 293 294.614875  -2.516119    41.127    41.113  7 57560.84460340 40.013
 294 294.615008  -2.515601    40.684    40.684  6 57570.76024865 35.765
 295 294.615705  -2.517013    40.333    40.341  7 57580.67589342 45.970
 296 294.616788  -2.518970    39.840    39.751  7 57590.59153632 48.383
 297 294.617103  -2.520016    39.114    39.103  6 57600.50717650 45.379
