-187028.893    89.912     0.00    4.41
-186739.680    89.307    -2.09    4.76
-186450.466    88.483    -2.85    5.14
-186161.251    87.530    -3.30    4.90
-185872.035    85.526    -6.93    4.64
-185582.817    84.176    -4.67    4.65
-185293.599    82.926    -4.32    3.74
-185004.380    82.043    -3.05    3.69
-184715.159    81.980    -0.22    4.52
-184425.938    81.443    -1.85    4.82
-184136.716    81.710     0.92    4.86
-183847.492    82.138     1.48    4.77
-183558.268    81.852    -0.99    4.78
-183269.042    81.658    -0.67    4.55
-182979.816    80.581    -3.72    4.54
-182690.588    79.206    -4.76    4.64
-182401.360    78.776    -1.49    4.60
-182112.130    77.362    -4.89    4.66
-181822.899    76.737    -2.16    4.58
-181533.668    75.976    -2.63    5.18
-181244.435    74.855    -3.88    5.48
-180955.201    74.885     0.11    5.70
-180665.966    74.206    -2.35    5.95
-180376.731    73.460    -2.58    5.65
-180087.494    72.754    -2.44    5.71
-179798.256    72.254    -1.73    5.44
-179509.017    72.293     0.14    5.04
-179219.777    72.099    -0.67    5.06
-178930.536    72.426     1.13    5.19
-178641.293    72.826     1.38    5.26
-178352.050    73.724     3.11    5.40
-178062.806    74.528     2.78    5.51
-177773.561    75.495     3.34    5.15
-177484.314    75.776     0.97    4.62
-177195.067    76.064     1.00    4.12
-176905.819    75.943    -0.42    4.18
-176616.569    75.547    -1.37    4.10
-176327.318    74.830    -2.48    4.18
-176038.067    73.782    -3.62    3.96
-175748.814    73.576    -0.71    3.75
-175459.560    73.410    -0.58    3.63
-175170.305    73.668     0.89    3.47
-174881.049    74.707     3.59    3.90
-174591.793    75.110     1.39    3.74
-174302.534    75.840     2.53    3.62
-174013.275    76.360     1.80    3.87
-173724.015    76.702     1.18    3.76
-173434.754    76.237    -1.61    3.89
-173145.492    75.564    -2.32    3.86
-172856.228    74.926    -2.21    3.64
-172566.964    74.738    -0.65    3.54
-172277.698    74.719    -0.06    3.64
-171988.431    75.019     1.04    3.91
-171699.164    75.016    -0.01    3.96
-171409.895    74.952    -0.22    4.12
-171120.625    75.055     0.36    3.72
-170831.354    75.036    -0.07    3.80
-170542.082    73.664    -4.75    4.71
-170252.809    72.479    -4.10    4.97
-169963.534    71.030    -5.01    4.23
-169674.259    71.291     0.90    4.66
-169384.983    71.443     0.53    4.82
-169095.705    71.926     1.67    4.87
-168806.426    72.908     3.40    4.41
-168517.147    73.643     2.54    3.65
-168227.866    73.110    -1.84    4.36
-167938.584    71.574    -5.31    4.97
-167649.301    69.748    -6.31    4.07
-167360.017    68.995    -2.60    3.88
-167070.732    68.511    -1.67    3.73
-166781.445    68.212    -1.03    3.77
-166492.158    68.460     0.86    3.96
-166202.869    68.969     1.76    3.94
-165913.580    69.526     1.93    3.63
-165624.289    69.969     1.53    3.82
-165334.997    70.321     1.22    4.09
-165045.704    70.460     0.48    3.99
-164756.410    71.047     2.03    3.61
-164467.115    71.375     1.14    3.69
-164177.819    71.176    -0.69    3.69
-163888.521    69.961    -4.20    3.83
-163599.223    68.943    -3.52    4.07
-163309.923    68.254    -2.38    3.60
-163020.622    68.160    -0.33    3.62
-162731.320    68.019    -0.48    3.61
-162442.017    67.676    -1.19    4.00
-162152.713    68.495     2.83    4.45
-161863.408    69.391     3.10    4.08
-161574.102    69.475     0.29    4.35
-161284.794    69.793     1.10    4.62
-160995.485    69.071    -2.49    5.38
-160706.176    68.962    -0.38    4.79
-160416.865    68.909    -0.18    4.47
-160127.553    68.003    -3.13    4.18
-159838.240    68.254     0.87    3.92
-159548.925    68.541     0.99    3.72
-159259.610    69.012     1.63    3.13
-158970.293    68.978    -0.12    3.12
-158680.976    69.081     0.36    3.13
-158391.657    69.510     1.48    3.09
-158102.337    69.743     0.81    2.95
-157813.016    69.478    -0.92    3.56
-157523.693    68.160    -4.56    4.93
-157234.370    65.926    -7.72    6.66
-156945.045    64.840    -3.75    6.49
-156655.720    62.576    -7.82    6.81
-156366.393    60.443    -7.37    6.61
-156077.065    58.876    -5.42    6.06
-155787.736    57.283    -5.51    5.78
-155498.405    57.530     0.85    5.29
-155209.074    59.581     7.09    7.45
-154919.741    62.893    11.45   10.37
-154630.407    67.507    15.95   11.98
-154341.072    70.581    10.63   12.72
-154051.736    76.043    18.88   11.65
-153762.399    79.865    13.21   10.01
-153473.061    81.328     5.06    9.24
-153183.721    81.986     2.27    8.69
-152894.380    81.019    -3.34    8.78
-152605.038    78.978    -7.06    9.22
-152315.695    76.707    -7.85    8.31
-152026.351    75.293    -4.89    8.01
-151737.006    74.875    -1.45    7.29
-151447.659    75.131     0.89    7.52
-151158.311    77.593     8.51    7.93
-150868.962    79.093     5.18    7.17
-150579.612    79.816     2.50    7.44
-150290.261    80.650     2.88    7.17
-150000.908    81.060     1.41    7.52
-149711.555    82.099     3.59    7.65
-149422.200    84.613     8.69    8.75
-149132.844    86.823     7.64    8.95
-148843.487    89.953    10.82    9.03
-148554.128    91.610     5.73    8.35
-148264.769    92.076     1.61    7.64
-147975.408    91.098    -3.38    7.64
-147686.046    89.030    -7.15    8.57
-147396.683    87.005    -7.00    9.30
-147107.319    86.026    -3.38    9.22
-146817.953    84.823    -4.16    9.55
-146528.587    84.943     0.42    9.95
-146239.219    86.030     3.76   10.41
-145949.850    86.581     1.91   10.07
-145660.479    86.443    -0.48    9.71
-145371.108    84.495    -6.73   11.02
-145081.735    83.033    -5.05   11.28
-144792.362    83.375     1.18   10.55
-144502.986    83.409     0.12   10.85
-144213.610    82.641    -2.66    9.66
-143924.233    81.341    -4.49   10.15
-143634.854    80.910    -1.49    9.92
-143345.474    80.647    -0.91    9.18
-143056.093    78.291    -8.14   10.51
-142766.711    75.356   -10.14   12.34
-142477.327    72.719    -9.11   14.02
-142187.943    69.409   -11.44   14.79
-141898.557    66.960    -8.47   15.26
-141609.170    64.797    -7.47   15.43
-141319.781    62.444    -8.13   15.24
-141030.392    59.360   -10.66   13.57
-140741.001    56.268   -10.68   12.08
-140451.609    53.295   -10.27    9.99
-140162.216    50.765    -8.74    7.80
-139872.821    48.702    -7.13    5.24
-139583.426    47.630    -3.71    3.28
-139294.029    47.569    -0.21    3.26
-139004.631    47.526    -0.15    3.09
-138715.231    47.291    -0.81    2.50
-138425.831    47.293     0.01    2.55
-138136.429    47.392     0.34    2.38
-137847.026    47.408     0.06    2.33
-137557.622    47.799     1.35    2.30
-137268.216    47.995     0.68    2.20
-136978.809    47.867    -0.44    2.69
-136689.401    47.260    -2.10    2.91
-136399.992    46.823    -1.51    2.91
-136110.582    46.323    -1.73    2.76
-135821.170    45.530    -2.74    2.71
-135531.757    45.226    -1.05    2.81
-135242.343    45.019    -0.71    2.79
-134952.928    44.833    -0.64    2.94
-134663.511    44.943     0.38    2.91
-134374.093    44.988     0.15    2.50
-134084.674    45.066     0.27    2.45
-133795.254    44.876    -0.65    2.35
-133505.832    44.689    -0.65    2.14
-133216.409    44.462    -0.78    1.97
-132926.985    44.547     0.29    2.00
-132637.759    44.901     1.22    1.95
-132348.605    45.219     1.10    2.01
-132059.448    45.639     1.45    1.98
-131770.291    45.961     1.11    2.06
-131481.133    46.375     1.43    1.96
-131191.973    46.633     0.89    1.72
-130902.812    46.867     0.81    1.58
-130613.649    47.033     0.57    1.60
-130324.486    46.375    -2.28    2.47
-130035.321    45.160    -4.20    3.43
-129746.155    43.516    -5.69    4.34
-129456.988    41.668    -6.39    5.07
-129167.819    38.860    -9.71    5.73
-128878.649    36.850    -6.95    5.60
-128589.478    36.717    -0.46    6.47
-128300.305    37.033     1.10    7.72
-128011.132    38.202     4.04    8.56
-127721.957    40.840     9.12    8.80
-127432.780    42.197     4.69    8.43
-127143.603    43.394     4.14    7.57
-126854.424    43.581     0.65    7.00
-126565.244    42.193    -4.80    6.63
-126276.063    41.777    -1.44    6.74
-125986.880    41.951     0.60    6.49
-125697.696    42.060     0.38    6.28
-125408.511    42.850     2.73    6.12
-125119.324    44.478     5.63    5.24
-124830.137    46.623     7.42    1.90
-124540.948    47.110     1.68    1.88
-124251.757    47.443     1.15    1.64
-123962.566    47.557     0.39    1.75
-123673.373    47.726     0.58    1.72
-123384.179    47.812     0.30    1.95
-123094.983    47.680    -0.46    2.46
-122805.786    46.961    -2.49    2.87
-122516.588    46.526    -1.50    2.98
-122227.389    46.596     0.24    2.70
-121938.188    46.680     0.29    2.60
-121648.986    46.909     0.79    2.44
-121359.783    47.181     0.94    2.25
-121070.578    47.260     0.27    2.23
-120781.372    47.676     1.44    2.08
-120492.165    47.829     0.53    1.97
-120202.957    47.530    -1.04    2.14
-119913.747    47.237    -1.01    2.37
-119624.536    46.274    -3.33    4.31
-119335.323    45.719    -1.92    5.16
-119046.110    45.098    -2.15    5.65
-118756.894    44.495    -2.09    5.67
-118467.678    44.219    -0.95    6.25
-118178.460    43.909    -1.07    6.73
-117889.241    43.392    -1.79    6.84
-117600.021    43.943     1.91    5.97
-117310.800    44.754     2.80    5.51
-117021.577    44.426    -1.13    5.96
-116732.352    45.033     2.10    5.00
-116443.127    45.047     0.05    4.70
-116153.900    44.721    -1.13    5.06
-115864.672    44.426    -1.02    4.54
-115575.442    43.360    -3.69    4.56
-115286.211    43.783     1.47    3.33
-114996.979    43.616    -0.58    3.59
-114707.745    43.714     0.34    3.41
-114418.511    43.993     0.96    3.44
-114129.274    44.491     1.72    3.32
-113840.037    45.409     3.17    2.50
-113550.798    45.610     0.69    1.83
-113261.558    45.514    -0.33    1.77
-112972.316    45.393    -0.42    1.82
-112683.073    45.070    -1.12    1.99
-112393.829    44.901    -0.59    1.88
-112104.584    44.494    -1.41    1.94
-111815.337    44.012    -1.66    1.89
-111526.088    43.626    -1.34    1.91
-111236.839    42.995    -2.18    2.00
-110947.588    42.672    -1.12    2.13
-110658.336    42.176    -1.71    2.17
-110369.082    41.602    -1.99    2.17
-110079.827    41.189    -1.43    1.96
-109790.571    41.185    -0.01    1.90
-109501.313    41.343     0.55    1.99
-109212.054    41.528     0.64    1.97
-108922.794    41.545     0.06    1.97
-108633.532    41.409    -0.47    2.17
-108344.269    41.498     0.31    2.33
-108055.004    40.969    -1.83    2.65
-107765.739    40.426    -1.87    2.83
-107476.471    40.093    -1.15    2.66
-107187.203    39.668    -1.47    2.64
-106897.933    39.426    -0.83    2.64
-106608.662    39.160    -0.92    2.54
-106319.389    38.892    -0.93    2.47
-106030.115    38.676    -0.75    2.50
-105740.840    37.901    -2.68    2.88
-105451.563    37.254    -2.24    2.91
-105162.285    36.616    -2.21    3.81
-104873.005    35.650    -3.34    4.58
-104583.724    34.672    -3.38    5.55
-104294.442    33.426    -4.31    5.92
-104005.159    32.816    -2.11    5.87
-103715.874    33.301     1.68    5.29
-103426.587    33.240    -0.21    5.36
-103137.299    33.507     0.92    5.57
-102848.010    34.392     3.06    5.46
-102558.720    34.867     1.64    4.95
-102269.428    35.271     1.40    5.02
-101980.135    35.426     0.54    4.86
-101690.840    35.630     0.70    4.65
-101401.544    36.393     2.64    3.96
-101112.246    37.265     3.01    2.84
-100822.948    37.730     1.61    2.68
-100533.647    38.560     2.87    2.84
-100244.346    39.882     4.57    2.89
 -99955.043    41.000     3.86    2.85
 -99665.738    41.610     2.11    2.62
 -99376.433    42.012     1.39    2.29
 -99087.125    42.206     0.67    2.14
 -98797.817    42.128    -0.27    2.10
 -98508.507    41.643    -1.68    1.90
 -98219.195    41.343    -1.04    1.70
 -97929.883    41.243    -0.35    1.73
 -97640.568    41.155    -0.30    1.86
 -97351.253    41.058    -0.34    1.81
 -97061.936    40.969    -0.31    1.87
 -96772.617    40.806    -0.56    1.92
 -96483.297    40.494    -1.08    1.87
 -96193.976    40.360    -0.46    1.76
 -95904.653    39.978    -1.32    2.00
 -95615.329    39.702    -0.95    2.21
 -95326.004    39.426    -0.95    2.20
 -95036.677    39.043    -1.32    2.52
 -94747.349    38.341    -2.42    2.74
 -94458.019    37.710    -2.18    2.63
 -94168.688    37.116    -2.05    2.30
 -93879.355    36.953    -0.56    2.07
 -93590.021    36.820    -0.46    2.35
 -93300.686    36.760    -0.21    2.77
 -93011.349    37.184     1.47    2.74
 -92722.011    37.730     1.89    2.84
 -92432.671    38.081     1.22    2.67
 -92143.330    38.325     0.84    2.65
 -91853.987    38.409     0.29    2.51
 -91564.643    38.377    -0.11    2.16
 -91275.298    38.323    -0.19    1.76
 -90985.951    37.926    -1.37    2.08
 -90696.603    37.668    -0.89    2.40
 -90407.253    37.087    -2.01    2.68
 -90117.902    36.131    -3.30    3.30
 -89828.549    35.564    -1.96    3.22
 -89539.195    35.776     0.73    2.94
 -89249.840    35.712    -0.22    2.98
 -88960.483    35.306    -1.40    2.77
 -88671.124    35.360     0.19    2.84
 -88381.764    35.596     0.82    3.09
 -88092.403    36.281     2.37    2.47
 -87803.040    36.194    -0.30    2.35
 -87513.676    35.978    -0.75    2.39
 -87224.311    35.616    -1.25    2.23
 -86934.944    35.060    -1.92    2.19
 -86645.575    34.620    -1.52    2.38
 -86356.205    34.030    -2.04    2.76
 -86066.834    33.610    -1.45    3.41
 -85777.461    33.426    -0.63    3.88
 -85488.086    33.967     1.87    5.38
 -85198.711    34.576     2.10    5.56
 -84909.333    34.918     1.18    5.65
 -84619.955    35.478     1.94    5.27
 -84330.574    36.075     2.06    4.81
 -84041.193    36.176     0.35    3.67
 -83751.810    36.409     0.80    2.60
 -83462.425    35.926    -1.67    1.94
 -83173.039    35.560    -1.27    1.62
 -82883.651    35.496    -0.22    1.53
 -82594.262    35.511     0.05    1.69
 -82304.872    35.340    -0.59    2.11
 -82015.480    35.226    -0.39    2.14
 -81726.087    34.668    -1.93    2.23
 -81436.692    34.343    -1.12    2.27
 -81147.295    34.288    -0.19    2.49
 -80857.898    34.374     0.29    2.64
 -80568.498    34.426     0.18    2.92
 -80279.097    34.643     0.75    3.03
 -79989.695    35.311     2.31    3.28
 -79700.291    35.909     2.06    3.20
 -79410.886    36.443     1.85    2.96
 -79121.479    36.918     1.64    2.34
 -78832.071    37.340     1.46    2.06
 -78542.661    37.770     1.49    1.91
 -78253.250    37.995     0.78    1.88
 -77963.837    37.857    -0.48    1.75
 -77674.423    37.719    -0.48    1.74
 -77385.008    37.308    -1.42    1.70
 -77095.590    37.082    -0.78    1.95
 -76806.172    36.788    -1.01    1.75
 -76516.752    36.494    -1.02    1.66
 -76227.330    36.569     0.26    1.59
 -75937.907    36.460    -0.38    1.59
 -75648.482    36.295    -0.57    1.56
 -75359.056    36.172    -0.43    1.55
 -75069.628    35.910    -0.91    1.40
 -74780.199    35.812    -0.34    1.51
 -74490.768    35.719    -0.32    1.48
 -74201.336    35.826     0.37    1.46
 -73911.902    35.976     0.52    1.32
 -73622.467    35.749    -0.79    1.45
 -73333.030    35.641    -0.37    1.52
 -73043.592    35.543    -0.34    1.64
 -72754.152    35.283    -0.90    1.72
 -72464.711    34.942    -1.18    2.01
 -72175.268    34.743    -0.69    2.07
 -71885.824    34.493    -0.86    2.24
 -71596.378    34.495     0.01    2.30
 -71306.931    34.724     0.79    2.13
 -71017.482    34.743     0.06    2.05
 -70728.032    34.952     0.72    2.19
 -70438.738    35.262     1.07    2.12
 -70149.613    35.060    -0.70    2.24
 -69860.486    35.212     0.53    2.17
 -69571.358    35.291     0.27    2.48
 -69282.228    32.116   -10.98    7.79
 -68993.097    29.197   -10.10    9.49
 -68703.964    26.833    -8.18   10.09
 -68414.830    22.754   -14.11    9.97
 -68125.694    20.150    -9.00    8.95
 -67836.557    19.514    -2.20    8.49
 -67547.418    21.993     8.57    9.80
 -67258.278    25.443    11.93   10.81
 -66969.136    29.033    12.41   11.28
 -66679.992    31.840     9.71    9.96
 -66390.847    34.409     8.88    7.18
 -66101.701    35.656     4.31    4.94
 -65812.553    36.143     1.68    4.37
 -65523.403    36.193     0.17    4.44
 -65234.252    36.058    -0.47    4.30
 -64945.099    35.547    -1.77    4.04
 -64655.945    37.271     5.96    6.21
 -64366.789    41.133    13.36    9.98
 -64077.632    44.508    11.67   11.63
 -63788.473    46.443     6.69   12.36
 -63499.312    49.969    12.19   11.65
 -63210.150    52.783     9.73   10.69
 -62920.987    55.053     7.85    8.94
 -62631.822    56.733     5.81    7.35
 -62342.655    56.850     0.41    5.65
 -62053.487    56.511    -1.17    5.01
 -61764.317    56.961     1.56    4.54
 -61475.145    57.012     0.18    4.31
 -61185.973    57.193     0.62    4.09
 -60896.798    57.392     0.69    3.32
 -60607.622    57.313    -0.27    3.13
 -60318.444    57.355     0.14    2.46
 -60029.265    56.643    -2.46    3.01
 -59740.084    56.689     0.16    2.88
 -59450.902    56.507    -0.63    2.93
 -59161.718    56.276    -0.80    3.19
 -58872.533    56.099    -0.61    3.35
 -58583.346    56.257     0.55    3.50
 -58294.157    56.444     0.65    3.34
 -58004.967    56.676     0.80    3.53
 -57715.775    56.494    -0.63    4.35
 -57426.582    56.217    -0.96    4.53
 -57137.387    55.562    -2.26    4.90
 -56848.190    55.337    -0.78    5.02
 -56558.992    54.952    -1.33    5.28
 -56269.793    54.702    -0.86    5.22
 -55980.591    54.860     0.54    5.33
 -55691.389    55.036     0.61    5.41
 -55402.184    55.288     0.87    5.52
 -55112.978    55.633     1.19    5.13
 -54823.771    55.633     0.00    4.65
 -54534.561    55.689     0.19    4.73
 -54245.351    55.223    -1.61    4.82
 -53956.138    54.693    -1.83    4.58
 -53666.924    54.719     0.09    4.90
 -53377.709    55.075     1.23    4.99
 -53088.492    55.328     0.87    5.42
 -52799.273    56.010     2.36    4.96
 -52510.052    56.607     2.06    4.78
 -52220.831    57.181     1.98    4.59
 -51931.607    56.443    -2.55    5.02
 -51642.382    54.799    -5.69    5.68
 -51353.155    53.840    -3.32    6.06
 -51063.927    53.328    -1.77    6.11
 -50774.697    53.185    -0.49    6.07
 -50485.465    52.892    -1.01    6.68
 -50196.232    53.569     2.34    6.17
 -49906.997    54.043     1.64    5.91
 -49617.761    54.525     1.67    5.01
 -49328.523    54.978     1.57    4.19
 -49039.283    54.392    -2.02    4.11
 -48750.042    53.742    -2.25    3.94
 -48460.799    53.685    -0.20    3.90
 -48171.554    53.076    -2.10    3.73
 -47882.308    52.664    -1.43    4.02
 -47593.060    51.836    -2.86    4.31
 -47303.811    51.426    -1.42    4.31
 -47014.560    49.460    -6.80    5.48
 -46725.307    46.163   -11.40    7.25
 -46436.053    43.246   -10.09    8.35
 -46146.797    39.639   -12.47    8.53
 -45857.540    36.599   -10.51    8.37
 -45568.281    32.274   -14.95    7.26
 -45279.020    28.891   -11.70    5.18
 -44989.758    27.180    -5.91    4.50
 -44700.493    25.647    -5.30    4.19
 -44411.228    24.733    -3.16    4.05
 -44121.961    23.875    -2.97    3.60
 -43832.692    23.141    -2.54    2.56
 -43543.421    23.626     1.68    2.90
 -43254.149    24.030     1.39    2.88
 -42964.875    24.826     2.75    3.10
 -42675.599    25.476     2.25    3.09
 -42386.322    26.512     3.58    2.63
 -42097.043    27.150     2.21    2.26
 -41807.763    27.668     1.79    1.86
 -41518.481    27.869     0.70    1.73
 -41229.197    28.150     0.97    1.68
 -40939.912    28.240     0.31    1.55
 -40650.625    28.133    -0.37    1.41
 -40361.336    28.110    -0.08    1.36
 -40072.046    27.846    -0.92    1.54
 -39782.754    27.726    -0.41    1.59
 -39493.460    27.620    -0.37    1.58
 -39204.165    27.266    -1.22    1.71
 -38914.868    27.064    -0.70    2.18
 -38625.569    27.143     0.27    2.49
 -38336.269    27.064    -0.27    2.36
 -38046.967    26.787    -0.96    2.71
 -37757.663    26.737    -0.17    2.75
 -37468.358    26.685    -0.18    3.10
 -37179.051    26.654    -0.11    3.33
 -36889.742    26.070    -2.02    3.87
 -36600.432    25.148    -3.19    4.15
 -36311.120    24.443    -2.43    4.13
 -36021.806    24.043    -1.38    4.01
 -35732.491    23.694    -1.21    4.43
 -35443.174    21.782    -6.61    5.80
 -35153.855    19.935    -6.39    7.32
 -34864.535    19.610    -1.12    8.43
 -34575.213    17.525    -7.21    9.24
 -34285.889    16.783    -2.56    9.85
 -33996.564    15.477    -4.51    9.22
 -33707.237    14.081    -4.82    8.97
 -33417.908    13.934    -0.51    8.83
 -33128.577    12.492    -4.99    7.88
 -32839.245    11.581    -3.15    7.45
 -32549.911    11.257    -1.12    7.12
 -32260.576    10.462    -2.75    7.64
 -31971.239     9.991    -1.63    7.45
 -31681.900     8.748    -4.29    6.37
 -31392.559     8.893     0.50    6.77
 -31103.217     9.530     2.20    8.25
 -30813.873    11.356     6.31   10.87
 -30524.527    13.240     6.51   12.56
 -30235.180    15.237     6.90   14.06
 -29945.831    16.902     5.75   15.08
 -29656.480    17.782     3.04   15.32
 -29367.128    18.672     3.07   15.49
 -29077.773    18.840     0.58   15.51
 -28788.418    18.254    -2.03   14.91
 -28499.060    17.820    -1.50   14.23
 -28209.701    16.806    -3.50   13.41
 -27920.340    15.323    -5.12   12.43
 -27630.977    14.478    -2.92   11.37
 -27341.612    13.795    -2.36   10.17
 -27052.246    13.213    -2.01    9.88
 -26762.878    12.510    -2.43    8.94
 -26473.509    13.131     2.15    8.55
 -26184.138    13.356     0.78    8.82
 -25894.765    14.909     5.37    8.58
 -25605.390    16.876     6.80    8.41
 -25316.013    18.036     4.01    7.77
 -25026.635    19.843     6.24    6.32
 -24737.255    21.321     5.11    5.03
 -24447.874    21.875     1.91    4.21
 -24158.490    22.150     0.95    3.80
 -23869.105    22.511     1.25    4.01
 -23579.719    22.443    -0.23    3.63
 -23290.330    22.512     0.24    4.07
 -23000.940    21.986    -1.82    4.96
 -22711.548    22.374     1.34    4.94
 -22422.154    22.026    -1.20    5.19
 -22132.759    21.826    -0.69    5.12
 -21843.361    21.160    -2.30    5.32
 -21553.963    19.910    -4.32    5.64
 -21264.562    19.198    -2.46    5.80
 -20975.160    17.816    -4.78    6.13
 -20685.755    16.185    -5.64    6.93
 -20396.349    13.843    -8.09    7.19
 -20106.942    11.960    -6.51    7.23
 -19817.532    10.233    -5.96    7.24
 -19528.121     8.926    -4.52    7.09
 -19238.709     7.516    -4.87    5.90
 -18949.294     7.200    -1.09    5.48
 -18659.878     7.810     2.10    6.47
 -18370.459     9.093     4.43    7.23
 -18081.040    10.961     6.45    7.81
 -17791.618    12.168     4.17    7.82
 -17502.195    13.019     2.94    7.23
 -17212.769    14.664     5.68    7.25
 -16923.343    15.507     2.91    7.79
 -16633.914    16.019     1.77    8.07
 -16344.484    15.812    -0.72    8.44
 -16055.051    16.477     2.30    8.51
 -15765.617    17.650     4.05    8.33
 -15476.182    18.541     3.08    7.84
 -15186.744    19.581     3.59    7.41
 -14897.305    20.840     4.35    6.06
 -14607.864    22.340     5.18    3.66
 -14318.421    22.952     2.11    2.85
 -14028.977    23.026     0.26    2.61
 -13739.530    22.650    -1.30    2.36
 -13450.082    22.643    -0.03    2.40
 -13160.633    22.516    -0.44    2.41
 -12871.181    22.237    -0.96    2.63
 -12581.728    22.443     0.71    2.76
 -12292.272    22.493     0.17    2.62
 -12002.815    22.393    -0.35    2.57
 -11713.357    22.569     0.61    2.65
 -11423.896    22.892     1.11    2.74
 -11134.434    23.306     1.43    2.72
 -10844.970    23.210    -0.33    2.58
 -10555.504    23.131    -0.27    2.70
 -10266.036    23.116    -0.05    2.62
  -9976.567    23.160     0.15    2.54
  -9687.096    23.233     0.25    2.45
  -9397.623    22.126    -3.82    3.69
  -9108.148    20.189    -6.69    5.06
  -8818.671    19.799    -1.35    5.36
  -8529.193    19.901     0.35    5.95
  -8239.802    20.526     2.16    6.00
  -7950.711    21.026     1.73    6.70
  -7661.618    23.995    10.27    8.35
  -7372.524    27.376    11.70    8.92
  -7083.427    30.426    10.55    7.66
  -6794.329    32.146     5.95    7.46
  -6505.229    34.138     6.89    7.46
  -6216.127    33.892    -0.85    6.85
  -5927.024    33.093    -2.76    7.30
  -5637.918    31.693    -4.84    7.13
  -5348.811    30.833    -2.97    7.18
  -5059.702    30.081    -2.60    7.24
  -4770.591    28.882    -4.15    7.24
  -4481.479    27.852    -3.56    6.94
  -4192.364    27.276    -1.99    7.02
  -3903.248    26.749    -1.82    7.66
  -3614.130    25.918    -2.87    7.30
  -3325.010    25.356    -1.94    6.80
  -3035.889    25.060    -1.03    6.51
  -2746.765    24.030    -3.56    6.51
  -2457.640    23.115    -3.16    6.47
  -2168.513    21.133    -6.85    6.69
  -1879.384    18.702    -8.41    6.26
  -1590.253    17.357    -4.65    5.95
  -1301.120    14.099   -11.27    6.69
  -1011.986    10.510   -12.41    7.36
   -722.850     7.599   -10.07    7.06
   -433.712     5.110    -8.61    6.71
   -144.572     2.908    -7.61    5.77
    144.570     1.650    -4.35    4.16
    433.713     1.843     0.67    4.07
    722.859     3.443     5.53    5.64
   1012.006     5.836     8.28    6.80
   1301.155     8.587     9.51    7.11
   1590.306    10.168     5.47    6.51
   1879.459    10.581     1.43    5.91
   2168.613    10.876     1.02    5.82
   2457.770    10.885     0.03    6.00
   2746.928    11.116     0.80    6.16
   3036.088    11.860     2.57    6.10
   3325.250    12.988     3.90    5.88
   3614.413    14.276     4.46    5.09
   3903.579    15.596     4.56    3.50
   4192.746    15.341    -0.88    3.47
   4481.916    14.810    -1.84    3.27
   4771.087    15.126     1.10    3.58
   5060.260    14.943    -0.63    3.63
   5349.435    15.081     0.48    3.94
   5638.611    15.393     1.08    4.41
   5927.790    15.893     1.73    4.59
   6216.970    15.531    -1.25    4.92
   6506.152    14.647    -3.06    5.20
   6795.337    12.806    -6.37    5.46
   7084.523    11.993    -2.81    5.56
   7373.710    10.576    -4.90    4.99
   7662.900     9.918    -2.28    4.04
   7952.092     9.599    -1.10    3.77
   8241.285     9.900     1.04    3.92
   8530.480    10.131     0.80    4.26
   8819.677    11.126     3.44    4.40
   9108.876    12.265     3.94    4.21
   9398.077    13.511     4.31    3.87
   9687.280    14.185     2.33    3.94
   9976.485    15.093     3.14    4.08
  10265.691    15.564     1.63    3.98
  10554.899    15.836     0.94    4.32
  10844.110    16.306     1.62    4.30
  11133.322    17.392     3.76    4.04
  11422.536    17.443     0.18    4.06
  11711.752    17.909     1.61    4.16
  12000.969    17.910     0.00    4.15
  12290.189    17.926     0.06    4.26
  12579.411    17.976     0.17    4.01
  12868.634    17.248    -2.52    4.53
  13157.859    16.581    -2.30    4.56
  13447.086    15.836    -2.58    4.42
  13736.315    15.562    -0.95    4.62
  14025.546    15.066    -1.72    4.64
  14314.779    14.123    -3.26    4.98
  14604.014    14.306     0.63    5.07
  14893.251    14.036    -0.93    4.87
  15182.489    14.210     0.60    4.67
  15471.729    14.588     1.31    4.46
  15760.972    14.737     0.52    4.15
  16050.216    16.643     6.59    5.29
  16339.462    17.707     3.68    5.95
  16628.710    18.721     3.51    6.49
  16917.960    19.986     4.37    7.21
  17207.212    20.850     2.99    7.33
  17496.466    23.138     7.91    7.09
  17785.721    25.306     7.49    6.68
  18074.979    26.443     3.93    6.58
  18364.238    28.443     6.92    4.90
  18653.499    29.246     2.77    3.91
  18942.763    30.026     2.70    2.86
  19232.028    30.637     2.11    2.13
  19521.295    30.782     0.50    1.87
  19810.564    30.288    -1.71    2.48
  20099.835    30.060    -0.79    2.56
  20389.108    29.833    -0.78    3.28
  20678.382    29.579    -0.88    3.36
  20967.659    28.995    -2.02    3.57
  21256.938    28.672    -1.12    3.95
  21546.218    28.026    -2.23    4.01
  21835.501    27.860    -0.58    3.83
  22124.785    27.639    -0.76    3.78
  22414.071    27.714     0.26    3.44
  22703.360    27.237    -1.65    3.62
  22992.650    28.176     3.25    3.05
  23281.942    28.633     1.58    2.80
  23571.236    28.820     0.64    3.06
  23860.532    29.012     0.67    2.78
  24149.830    29.547     1.85    2.22
  24439.129    29.857     1.07    2.08
  24728.431    30.823     3.34    2.38
  25017.735    31.508     2.37    2.69
  25307.041    31.995     1.68    2.93
  25596.348    32.511     1.78    3.09
  25885.658    33.069     1.93    3.14
  26174.969    33.676     2.10    2.83
  26464.282    33.902     0.78    3.00
  26753.598    34.087     0.64    2.84
  27042.915    34.676     2.04    2.52
  27332.234    34.926     0.86    2.12
  27621.556    34.892    -0.12    2.15
  27910.879    34.943     0.18    2.43
  28200.204    34.926    -0.06    2.21
  28489.531    35.168     0.84    2.46
  28778.860    35.251     0.29    2.45
  29068.191    35.460     0.72    2.04
  29357.524    36.176     2.48    2.65
  29646.859    36.846     2.31    3.56
  29936.195    38.477     5.64    4.43
  30225.534    39.765     4.45    4.81
  30514.875    41.064     4.49    4.92
  30804.218    42.443     4.77    4.56
  31093.562    43.226     2.71    4.45
  31382.909    43.511     0.98    4.73
  31672.258    43.475    -0.13    4.60
  31961.608    43.680     0.71    4.81
  32250.961    44.748     3.69    4.58
  32540.315    45.816     3.69    4.56
  32829.672    46.340     1.81    4.00
  33119.030    47.082     2.56    3.93
  33408.391    47.943     2.98    4.01
  33697.753    48.288     1.19    3.83
  33987.118    48.806     1.79    3.73
  34276.484    49.146     1.17    3.48
  34565.852    50.026     3.04    3.72
  34855.223    50.986     3.32    3.99
  35144.595    51.588     2.08    3.87
  35433.969    52.795     4.17    4.19
  35723.346    53.323     1.83    4.06
  36012.724    53.787     1.60    4.03
  36302.104    53.714    -0.25    4.18
  36591.487    53.360    -1.23    3.99
  36880.871    53.268    -0.32    3.54
  37170.257    53.012    -0.88    4.00
  37459.645    53.172     0.55    4.01
  37749.036    53.172     0.00    4.20
  38038.428    53.672     1.73    4.48
  38327.822    53.978     1.06    4.62
  38617.218    54.325     1.20    4.15
  38906.617    53.944    -1.31    4.51
  39196.017    52.952    -3.43    4.79
  39485.419    51.689    -4.36    5.21
  39774.823    50.714    -3.37    4.88
  40064.230    49.043    -5.78    4.10
  40353.638    48.461    -2.01    3.69
  40643.048    47.782    -2.35    3.96
  40932.460    47.426    -1.23    3.62
  41221.875    47.121    -1.05    3.81
  41511.291    46.377    -2.57    3.90
  41800.709    45.198    -4.07    4.22
  42090.130    44.226    -3.36    4.03
  42379.552    43.163    -3.67    3.99
  42668.976    42.571    -2.04    4.09
  42958.403    41.926    -2.23    3.68
  43247.831    41.528    -1.38    3.41
  43537.261    41.357    -0.59    3.63
  43826.694    41.549     0.66    3.54
  44116.128    42.630     3.73    4.27
  44405.565    44.003     4.74    5.00
  44695.003    45.717     5.92    5.68
  44984.444    47.326     5.56    5.22
  45273.886    48.676     4.66    4.98
  45563.331    49.697     3.53    4.06
  45852.778    50.392     2.40    4.01
  46142.226    50.115    -0.96    4.60
  46431.677    50.012    -0.35    4.81
  46721.130    50.081     0.24    4.89
  47010.585    50.219     0.48    5.20
  47300.041    50.133    -0.30    5.03
  47589.500    49.976    -0.54    4.88
  47878.961    49.512    -1.60    4.04
  48168.424    49.243    -0.93    4.37
  48457.889    49.391     0.51    4.03
  48747.356    49.599     0.72    3.73
  49036.825    50.460     2.97    3.17
  49326.296    51.010     1.90    3.60
  49615.769    51.885     3.03    4.20
  49905.244    52.676     2.73    3.89
  50194.722    53.185     1.76    3.98
  50484.201    53.254     0.24    3.88
  50773.682    53.376     0.42    3.85
  51063.166    53.672     1.02    3.90
  51352.651    54.030     1.24    3.94
  51642.139    54.260     0.79    3.96
  51931.628    54.110    -0.52    3.79
  52221.120    54.276     0.57    3.64
  52510.614    54.155    -0.42    3.51
  52800.109    53.799    -1.23    3.53
  53089.607    53.343    -1.58    3.65
  53379.107    52.493    -2.94    3.91
  53668.609    52.160    -1.15    4.28
  53958.113    50.961    -4.14    4.66
  54247.186    49.460    -5.19    4.67
  54536.250    47.810    -5.71    4.92
  54825.316    46.777    -3.57    4.58
  55114.384    45.392    -4.79    4.14
  55403.454    44.461    -3.22    4.33
  55692.526    44.310    -0.52    4.25
  55981.600    44.460     0.52    4.51
  56270.676    45.257     2.76    4.51
  56559.755    45.564     1.06    4.28
  56848.835    45.847     0.98    3.99
  57137.917    45.623    -0.78    4.09
  57427.002    45.626     0.01    4.54
  57716.088    45.604    -0.08    4.60
  58005.177    45.291    -1.08    4.58
  58294.268    45.547     0.89    4.00
  58583.360    45.560     0.04    3.98
  58872.455    45.875     1.09    4.42
  59161.552    47.230     4.69    5.06
  59450.651    47.461     0.80    4.92
  59739.752    47.116    -1.19    4.93
  60028.856    46.995    -0.42    4.86
  60317.961    46.392    -2.09    4.88
  60607.068    44.826    -5.42    4.46
  60896.178    43.219    -5.56    4.31
  61185.289    41.776    -4.99    3.89
  61474.403    40.230    -5.35    4.99
  61763.519    39.185    -3.61    6.05
  62052.637    37.960    -4.24    6.41
  62341.757    36.326    -5.65    7.10
  62630.879    33.960    -8.19    7.69
  62920.003    31.551    -8.33    8.19
  63209.129    29.340    -7.65    7.65
  63498.258    27.494    -6.38    6.69
  63787.388    26.076    -4.90    6.58
  64076.521    24.869    -4.18    5.07
  64365.655    24.719    -0.52    5.24
  64654.792    26.593     6.48    6.28
  64943.931    27.988     4.82    5.79
  65233.072    28.967     3.39    6.29
  65522.215    28.826    -0.49    6.04
  65811.360    27.901    -3.20    5.70
  66100.508    27.876    -0.08    5.49
  66389.657    27.514    -1.25    5.60
  66678.809    26.409    -3.82    5.23
  66967.962    25.202    -4.17    5.59
  67257.118    24.557    -2.23    5.34
  67546.276    24.576     0.07    6.37
  67835.436    25.040     1.60    7.41
  68124.599    25.901     2.98    7.94
  68413.763    25.237    -2.30    7.97
  68702.929    25.593     1.23    8.40
  68992.098    25.833     0.83    7.72
  69281.269    26.087     0.88    6.90
  69570.441    26.185     0.34    6.24
  69859.616    27.128     3.26    7.16
  70148.793    29.066     6.70    7.82
  70437.973    31.626     8.85    7.85
  70727.154    34.055     8.40    6.78
  71016.337    36.321     7.83    6.33
  71305.523    37.254     3.23    5.61
  71594.711    37.935     2.35    4.84
  71883.901    38.340     1.40    4.45
  72173.093    38.082    -0.89    4.26
  72462.287    38.030    -0.18    3.96
  72751.483    38.340     1.07    4.15
  73040.682    38.737     1.37    4.01
  73329.882    39.226     1.69    3.63
  73619.085    39.557     1.15    3.67
  73908.290    39.495    -0.22    3.50
  74197.497    39.926     1.49    4.21
  74486.706    40.194     0.93    4.55
  74775.918    40.995     2.77    4.93
  75065.131    41.860     2.99    5.52
  75354.347    43.511     5.71    5.96
  75643.565    46.007     8.63    5.94
  75932.785    47.766     6.08    5.09
  76222.007    49.274     5.21    3.69
  76511.231    49.840     1.96    3.41
  76800.458    49.668    -0.59    3.66
  77089.687    49.378    -1.00    3.71
  77378.917    49.340    -0.13    3.53
  77668.150    48.714    -2.16    3.53
  77957.385    48.266    -1.55    3.30
  78246.623    48.295     0.10    3.37
  78535.862    48.660     1.26    3.54
  78825.104    48.901     0.83    3.36
  79114.348    49.257     1.23    3.46
  79403.594    49.355     0.34    3.44
  79692.842    49.976     2.15    3.61
  79982.092    50.150     0.60    3.41
  80271.345    50.689     1.86    3.86
  80560.600    51.026     1.17    3.69
  80849.856    51.426     1.38    3.78
  81139.116    51.702     0.95    3.68
  81428.377    52.823     3.87    3.82
  81717.640    53.803     3.39    3.66
  82006.906    54.702     3.11    3.58
  82296.174    55.676     3.37    3.75
  82585.444    56.306     2.18    3.74
  82874.716    56.637     1.15    3.60
  83163.990    56.781     0.50    3.52
  83453.267    56.826     0.16    3.44
  83742.546    56.705    -0.42    3.51
  84031.827    55.567    -3.94    4.04
  84321.110    55.616     0.17    3.78
  84610.395    55.393    -0.77    3.49
  84899.683    55.978     2.02    3.58
  85188.972    56.754     2.68    3.75
  85478.264    57.495     2.56    4.17
  85767.559    58.426     3.22    3.93
  86056.855    59.584     4.00    3.58
  86346.153    60.926     4.64    3.80
  86635.454    61.787     2.97    3.69
  86924.757    62.754     3.34    3.37
  87214.062    63.243     1.69    3.56
  87503.370    64.058     2.82    3.81
  87792.679    64.754     2.41    3.84
  88081.991    64.714    -0.14    3.64
  88371.305    64.341    -1.29    3.83
  88660.621    62.852    -5.15    4.69
  88949.940    61.587    -4.37    5.28
  89239.261    59.760    -6.32    5.42
  89528.584    58.599    -4.01    4.62
  89817.909    58.620     0.07    4.17
  90107.236    58.926     1.06    3.45
  90396.566    58.799    -0.44    3.30
  90685.897    58.150    -2.24    3.66
  90975.231    56.801    -4.66    4.69
  91264.568    55.541    -4.36    5.05
  91553.906    54.375    -4.03    4.75
  91843.247    53.860    -1.78    4.03
  92132.590    53.547    -1.08    3.60
  92421.935    53.141    -1.40    3.73
  92711.282    53.376     0.81    3.98
  93000.632    52.168    -4.18    4.13
  93289.984    51.260    -3.14    4.75
  93579.338    50.726    -1.84    4.28
  93868.694    50.168    -1.93    3.83
  94158.053    49.943    -0.77    3.93
  94447.414    50.754     2.80    4.39
  94736.777    51.689     3.23    4.86
  95026.142    52.668     3.38    5.12
  95315.510    53.935     4.38    5.03
  95604.879    54.047     0.39    5.25
  95894.252    54.288     0.83    5.50
  96183.626    54.894     2.09    5.88
  96473.002    55.093     0.69    6.02
  96762.381    55.885     2.74    6.02
  97051.762    57.321     4.96    6.07
  97341.146    59.254     6.68    5.39
  97630.531    60.545     4.46    4.60
  97919.919    61.243     2.41    4.83
  98209.309    61.660     1.44    5.01
  98498.701    62.961     4.50    4.79
  98788.096    63.901     3.25    4.66
  99077.493    64.514     2.12    4.79
  99366.892    64.743     0.79    4.68
  99656.293    65.131     1.34    4.48
  99945.697    64.995    -0.47    4.67
 100235.103    65.138     0.49    4.49
 100524.511    65.143     0.02    4.06
 100813.922    65.560     1.44    3.96
 101103.334    66.460     3.11    3.67
 101392.749    67.876     4.89    4.04
 101682.167    69.476     5.53    4.74
 101971.586    70.892     4.89    5.10
 102261.008    72.226     4.61    4.42
 102550.432    73.185     3.31    4.24
 102839.859    73.574     1.34    4.11
 103129.287    74.010     1.51    4.17
 103418.718    74.219     0.72    4.69
 103708.151    74.443     0.77    4.67
 103997.587    74.176    -0.92    4.62
 104287.025    73.060    -3.86    5.28
 104576.465    72.176    -3.05    5.96
 104865.907    70.951    -4.23    6.57
 105155.352    69.271    -5.80    6.46
 105444.799    67.480    -6.19    5.34
 105734.248    65.693    -6.17    5.07
 106023.700    64.219    -5.09    4.58
 106313.153    63.076    -3.95    5.05
 106602.610    62.495    -2.01    4.89
 106892.068    61.306    -4.11    4.96
 107181.529    59.961    -4.65    4.50
 107470.992    59.357    -2.08    4.25
 107760.457    59.033    -1.12    4.55
 108049.925    58.857    -0.61    4.30
 108339.395    58.901     0.15    3.80
 108628.867    58.694    -0.71    3.91
 108918.341    58.760     0.23    3.99
 109207.818    58.588    -0.59    4.43
 109497.297    57.935    -2.26    4.37
 109786.779    56.545    -4.80    4.18
 110076.263    55.795    -2.59    4.28
 110365.749    55.099    -2.40    4.25
 110655.237    54.610    -1.69    3.45
 110944.728    54.576    -0.12    3.83
 111234.221    55.168     2.04    4.22
 111523.716    55.855     2.37    4.54
 111813.214    56.926     3.70    4.52
 112102.714    57.426     1.73    4.07
 112392.216    57.378    -0.17    3.95
 112681.721    56.643    -2.54    4.03
 112971.228    56.076    -1.96    4.44
 113260.737    54.702    -4.75    4.23
 113550.249    53.198    -5.19    4.18
 113839.763    52.893    -1.05    4.22
 114129.279    52.748    -0.50    4.42
 114418.798    52.829     0.28    4.57
 114708.319    54.138     4.52    5.25
 114997.842    55.087     3.28    5.31
 115287.367    55.630     1.87    5.50
 115576.895    55.426    -0.70    5.19
 115866.426    55.508     0.28    5.00
 116155.958    55.064    -1.53    5.04
 116445.130    53.685    -4.77    4.43
 116734.162    52.478    -4.18    4.72
 117023.197    51.374    -3.82    4.74
 117312.233    50.093    -4.43    5.25
 117601.273    48.748    -4.65    5.41
 117890.314    47.143    -5.55    5.07
 118179.358    46.093    -3.63    4.91
 118468.404    44.961    -3.92    4.24
 118757.453    44.295    -2.30    3.84
 119046.504    44.308     0.04    4.13
 119335.557    44.576     0.93    4.51
 119624.613    45.801     4.24    4.33
 119913.670    46.271     1.63    4.30
 120202.731    45.850    -1.46    4.20
 120491.793    45.545    -1.06    3.97
 120780.858    45.026    -1.79    3.94
 121069.926    44.357    -2.31    3.81
 121358.995    42.833    -5.27    4.21
 121648.067    41.321    -5.23    4.84
 121937.142    40.560    -2.63    4.98
 122226.219    39.743    -2.83    4.80
 122515.298    38.010    -6.00    4.84
 122804.379    35.860    -7.44    5.74
 123093.463    34.549    -4.53    5.96
 123382.549    34.138    -1.42    6.17
 123671.638    32.461    -5.80    5.80
 123960.729    31.590    -3.01    4.75
 124249.822    31.311    -0.96    4.14
 124538.918    32.251     3.25    3.34
 124828.016    33.860     5.56    4.21
 125117.116    35.533     5.79    5.95
 125406.219    38.088     8.83    6.68
 125695.324    40.660     8.90    6.92
 125984.431    43.293     9.11    6.47
 126273.541    45.788     8.63    5.18
 126562.653    47.479     5.85    4.48
 126851.768    48.443     3.34    4.37
 127140.885    48.685     0.84    4.36
 127430.005    49.410     2.51    3.92
 127719.126    50.323     3.16    4.02
 128008.250    51.392     3.70    3.68
 128297.377    51.961     1.97    3.40
 128586.506    52.254     1.01    3.46
 128875.637    52.230    -0.08    3.74
 129164.771    52.512     0.98    3.75
 129453.907    52.857     1.19    3.92
 129743.046    53.081     0.78    3.76
 130032.186    52.995    -0.30    4.11
 130321.330    52.926    -0.24    4.66
 130610.475    52.826    -0.35    4.42
 130899.623    52.223    -2.09    4.81
 131188.774    51.567    -2.27    4.40
 131477.927    51.478    -0.31    4.10
 131767.082    51.993     1.78    3.92
 132056.240    52.714     2.50    4.24
 132345.400    53.310     2.06    4.30
 132634.562    54.288     3.38    4.47
 132923.727    56.460     7.51    4.61
 133212.894    57.837     4.76    5.31
 133502.064    59.026     4.11    5.68
 133791.236    60.934     6.60    6.24
 134080.411    62.668     5.99    6.90
 134369.587    65.070     8.31    7.36
 134658.767    67.340     7.85    7.01
 134947.949    68.676     4.62    6.89
 135237.133    69.860     4.09    6.12
 135526.319    70.626     2.65    5.97
 135815.508    72.010     4.78    5.46
 136104.700    73.254     4.30    5.66
 136393.893    73.910     2.27    5.62
 136683.090    74.168     0.89    5.51
 136972.288    74.770     2.08    5.64
 137261.489    73.893    -3.03    6.17
 137550.693    73.633    -0.90    6.57
 137839.899    73.323    -1.07    6.21
 138129.107    72.694    -2.17    5.53
 138418.318    72.210    -1.68    4.56
 138707.531    72.560     1.21    4.53
 138996.747    73.110     1.90    4.33
 139285.965    74.426     4.55    4.34
 139575.186    75.444     3.52    4.73
 139864.409    77.426     6.85    5.24
 140153.634    79.685     7.81    6.23
 140442.862    81.543     6.42    5.82
 140732.092    82.702     4.01    5.62
 141021.325    83.737     3.58    4.69
 141310.560    84.185     1.55    4.51
 141599.798    85.202     3.52    4.16
 141889.038    85.951     2.59    4.38
 142178.280    86.392     1.52    4.59
 142467.525    86.697     1.06    4.59
 142756.773    85.980    -2.48    4.22
 143046.023    85.526    -1.57    4.38
 143335.275    84.249    -4.42    4.59
 143624.530    82.664    -5.48    4.90
 143913.787    80.460    -7.62    4.37
 144203.047    80.268    -0.66    4.44
 144492.309    79.909    -1.24    4.34
 144781.573    79.576    -1.15    4.65
 145070.840    79.260    -1.09    4.30
 145360.110    79.168    -0.32    4.63
 145649.382    78.788    -1.31    4.37
 145938.656    77.543    -4.31    4.42
 146227.933    76.391    -3.98    4.62
 146517.212    74.902    -5.15    5.15
 146806.494    73.358    -5.33    5.31
 147095.779    72.019    -4.63    5.69
 147385.065    69.426    -8.96    5.86
 147674.355    67.788    -5.66    5.40
 147963.646    67.076    -2.46    4.83
 148252.941    66.668    -1.41    4.70
 148542.237    66.426    -0.83    4.80
 148831.536    66.243    -0.63    5.84
 149120.838    66.444     0.70    6.23
 149410.142    66.833     1.34    6.41
 149699.449    67.030     0.68    6.54
 149988.758    66.262    -2.65    6.12
 150278.069    66.478     0.75    6.11
 150567.383    67.043     1.95    6.17
 150856.700    68.495     5.02    5.58
 151146.019    69.128     2.19    5.20
 151435.340    69.492     1.26    4.88
 151724.664    68.960    -1.84    4.62
 152013.991    69.590     2.18    5.04
 152303.320    69.953     1.25    5.00
 152592.651    70.599     2.23    4.97
 152881.985    71.476     3.03    5.54
 153171.322    72.375     3.11    5.78
 153460.660    73.689     4.54    5.94
 153750.002    75.443     6.07    6.47
 154039.346    77.754     7.98    7.11
 154328.692    79.341     5.49    7.05
 154618.041    79.693     1.21    7.30
 154907.393    78.193    -5.18    8.19
 155196.747    75.530    -9.20    9.94
 155486.103    72.543   -10.32   11.27
 155775.462    69.248   -11.39   10.75
 156064.824    66.257   -10.34    8.80
 156354.188    63.293   -10.24    5.66
 156643.554    62.193    -3.80    5.15
 156932.923    61.639    -1.91    5.51
 157222.295    61.409    -0.80    5.55
 157511.669    60.664    -2.58    5.89
 157801.045    59.202    -5.05    5.68
 158090.424    57.492    -5.91    5.12
 158379.806    56.071    -4.91    4.90
 158669.190    55.685    -1.34    4.95
 158958.577    54.392    -4.47    5.00
 159247.966    53.926    -1.61    4.88
 159537.357    53.555    -1.28    4.90
 159826.752    53.375    -0.62    5.11
 160116.148    54.160     2.71    5.51
 160405.548    54.547     1.34    5.36
 160694.950    55.339     2.74    5.42
 160984.354    55.576     0.82    5.52
 161273.761    55.823     0.85    5.61
 161563.170    55.776    -0.16    5.59
 161852.582    55.376    -1.38    6.15
 162141.997    54.995    -1.32    5.97
 162431.414    54.926    -0.24    6.17
 162720.833    54.806    -0.42    5.47
 163010.255    54.459    -1.20    5.85
 163299.680    54.202    -0.89    6.08
 163589.107    52.909    -4.47    5.69
 163878.537    52.030    -3.04    5.67
 164167.969    50.358    -5.77    5.57
 164457.404    48.717    -5.67    6.06
 164746.841    47.036    -5.81    6.43
 165036.281    44.765    -7.85    5.98
 165325.724    42.064    -9.33    7.63
 165615.169    39.237    -9.77    8.84
 165904.616    35.410   -13.22    9.39
 166194.066    31.326   -14.11    9.02
 166483.519    27.717   -12.47    8.22
 166772.974    24.462   -11.24    5.09
 167062.432    22.443    -6.98    3.40
 167351.892    21.514    -3.21    3.39
 167641.355    21.010    -1.74    3.69
 167930.821    20.893    -0.40    3.81
 168220.289    20.943     0.17    3.97
 168509.759    21.375     1.49    4.19
 168799.233    21.616     0.83    4.24
 169088.708    21.910     1.01    3.80
 169378.187    22.341     1.49    4.19
 169667.668    22.623     0.97    4.42
 169957.151    22.643     0.07    5.14
 170246.637    22.658     0.05    6.13
 170536.126    23.714     3.65    6.82
 170825.617    24.909     4.13    7.48
 171115.111    27.279     8.19    9.07
 171404.607    29.070     6.19    9.98
 171694.106    31.070     6.91   10.66
 171983.607    32.737     5.76   10.46
 172273.111    34.023     4.44   10.35
 172562.618    35.410     4.79   10.14
 172852.127    36.460     3.63    9.77
 173141.639    37.508     3.62    9.17
 173431.154    38.219     2.46    8.47
 173720.671    39.771     5.36    8.09
 174010.190    40.082     1.07    8.40
 174299.712    40.867     2.71    8.17
 174589.237    41.860     3.43    8.24
 174878.765    42.248     1.34    7.88
 175168.295    41.254    -3.43    7.48
 175457.827    40.680    -1.98    6.84
 175747.362    40.579    -0.35    6.26
 176036.900    41.143     1.95    5.93
 176326.440    41.633     1.69    5.86
 176615.983    41.952     1.10    5.59
 176905.529    41.339    -2.12    4.85
 177195.077    42.257     3.17    4.87
 177484.628    43.328     3.70    5.58
 177774.181    44.884     5.37    6.17
 178063.737    45.926     3.60    6.01
 178353.296    47.426     5.18    5.54
 178642.596    48.358     3.22    5.51
 178931.597    49.340     3.40    5.39
 179220.601    49.984     2.23    5.16
 179509.607    50.643     2.28    5.35
 179798.616    51.251     2.10    5.67
 180087.628    52.626     4.76    6.24
 180376.642    54.251     5.62    6.82
 180665.658    56.168     6.63    7.02
 180954.678    58.576     8.33    6.69
 181243.699    60.760     7.55    6.46
 181532.724    63.719    10.24    6.98
 181821.751    65.219     5.19    6.71
 182110.781    66.562     4.64    6.63
 182399.813    67.613     3.64    6.86
 182688.848    67.458    -0.53    7.02
 182977.886    68.030     1.98    7.14
 183266.926    67.685    -1.19    7.10
 183555.969    68.081     1.37    6.70
 183845.014    69.754     5.79    6.65
 184134.062    70.934     4.08    7.95
 184423.113    71.892     3.31    7.92
 184712.167    72.461     1.97    7.87
 185001.222    72.668     0.72    8.30
 185290.281    72.012    -2.27    8.32
 185579.342    70.894    -3.87    8.40
 185868.406    69.850    -3.61    7.61
 186157.473    68.626    -4.23    5.50
 186446.542    68.812     0.64    5.40
 186735.614    69.719     3.14    4.78
 187024.688    71.543     6.31    5.49
 187313.765    73.643     7.26    5.91
 187602.845    75.148     5.21    6.21
 187891.927    77.321     7.52    6.11
 188181.012    79.460     7.40    5.50
 188470.100    80.830     4.74    5.13
 188759.190    82.110     4.43    4.61
 189048.283    82.492     1.32    4.46
 189337.378    81.668    -2.85    4.87
 189626.477    80.613    -3.65    5.68
 189915.578    79.782    -2.87    5.98
 190204.681    79.693    -0.31    5.76
 190493.787    79.293    -1.38    5.70
 190782.896    79.226    -0.23    5.29
 191072.008    79.510     0.98    5.21
 191361.122    79.584     0.26    5.07
 191650.238    78.726    -2.97    4.97
 191939.358    77.512    -4.20    5.53
 192228.480    75.793    -5.95    5.58
 192517.605    74.816    -3.38    5.74
 192806.732    73.409    -4.87    5.60
 193095.862    72.754    -2.27    5.31
 193384.995    73.040     0.99    5.38
 193674.131    73.131     0.31    5.45
 193963.269    74.193     3.67    5.19
 194252.410    74.574     1.32    5.18
 194541.553    74.633     0.21    5.28
 194830.699    74.478    -0.54    5.41
 195119.848    74.810     1.15    5.30
 195408.999    75.271     1.60    5.56
 195698.154    76.852     5.47    6.33
 195987.310    78.168     4.55    7.09
 196276.470    80.754     8.94    6.97
 196565.632    82.443     5.84    6.93
 196854.797    84.562     7.33    6.78
 197143.965    87.093     8.75    7.49
 197433.135    89.426     8.07    6.66
 197722.308    90.610     4.09    6.66
 198011.483    91.533     3.19    6.45
 198300.662    90.875    -2.28    6.96
 198589.843    90.754    -0.42    6.83
 198879.026    90.680    -0.25    6.84
 199168.213    91.377     2.41    6.88
 199457.402    90.766    -2.11    6.76
 199746.594    92.596     6.33    7.26
 200035.788    95.274     9.26    7.62
 200324.985    96.820     5.35    7.36
 200614.185    98.410     5.50    6.60
 200903.388    99.219     2.80    6.15
 201192.593    99.043    -0.61    6.09
 201481.801    98.462    -2.01    6.39
 201771.012    96.213    -7.78    7.22
 202060.225    93.693    -8.71    7.59
 202349.441    91.885    -6.25    7.85
 202638.660    91.340    -1.89    7.61
 202927.882    91.105    -0.81    7.49
 203217.106    91.143     0.13    7.88
 203506.333    92.771     5.63    8.33
 203795.562    93.852     3.74    7.42
 204084.795    95.876     7.00    7.01
 204374.030    96.719     2.92    6.93
 204663.268    97.375     2.27    7.18
 204952.508    98.099     2.50    7.14
 205241.751    96.541    -5.39    6.68
 205530.997    95.495    -3.62    6.72
 205820.246    94.782    -2.47    6.87
 206109.497    93.547    -4.27    7.12
 206398.752    91.116    -8.40    7.26
 206688.008    88.378    -9.47    7.12
 206977.268    85.576    -9.69    7.58
 207266.530    83.574    -6.92    7.32
 207555.795    82.619    -3.30    7.05
 207845.063    82.530    -0.31    6.67
 208134.334    83.460     3.22    6.99
 208423.607    83.726     0.92    7.37
 208712.883    84.860     3.92    6.90
 209002.162    85.340     1.66    6.02
 209291.443    86.087     2.58    5.85
 209580.727    86.724     2.20    6.50
 209870.014    88.093     4.73    7.08
 210159.304    90.721     9.09    8.33
 210448.596    93.392     9.23    8.16
 210737.892    95.926     8.76    7.55
 211027.190    98.010     7.20    6.63
 211316.490    99.240     4.25    5.59
 211605.794    99.341     0.35    5.42
 211895.100    99.003    -1.17    5.69
 212184.409    98.060    -3.26    6.60
 212473.720    97.198    -2.98    6.36
 212763.035    96.160    -3.59    6.40
 213052.352    94.702    -5.04    6.09
 213341.672    93.098    -5.54    6.32
 213630.995    92.110    -3.42    6.69
 213920.320    91.833    -0.96    6.35
 214209.648    92.150     1.10    6.13
 214498.979    91.830    -1.11    5.94
 214788.313    92.131     1.04    5.70
 215077.650    91.710    -1.46    5.86
 215366.989    90.604    -3.82    6.95
 215656.331    87.850    -9.52    7.85
 215945.676    86.581    -4.38    7.79
 216235.023    85.076    -5.20    7.77
 216524.374    84.254    -2.84    7.43
 216813.727    84.902     2.24    7.65
 217103.083    86.099     4.14    7.80
 217392.442    88.443     8.10    7.86
 217681.803    90.340     6.55    7.19
 217971.167    92.060     5.94    6.24
 218260.534    92.443     1.32    5.79
 218549.904    92.633     0.66    5.13
 218839.277    92.026    -2.10    6.00
 219128.652    91.962    -0.22    5.94
 219418.030    90.702    -4.35    6.46
 219707.411    89.926    -2.68    6.81
 219996.795    88.826    -3.80    6.69
 220286.181    87.652    -4.06    6.30
 220575.571    87.462    -0.66    6.19
 220864.963    87.087    -1.29    5.83
 221154.358    86.087    -3.46    5.63
 221443.755    84.700    -4.79    5.50
 221733.156    82.700    -6.91    5.77
 222022.559    81.443    -4.34    5.80
 222311.965    79.206    -7.73    6.52
 222601.374    78.176    -3.56    7.21
 222890.786    76.984    -4.12    7.64
 223180.200    75.460    -5.27    7.68
 223469.618    74.574    -3.06    7.65
 223759.038    73.478    -3.79    7.95
 224048.461    72.980    -1.72    8.20
 224337.886    73.060     0.28    8.03
 224627.315    73.926     2.99    7.92
 224916.746    74.110     0.63    7.74
 225206.180    74.143     0.12    7.15
 225495.617    75.306     4.02    5.50
 225785.057    74.461    -2.92    5.61
 226074.499    73.409    -3.63    5.55
 226363.945    71.885    -5.26    5.03
 226653.393    70.978    -3.13    4.37
 226942.844    72.776     6.21    4.94
 227232.298    73.995     4.21    5.27
 227521.755    74.664     2.31    4.88
 227811.214    74.684     0.07    5.01
 228100.676    74.460    -0.78    4.91
 228390.142    74.049    -1.42    4.93
 228679.610    73.286    -2.64    4.93
 228969.080    72.340    -3.27    4.51
 229258.554    71.748    -2.04    4.40
 229548.030    71.110    -2.21    4.76
 229837.510    70.525    -2.02    4.61
 230126.992    69.564    -3.32    4.50
 230416.477    67.843    -5.95    4.71
 230705.965    66.168    -5.79    5.20
 230995.455    65.343    -2.85    5.18
 231284.949    63.476    -6.45    5.50
 231574.445    62.477    -3.45    5.56
 231863.944    61.528    -3.28    5.05
 232153.446    62.126     2.07    5.41
 232442.951    62.910     2.71    5.50
 232732.459    63.616     2.44    5.49
 233021.969    65.000     4.78    5.26
 233311.483    66.410     4.87    4.80
 233600.999    66.426     0.06    4.71
 233890.518    65.867    -1.93    4.76
 234180.040    65.323    -1.88    4.42
 234469.565    64.826    -1.72    4.60
 234759.092    64.310    -1.78    4.81
 235048.623    64.210    -0.35    4.86
 235338.156    64.340     0.45    4.94
 235627.692    65.110     2.66    5.53
 235917.231    65.010    -0.35    5.82
 236206.773    65.260     0.86    5.95
 236496.318    67.000     6.01    5.31
 236785.866    67.012     0.04    4.65
 237075.416    67.392     1.31    4.72
 237364.970    68.143     2.59    4.91
 237654.526    68.426     0.98    5.01
 237944.085    70.016     5.49    5.47
 238233.647    70.357     1.18    5.41
 238523.212    69.478    -3.04    6.04
 238812.780    67.918    -5.39    6.60
 239102.350    65.760    -7.45    6.67
 239391.924    64.049    -5.91    7.10
 239681.500    62.047    -6.91    6.64
 239971.080    60.243    -6.23    5.05
 240260.662    59.266    -3.38    5.42
 240550.247    57.664    -5.53    5.55
 240839.706    55.260    -8.31    5.79
 241128.674    53.376    -6.52    5.00
 241417.646    51.394    -6.86    4.84
 241706.620    50.198    -4.14    4.90
 241995.597    48.160    -7.05    5.61
 242284.577    45.978    -7.55    5.89
 242573.560    43.852    -7.36    5.62
 242862.546    42.033    -6.30    6.24
 243151.534    39.647    -8.26    5.16
 243440.526    37.547    -7.27    4.03
 243729.520    35.980    -5.42    3.56
 244018.517    35.055    -3.20    4.77
 244307.517    35.121     0.23    5.49
 244596.520    35.776     2.27    6.49
 244885.526    37.168     4.81    7.84
 245174.535    38.569     4.85    8.96
 245463.547    41.426     9.89    9.13
 245752.561    43.116     5.85    8.56
 246041.579    45.869     9.53    7.29
 246330.599    46.892     3.54    7.45
 246619.623    47.288     1.37    7.26
 246908.649    48.237     3.28    7.30
 247197.678    49.719     5.13    6.93
 247486.710    50.262     1.88    7.40
 247775.745    51.616     4.68    7.42
 248064.782    52.710     3.78    8.02
 248353.823    53.069     1.24    8.20
 248642.867    52.495    -1.99    8.36
 248931.913    52.984     1.69    8.31
 249220.962    53.026     0.15    8.05
 249510.015    52.676    -1.21    8.02
 249799.070    52.641    -0.12    7.55
 250088.128    52.633    -0.03    7.46
 250377.189    52.909     0.95    7.14
 250666.253    53.076     0.58    6.78
 250955.320    53.016    -0.21    6.56
 251244.390    52.840    -0.61    6.43
 251533.462    54.210     4.74    6.12
 251822.538    54.564     1.23    6.19
 252111.616    55.508     3.27    6.05
 252400.698    55.610     0.35    6.58
 252689.782    56.843     4.27    6.67
 252978.870    58.593     6.05    6.20
 253267.960    59.064     1.63    6.09
 253557.053    60.376     4.54    5.84
 253846.149    60.926     1.90    5.48
 254135.248    60.803    -0.43    5.31
 254424.350    60.738    -0.23    5.04
 254713.455    60.650    -0.30    4.90
 255002.563    61.116     1.61    5.07
 255291.673    61.479     1.26    5.37
 255580.787    62.176     2.41    5.62
 255869.904    63.053     3.03    5.44
 256159.023    64.493     4.98    6.06
 256448.146    65.685     4.12    5.68
 256737.271    67.760     7.18    5.69
 257026.399    69.010     4.32    5.85
 257315.531    70.833     6.31    6.40
 257604.665    73.243     8.34    6.05
 257893.802    74.306     3.68    5.39
 258182.942    75.547     4.29    5.69
 258472.085    76.409     2.98    5.97
 258761.231    77.426     3.52    5.79
 259050.380    78.869     4.99    6.00
 259339.532    80.340     5.09    5.37
 259628.687    81.901     5.40    5.07
 259917.845    82.444     1.88    4.82
 260207.006    82.676     0.80    4.32
 260496.170    83.071     1.37    4.46
 260785.337    83.121     0.17    4.35
 261074.506    84.076     3.30    5.07
 261363.679    84.268     0.66    5.22
 261652.855    85.341     3.71    5.23
 261942.033    86.460     3.87    4.95
 262231.215    87.043     2.02    4.64
 262520.399    88.071     3.56    5.12
 262809.587    89.689     5.60    5.60
 263098.777    91.793     7.27    6.04
 263387.971    93.462     5.77    5.70
 263677.167    95.184     5.96    6.02
 263966.367    97.308     7.34    6.42
 264255.569    98.543     4.27    5.88
 264544.774    98.892     1.21    6.41
 264833.983    98.286    -2.10    6.93
 265123.194    97.833    -1.57    7.35
 265412.408    96.012    -6.30    7.80
 265701.625    93.164    -9.85    7.52
 265990.846    90.626    -8.77    6.60
 266280.069    88.512    -7.31    5.31
 266569.295    87.202    -4.53    4.96
 266858.524    85.978    -4.23    5.83
 267147.756    84.787    -4.12    5.74
 267436.992    84.116    -2.32    5.85
 267726.230    83.765    -1.21    5.97
 268015.471    82.271    -5.17    6.10
 268304.715    82.005    -0.92    5.68
 268593.962    81.104    -3.12    6.00
 268883.212    80.360    -2.57    6.51
 269172.466    79.376    -3.40    6.54
 269461.722    78.760    -2.13    6.39
 269750.981    77.737    -3.54    6.44
 270040.243    76.884    -2.95    6.20
 270329.508    76.193    -2.39    5.78
 270618.776    75.726    -1.61    5.78
 270908.048    75.185    -1.87    5.75
 271197.322    75.160    -0.09    5.08
 271486.599    74.099    -3.67    5.20
 271775.879    72.626    -5.09    5.21
 272065.162    71.230    -4.83    5.80
 272354.449    69.461    -6.11    6.68
 272643.738    67.104    -8.15    6.45
 272933.030    65.610    -5.17    6.53
 273222.325    64.860    -2.59    6.58
 273511.624    64.168    -2.39    6.43
 273800.925    64.376     0.72    6.06
 274090.229    64.743     1.27    5.77
 274379.537    66.479     6.00    5.48
 274668.847    68.545     7.14    5.52
 274958.160    70.306     6.09    5.42
 275247.477    71.676     4.74    5.60
 275536.796    73.460     6.16    6.54
 275826.119    74.952     5.16    6.57
 276115.444    76.168     4.20    6.18
 276404.773    75.672    -1.71    6.35
 276694.104    74.754    -3.17    6.95
 276983.439    73.193    -5.40    7.37
 277272.777    71.620    -5.44    7.89
 277562.117    69.254    -8.18    7.05
 277851.461    66.978    -7.87    5.32
 278140.808    65.697    -4.43    4.90
 278430.158    65.133    -1.95    5.11
 278719.510    64.836    -1.03    5.52
 279008.866    64.857     0.07    5.83
 279298.225    64.288    -1.97    5.64
 279587.587    63.995    -1.01    5.86
 279876.952    61.793    -7.61    8.43
 280166.320    58.852   -10.16   10.06
 280455.691    55.392   -11.96   10.96
 280745.066    50.918   -15.46    9.95
 281034.443    47.587   -11.51    7.69
 281323.823    44.857    -9.43    5.35
 281613.206    44.526    -1.14    4.92
 281902.593    44.543     0.06    5.10
 282191.982    45.705     4.02    5.07
 282481.375    46.549     2.92    6.13
 282770.770    49.026     8.56    7.24
 283060.169    51.202     7.52    8.07
 283349.571    53.392     7.57    8.16
 283638.975    55.346     6.75    7.75
 283928.383    57.012     5.75    6.73
