#    2.113   0.235   1.730 ;Mean Elev.(m), Avg Gradient(m/km), RMS Gradient(m/km) - SRTM1     
#    2.207   0.680   3.455 ;Mean Elev.(m), Avg Gradient(m/km), RMS Gradient(m/km) - ASTER GDEM
#    2.419   0.219   1.809 ;Mean Elev.(m), Avg Gradient(m/km), RMS Gradient(m/km) - GMTED2010 
   1 303.492362  -2.483828    12.914    12.919 14 54667.93733715 33.558
   2 303.491430  -2.484502    12.238    12.315 14 54677.85298121 29.360
   3 303.492018  -2.484354     8.410     8.400 15 54687.76862421 22.404
   4 303.493845  -2.482038    11.511    11.522 15 54697.68426525 29.799
   5 303.496291  -2.482948    10.390    10.693 13 54707.59990766 22.652
   6 303.493305  -2.482168    10.412    10.425 14 54717.51555939 23.951
   7 303.490947  -2.484780     9.678     9.399 15 54727.43120925 37.508
   8 303.488214  -2.486753     9.222     9.527 14 54737.34685714 27.823
   9 303.486710  -2.488850     9.077     9.358 13 54747.26250453 24.699
  10 303.485984  -2.488775     8.289     8.684 14 54757.17815101 30.032
  11 303.487202  -2.488706     8.746     9.183 14 54767.09379568 25.244
  12 303.488390  -2.486376     8.955     9.338 14 54777.00943669 26.373
  13 303.490028  -2.487150     9.168     9.174 14 54786.92507609 26.522
  14 303.490338  -2.485803     9.107     9.023 14 54796.84071416 22.800
  15 303.492010  -2.485068     9.113     9.417 14 54806.75635253 21.548
  16 303.494210  -2.482690     8.567     8.382 15 54816.67199017 27.679
  17 303.493486  -2.483245     9.594     9.529 15 54826.58763931 24.220
  18 303.490465  -2.484826    10.021     9.969 14 54836.50327924 26.311
  19 303.487384  -2.488048    10.286    10.295 14 54846.41892968 24.855
  20 303.485092  -2.488986    10.509    10.587 14 54856.33457883 26.720
  21 303.484584  -2.489896    10.819    10.794 13 54866.25022788 27.284
  22 303.484866  -2.489862    11.419    11.380 13 54876.16587607 28.203
  23 303.485635  -2.488742    11.812    11.844 14 54886.08152113 30.253
  24 303.485520  -2.488662    12.747    12.783 14 54895.99716281 41.128
  25 303.485160  -2.490247    12.625    12.606 13 54905.91280232 32.028
  26 303.485083  -2.489730    12.935    13.090 13 54915.82844051 31.574
  27 303.486313  -2.489140    13.208    13.354 13 54925.74407879 31.359
  28 303.488841  -2.487770    13.304    13.275 14 54935.65971645 30.819
  29 303.491772  -2.484564    14.021    14.043 14 54945.57535187 34.946
  30 303.495052  -2.481743    13.861    14.096 15 54955.49098481 32.817
  31 303.493153  -2.482585    14.047    14.244 15 54965.40663244 35.121
  32 303.491470  -2.485519    12.778    12.813 14 54975.32228068 28.735
  33 303.489737  -2.484624    14.096    14.250 14 54985.23792761 32.003
  34 303.489930  -2.484520     1.335     1.416 14 54995.15357477 22.412
  35 303.490600  -2.486232    14.237    14.208 14 55005.06922083 36.829
  36 303.489938  -2.487065    13.963    14.175 14 55014.98486441 31.533
  37 303.488613  -2.486932    13.747    13.914 14 55024.90050648 32.206
  38 303.488497  -2.488502    13.095    13.435 14 55034.81614871 29.740
  39 303.489529  -2.486903    13.000    13.309 14 55044.73178989 29.512
  40 303.492134  -2.483463    12.959    13.058 14 55054.64742931 29.136
  41 303.494872  -2.482113    12.523    12.547 14 55064.56306695 26.573
  42 303.492919  -2.483304    12.216    12.189 15 55074.47871421 29.291
  43 303.489535  -2.485923    11.350    11.324 14 55084.39436247 26.827
  44 303.487124  -2.487809    10.739    10.746 14 55094.31000887 25.753
  45 303.486773  -2.488860    10.264    10.374 13 55104.22565494 24.070
  46 303.486969  -2.487577     9.634     9.688 14 55114.14130027 25.703
  47 303.488437  -2.487497     8.833     9.151 14 55124.05694348 27.030
  48 303.489486  -2.486823     9.379     9.507 14 55133.97258378 24.034
  49 303.490015  -2.486767     9.215     9.300 14 55143.88822228 24.736
  50 303.490321  -2.486882     8.711     8.960 14 55153.80386055 23.884
  51 303.491154  -2.485581     8.314     8.639 14 55163.71949920 22.786
  52 303.492896  -2.483191     6.668     7.779 15 55173.63513757 24.229
  53 303.495180  -2.481596     8.163     8.313 15 55183.55077612 22.213
  54 303.492407  -2.483752     8.480     8.205 14 55193.46642816 22.016
  55 303.488693  -2.486083     9.085     9.045 14 55203.38207867 23.523
  56 303.486447  -2.488375     9.445     9.495 14 55213.29772839 25.320
  57 303.486227  -2.490079     9.526     9.452 14 55223.21337749 29.889
  58 303.486257  -2.488967    10.065     9.996 13 55233.12902444 26.249
  59 303.487004  -2.487216    10.430    10.409 14 55243.04466805 26.618
  60 303.487028  -2.488447    10.549    10.515 13 55252.96030897 23.395
  61 303.485856  -2.489471    10.621    10.521 13 55262.87594787 23.749
  62 303.485677  -2.489018    10.725    10.818 14 55272.79158583 27.608
  63 303.487414  -2.487170    11.150    11.117 14 55282.70722360 24.969
  64 303.490619  -2.485112    11.585    11.589 14 55292.62286029 27.807
  65 303.493455  -2.483084    11.629    11.796 15 55302.53849618 27.126
  66 303.492035  -2.484868    12.095    12.213 14 55312.45414449 27.885
  67 303.490076  -2.485320    12.983    12.967 14 55322.36978989 31.431
  68 303.489403  -2.487605    13.282    13.285 14 55332.28543420 37.637
  69 303.488996  -2.487695    12.808    13.051 14 55342.20107785 30.427
  70 303.489745  -2.487162    12.805    13.008 14 55352.11672113 29.215
  71 303.490804  -2.486150    12.760    12.956 14 55362.03236214 29.171
  72 303.491004  -2.484829    12.648    12.693 15 55371.94800102 34.028
  73 303.491661  -2.485014    12.189    12.215 14 55381.86363905 29.858
  74 303.492349  -2.483904    12.133    12.225 14 55391.77927629 28.123
  75 303.494754  -2.482394    11.918    11.927 14 55401.69491246 25.708
  76 303.494258  -2.482830    11.823    11.756 14 55411.61056276 29.753
  77 303.492753  -2.483732    11.218    11.155 14 55421.52621272 24.520
  78 303.490720  -2.485143    10.742    10.828 14 55431.44185980 23.604
  79 303.488052  -2.486313     9.995     9.929 14 55441.35750432 24.889
  80 303.487406  -2.488480     9.548     9.557 14 55451.27314750 25.859
  81 303.488430  -2.488366     8.992     8.984 14 55461.18878952 24.743
  82 303.490312  -2.486377     8.659     9.269 14 55471.10442986 23.998
  83 303.492237  -2.484330     6.807     5.187 15 55481.02006725 26.236
  84 303.493373  -2.482210     6.880     7.827 14 55490.93570227 20.295
  85 303.494942  -2.481833     7.497     7.958 14 55500.85133598 20.356
  86 303.494135  -2.482751     6.924     8.038 15 55510.76697917 17.277
  87 303.492066  -2.483976     6.878     5.877 15 55520.68262944 18.742
  88 303.490882  -2.484942     7.082     6.391 14 55530.59827877 16.499
  89 303.490034  -2.485605     7.393     6.684 14 55540.51392643 15.585
  90 303.488837  -2.485273     7.812     7.512 14 55550.42957161 20.002
  91 303.487890  -2.486894     8.904     8.759 14 55560.34521537 22.922
  92 303.488192  -2.488087     8.592     8.799 14 55570.26085812 25.472
  93 303.489052  -2.486489     8.982     8.908 14 55580.17649911 23.160
  94 303.490964  -2.484774     9.377     9.302 14 55590.09213733 26.300
  95 303.493224  -2.482346     9.633     9.473 14 55600.00777225 29.088
  96 303.494990  -2.481326     9.845     9.884 14 55609.92340529 25.257
  97 303.498441  -2.486540    10.615    10.616  9 55619.83903861 27.702
  98 303.493383  -2.482314    11.126    11.206 14 55629.75468806 24.859
  99 303.492095  -2.483854    11.534    11.505 14 55639.67033976 35.077
 100 303.491764  -2.484505    11.526    11.660 14 55649.58598902 26.819
 101 303.490741  -2.484110    11.828    11.972 14 55659.50163464 28.623
 102 303.489712  -2.484659    12.321    12.430 14 55669.41727658 25.311
 103 303.489827  -2.485722    12.814    12.995 14 55679.33291627 30.441
 104 303.491554  -2.485520    13.181    13.204 14 55689.24855361 31.176
 105 303.493634  -2.483151    13.571    13.609 14 55699.16418888 41.780
 106 303.495596  -2.481538    13.084    13.197 14 55709.07982584 40.539
 107 303.493578  -2.482883    13.440    13.462 14 55718.99547598 37.863
 108 303.491539  -2.484654    13.220    13.405 14 55728.91112388 37.885
 109 303.490507  -2.486122    13.048    13.168 14 55738.82677061 29.931
 110 303.489736  -2.485753    12.954    12.915 14 55748.74241594 32.232
 111 303.490459  -2.486263    12.786    12.889 14 55758.65805948 29.636
 112 303.491209  -2.484567    12.404    12.603 15 55768.57369979 34.530
 113 303.492544  -2.484347    12.033    12.134 14 55778.48933735 27.097
 114 303.493628  -2.483000    11.311    11.545 15 55788.40497191 29.428
 115 303.495178  -2.481421    11.445    11.479 14 55798.32060488 37.961
 116 303.494704  -2.481919    10.664    10.851 15 55808.23624916 28.025
 117 303.494179  -2.482263     9.516     9.253 14 55818.15189760 33.966
 118 303.494778  -2.481688     8.700     8.904 15 55828.06754200 26.614
 119 303.495256  -2.481109     8.593     8.527 14 55837.98318207 23.915
 120 303.495372  -2.481480     8.701     8.577 15 55847.89881939 24.841
 121 303.497764  -2.485594     7.587     7.567 10 55857.81445582 21.465
 122 303.495046  -2.481848     8.920     8.948 15 55867.73010104 24.840
 123 303.493278  -2.482294     7.765     7.544 14 55877.64575343 22.726
 124 303.493043  -2.482863     8.864     8.948 14 55887.56139961 21.804
 125 303.493599  -2.483449     8.387     8.621 15 55897.47704012 21.539
 126 303.494755  -2.481793     7.133     6.647 14 55907.39267505 22.241
 127 303.493024  -2.482863     7.198     7.106 15 55917.30832181 31.334
 128 303.490797  -2.484817     8.168     8.166 14 55927.22397531 38.226
 129 303.490115  -2.485379     9.166     8.775 14 55937.13962509 32.739
 130 303.489886  -2.485739    10.251    10.211 14 55947.05526995 27.605
 131 303.489847  -2.485789    10.856    10.793 14 55956.97091020 32.507
 132 303.490183  -2.486096    10.969    10.998 14 55966.88654829 24.616
 133 303.491181  -2.485900    11.790    11.779 14 55976.80218567 28.175
 134 303.493178  -2.483582    12.167    12.124 15 55986.71782218 27.633
 135 303.496002  -2.482263    12.628    12.655 13 55996.63346027 27.949
 136 303.493757  -2.482147    12.559    12.788 14 56006.54911220 30.741
 137 303.491617  -2.483932    12.952    13.105 14 56016.46476037 34.303
 138 303.489355  -2.486405    12.351    12.336 14 56026.38040545 34.056
 139 303.488272  -2.487461    13.074    13.148 14 56036.29604830 33.496
 140 303.489618  -2.486219    13.706    13.994 15 56046.21168867 37.076
 141 303.492146  -2.484297    14.434    14.478 14 56056.12732602 38.856
 142 303.495188  -2.480959    13.330    13.422 15 56066.04295897 35.296
 143 303.493794  -2.482145    13.759    13.963 14 56075.95860527 33.946
 144 303.491057  -2.485014    13.896    14.110 15 56085.87425446 34.001
 145 303.489458  -2.485142    12.788    12.723 14 56095.78990103 29.805
 146 303.489875  -2.484594    12.574    12.564 14 56105.70554574 30.603
 147 303.491449  -2.484610    13.265    13.431 15 56115.62117629 31.699
 148 303.493071  -2.483560    13.357    13.328 14 56125.53681444 33.412
 149 303.494466  -2.482366    11.566    11.762 14 56135.45244855 30.872
 150 303.493736  -2.483370    12.503    12.498 15 56145.36809056 29.946
 151 303.491654  -2.484599    11.608    11.757 14 56155.28374010 25.321
 152 303.490948  -2.484886    11.332    11.493 14 56165.19938838 24.580
 153 303.491559  -2.484837    10.806    10.809 14 56175.11503447 25.142
 154 303.492585  -2.483284    10.050     9.957 14 56185.03067519 25.169
 155 303.493432  -2.483433     8.982     9.210 14 56194.94631251 26.715
 156 303.493486  -2.482617     9.192     9.531 15 56204.86194693 25.282
 157 303.494757  -2.481589     6.882     6.145 15 56214.77758028 30.824
 158 303.500779  -2.491163     5.536     5.380  6 56224.69321990 26.293
 159 303.495449  -2.482082     7.691     7.970 15 56234.60887380 23.535
 160 303.493737  -2.482954     7.627     8.167 14 56244.52452613 21.222
 161 303.491804  -2.484356     6.073     5.023 14 56254.44017358 24.674
 162 303.490710  -2.485809     6.577     6.301 14 56264.35581671 23.620
 163 303.490199  -2.485158     8.335     8.789 14 56274.27145749 19.111
 164 303.490470  -2.484302     7.054     6.636 14 56284.18710159 29.721
 165 303.489991  -2.484542     8.587     8.616 14 56294.10275257 25.727
 166 303.489328  -2.484979     9.625     9.694 14 56304.01839925 24.382
 167 303.488798  -2.486885     9.934    10.055 14 56313.93404240 24.716
 168 303.488128  -2.487036    10.309    10.332 14 56323.84968345 25.707
 169 303.488486  -2.485491    10.413    10.475 14 56333.76532385 24.100
 170 303.491207  -2.486002    10.870    10.795 14 56343.68096438 25.324
 171 303.493328  -2.482420    11.273    11.184 14 56353.59660175 24.709
 172 303.493419  -2.482566    11.549    11.750 15 56363.51224540 27.291
 173 303.490704  -2.485163    11.943    12.022 14 56373.42789519 26.865
 175 303.486672  -2.487532    12.823    12.970 14 56393.25918559 32.288
 176 303.488150  -2.487031    13.021    13.223 14 56403.17482762 29.902
 177 303.490761  -2.485420    13.479    13.613 15 56413.09046655 37.718
 178 303.493934  -2.482077    13.219    13.148 14 56423.00610022 30.807
 179 303.493742  -2.482183    12.773    12.751 15 56432.92174268 35.027
 180 303.489947  -2.485327    13.078    13.045 14 56442.83739522 29.844
 181 303.487584  -2.487202    13.677    13.776 14 56452.75304525 32.798
 182 303.487527  -2.488075    13.517    13.650 13 56462.66869292 32.158
 183 303.488302  -2.487396    13.326    13.368 14 56472.58433705 31.232
 184 303.489292  -2.485596    13.142    13.272 14 56482.49997754 32.619
 185 303.490113  -2.484466    12.545    12.525 14 56492.41561439 29.799
 186 303.492232  -2.484477    13.095    13.133 14 56502.33124882 32.243
 187 303.495208  -2.481303    12.132    12.153 14 56512.24688090 26.457
 188 303.495821  -2.482004    12.251    12.178 14 56522.16252759 39.373
 189 303.493986  -2.481893    11.907    11.871 15 56532.07817938 28.727
 191 303.491342  -2.484885    10.794    10.850 14 56551.90947246 25.540
 192 303.490036  -2.485812    10.583    10.507 14 56561.82511513 25.146
 193 303.489915  -2.485805    10.045    10.053 14 56571.74075685 22.879
 194 303.491334  -2.484012     9.648     9.620 14 56581.65639683 23.167
 195 303.494842  -2.480904     9.206     9.252 15 56591.57203259 28.442
 196 303.494318  -2.482810     8.629     8.931 15 56601.48768252 24.376
 197 303.491548  -2.484364     6.091     5.885 15 56611.40333280 28.836
 198 303.489741  -2.484862     8.392     7.999 14 56621.31897814 28.702
 199 303.489383  -2.484870     8.936     9.088 14 56631.23462034 24.798
 200 303.491866  -2.484553     8.933     8.793 14 56641.15025861 28.294
 201 303.491994  -2.484122     9.536     9.459 14 56651.06590612 23.502
 202 303.490904  -2.486371     9.815     9.825 14 56660.98155659 22.952
 203 303.488598  -2.485617     9.974     9.944 14 56670.89720333 23.425
 204 303.487669  -2.486492    10.257    10.335 14 56680.81284883 22.066
 205 303.488229  -2.485941    10.574    10.617 14 56690.72849251 22.322
 206 303.490822  -2.485764    11.190    11.046 14 56700.64413311 25.028
 207 303.493059  -2.482505    11.360    11.411 14 56710.55976829 24.908
 208 303.492412  -2.483595    11.458    11.582 15 56720.47541179 27.378
 209 303.488793  -2.486559     2.868     2.878 14 56730.39106446 22.230
 210 303.486853  -2.488845    12.953    12.993 14 56740.30671293 33.012
 211 303.486684  -2.488216    13.027    13.164 14 56750.22235661 30.091
 212 303.489000  -2.485703    13.071    13.263 14 56760.13799502 32.069
 213 303.493486  -2.483801    13.390    13.466 14 56770.05362724 31.330
 214 303.491075  -2.483987    12.822    12.934 14 56779.96927811 30.180
 215 303.488057  -2.487979    13.153    13.048 14 56789.88493366 31.420
 216 303.484730  -2.489757    14.341    14.322 13 56799.80058569 36.902
 217 303.484037  -2.489991    13.750    13.862 14 56809.71623131 35.993
 218 303.485919  -2.489949    12.702    12.797 14 56819.63187206 31.708
 219 303.488261  -2.487016    14.011    14.041 14 56829.54750839 31.181
 220 303.491408  -2.484731     2.592     2.648 14 56839.46314168 22.399
 221 303.493986  -2.482785    13.593    13.780 15 56849.37877442 39.368
 222 303.491016  -2.485099    13.056    13.101 15 56859.29442878 31.928
 223 303.489389  -2.486258    12.942    12.960 14 56869.21008192 34.702
 224 303.488398  -2.485984    13.456    13.451 14 56879.12573241 32.657
 225 303.487760  -2.486816    12.879    12.942 14 56889.04137973 30.691
 226 303.487120  -2.489355    12.569    12.526 14 56898.95702472 31.155
 227 303.485536  -2.489497    10.772    11.490 13 56908.87266698 28.244
 228 303.485786  -2.489236    11.450    11.427 14 56918.78830781 26.748
 229 303.488312  -2.488253    10.699    10.738 14 56928.70394688 23.703
 230 303.491666  -2.484626    10.058     9.987 14 56938.61958136 24.364
 231 303.494984  -2.482122     9.411     9.617 14 56948.53521575 22.884
 232 303.492156  -2.484732     8.750     8.887 14 56958.45086951 27.237
 233 303.489404  -2.485576     8.345     8.750 14 56968.36651748 26.722
 234 303.488771  -2.485397     8.331     8.469 14 56978.28216127 23.984
 235 303.490502  -2.484707     8.403     8.047 14 56988.19780052 24.652
 236 303.494462  -2.482416     8.119     7.715 14 56998.11343338 26.416
 237 303.493546  -2.482069     8.984     9.034 14 57008.02908183 24.689
 238 303.491370  -2.485102     7.420     7.396 14 57017.94473535 24.180
 239 303.489539  -2.487575     9.192     9.007 14 57027.86038578 24.050
 240 303.487898  -2.486789     9.646     9.624 14 57037.77603413 21.525
 241 303.488175  -2.486035    10.036     9.942 14 57047.69168031 22.811
 242 303.489769  -2.484651    10.311    10.286 14 57057.60732280 22.186
 243 303.492112  -2.484978    10.540    10.485 14 57067.52296011 24.014
 244 303.493213  -2.483249    10.659    10.507 15 57077.43859247 25.624
 245 303.494934  -2.482292    10.787    11.134 14 57087.35422466 26.867
 246 303.490892  -2.485077    12.141    12.089 14 57097.26988353 29.009
 247 303.489252  -2.487716    12.013    12.086 14 57107.18553948 26.335
 248 303.488916  -2.486443    12.345    12.462 14 57117.10118969 27.470
 249 303.489274  -2.486377    13.272    13.293 14 57127.01683401 32.723
 250 303.489224  -2.485472    13.569    13.560 14 57136.93247271 34.552
 251 303.490839  -2.485467    13.293    13.436 14 57146.84810794 32.369
 252 303.493544  -2.483323    13.490    13.748 15 57156.76374060 29.891
 253 303.494353  -2.482893    13.047    13.048 15 57166.67938468 27.919
 254 303.491742  -2.484034    13.852    14.013 15 57176.59504143 30.637
 255 303.489788  -2.485367    13.913    13.949 14 57186.51069425 32.986
 256 303.488498  -2.486927    12.933    12.901 14 57196.42634293 31.085
 257 303.487627  -2.487883    13.624    13.695 14 57206.34197757 30.440
 258 303.487716  -2.487726    13.687    13.809 14 57216.25762212 31.775
 259 303.488782  -2.485380    13.367    13.467 14 57226.17326496 33.014
 260 303.491366  -2.485667    12.485    12.452 14 57236.08890638 27.650
 261 303.492787  -2.484176    12.524    12.663 14 57246.00454393 27.744
 262 303.493616  -2.483344    11.688    11.402 14 57255.92017905 27.401
 263 303.494565  -2.482641    11.990    12.084 14 57265.83581325 24.356
 264 303.494663  -2.482243    11.636    11.721 15 57275.75145661 26.381
 265 303.493032  -2.483475    11.261    11.285 14 57285.66711395 22.048
 266 303.491569  -2.483926    10.607    10.606 14 57295.58276837 23.206
 267 303.490201  -2.485246     9.370     9.513 14 57305.49841931 23.822
 268 303.488229  -2.487277     8.568     9.198 14 57315.41406648 24.724
 269 303.486726  -2.489154     6.585     5.249 14 57325.32971016 24.896
 270 303.487052  -2.488513     5.190     4.992 13 57335.24535132 24.230
 271 303.487785  -2.488241     6.656     6.542 14 57345.16099728 18.519
 272 303.487992  -2.487777     4.194     5.431 14 57355.07664460 21.489
 273 303.488563  -2.487004     3.547     5.302 13 57364.99228799 20.233
 274 303.489570  -2.487558     5.206     5.898 14 57374.90792849 17.617
 275 303.489807  -2.484785     6.360     6.175 14 57384.82356675 16.429
 276 303.491634  -2.483362     6.458     6.389 14 57394.73920525 16.916
 277 303.494672  -2.481951     7.251     6.890 15 57404.65484307 21.573
 278 303.494597  -2.481927     8.043     7.675 15 57414.57049111 20.674
 279 303.492289  -2.483884     8.255     7.875 15 57424.48614337 21.932
 280 303.489006  -2.485821     7.999     7.900 14 57434.40179246 21.879
 281 303.486913  -2.487498     8.169     7.929 14 57444.31743949 21.281
 282 303.487120  -2.488646     8.603     8.473 14 57454.23308565 26.470
 283 303.488207  -2.486157     9.453     9.333 14 57464.14872915 23.936
 284 303.491401  -2.484358    10.259    10.219 15 57474.06436922 31.473
 286 303.494608  -2.481989    11.216    11.184 14 57493.89563924 28.600
 287 303.498736  -2.487743    10.719    10.812 10 57503.81127284 25.495
 288 303.493512  -2.483508    11.242    11.421 15 57513.72692556 25.817
 289 303.491773  -2.484916    11.468    11.674 14 57523.64258065 26.579
 290 303.490958  -2.485889    11.602    11.843 14 57533.55823341 26.581
 291 303.489515  -2.485951    12.215    12.211 14 57543.47388275 28.017
 292 303.488147  -2.486143    12.041    11.959 14 57553.38952924 26.660
 293 303.488002  -2.487530    11.901    11.874 14 57563.30517423 27.133
 294 303.488504  -2.487859    12.013    12.024 14 57573.22081838 27.875
 295 303.489115  -2.486219    11.515    11.605 14 57583.13646182 25.404
 296 303.490211  -2.484768    11.776    11.745 14 57593.05210344 37.709
 297 303.491435  -2.485398    11.636    11.588 14 57602.96774315 29.024
