-216228.893    46.069     0.00    8.93
-215939.650    43.480    -8.95    9.31
-215650.408    41.369    -7.30    7.75
-215361.164    38.696    -9.24    6.64
-215071.921    37.460    -4.28    6.45
-214782.676    37.034    -1.47    6.81
-214493.432    37.480     1.54    7.35
-214204.186    37.772     1.01    7.89
-213914.940    40.460     9.29    9.62
-213625.694    43.950    12.07   10.43
-213336.447    46.462     8.68   10.24
-213047.200    49.457    10.36    9.07
-212757.952    52.127     9.23    8.31
-212468.703    55.085    10.22    6.37
-212179.454    57.986    10.03    5.36
-211890.205    58.743     2.62    5.41
-211600.955    60.898     7.45    5.29
-211311.704    62.260     4.71    4.49
-211022.453    63.390     3.91    4.46
-210733.202    64.539     3.98    5.08
-210443.950    65.678     3.94    5.41
-210154.697    66.627     3.28    6.43
-209865.444    67.237     2.11    6.43
-209576.190    68.260     3.54    6.25
-209286.936    68.645     1.33    5.92
-208997.681    68.524    -0.42    5.56
-208708.426    68.300    -0.77    5.83
-208419.170    68.760     1.59    5.45
-208129.913    68.508    -0.87    5.33
-207840.656    67.864    -2.23    5.56
-207551.399    67.524    -1.18    5.56
-207262.141    67.575     0.18    5.37
-206972.882    68.276     2.42    5.06
-206683.623    67.993    -0.98    4.66
-206394.364    68.609     2.13    5.41
-206105.103    69.272     2.29    5.53
-205815.843    70.507     4.27    5.70
-205526.581    71.525     3.52    5.47
-205237.319    72.334     2.80    5.37
-204948.057    73.331     3.44    4.98
-204658.794    73.214    -0.40    5.17
-204369.530    72.679    -1.85    5.04
-204080.266    72.145    -1.85    5.10
-203791.002    71.476    -2.31    4.74
-203501.737    70.676    -2.77    4.37
-203212.471    69.645    -3.57    3.70
-202923.204    68.993    -2.25    3.10
-202633.937    68.897    -0.33    3.29
-202344.670    68.765    -0.45    3.19
-202055.402    68.293    -1.63    3.47
-201766.133    67.542    -2.60    3.27
-201476.864    67.193    -1.21    3.34
-201187.594    66.254    -3.25    3.28
-200898.324    65.317    -3.24    3.33
-200609.053    64.676    -2.22    3.14
-200319.782    64.926     0.86    3.23
-200030.510    65.577     2.25    3.51
-199741.237    65.990     1.43    3.48
-199451.964    66.226     0.82    3.48
-199162.690    65.540    -2.37    3.92
-198873.416    64.708    -2.88    4.73
-198584.141    63.661    -3.62    5.50
-198294.865    62.610    -3.63    5.38
-198005.589    60.762    -6.39    4.52
-197716.313    60.300    -1.60    4.26
-197427.035    60.593     1.01    4.52
-197137.757    61.559     3.34    4.79
-196848.479    62.226     2.31    4.66
-196559.200    63.126     3.11    4.13
-196269.920    63.874     2.58    3.69
-195980.640    64.474     2.08    3.65
-195691.359    64.421    -0.19    3.57
-195402.078    64.160    -0.90    3.30
-195112.796    64.068    -0.32    3.08
-194823.513    64.152     0.29    3.11
-194534.230    63.559    -2.05    3.44
-194244.946    62.736    -2.84    3.42
-193955.662    61.762    -3.36    3.39
-193666.377    61.085    -2.34    3.16
-193377.091    59.793    -4.46    3.31
-193087.805    58.748    -3.61    3.39
-192798.518    58.825     0.27    3.43
-192509.231    58.643    -0.63    3.29
-192219.943    58.731     0.30    3.39
-191930.654    59.160     1.48    3.97
-191641.365    59.440     0.97    4.15
-191352.075    59.662     0.77    3.77
-191062.784    59.903     0.83    3.71
-190773.493    60.317     1.43    3.66
-190484.202    60.314    -0.01    3.68
-190194.909    60.248    -0.23    3.63
-189905.616    60.334     0.30    3.61
-189616.323    60.435     0.35    3.66
-189327.028    60.696     0.90    3.86
-189037.734    60.899     0.70    4.28
-188748.438    61.220     1.11    4.63
-188459.142    61.712     1.70    5.12
-188169.845    61.804     0.32    5.18
-187880.548    62.541     2.55    5.00
-187591.250    62.626     0.29    5.02
-187301.951    62.559    -0.23    4.84
-187012.652    62.495    -0.22    4.43
-186723.352    62.039    -1.57    4.69
-186434.052    61.007    -3.57    4.62
-186144.751    60.218    -2.73    4.57
-185855.449    58.150    -7.15    5.77
-185566.147    57.544    -2.10    5.83
-185276.843    57.059    -1.68    6.18
-184987.540    56.949    -0.38    6.20
-184698.235    56.856    -0.32    6.47
-184408.930    56.960     0.36    6.41
-184119.625    57.076     0.40    5.96
-183830.319    56.593    -1.67    6.18
-183541.012    55.326    -4.38    6.43
-183251.704    53.731    -5.51    6.71
-182962.396    51.779    -6.75    7.10
-182673.087    50.541    -4.28    6.89
-182383.777    49.954    -2.03    6.49
-182094.467    50.343     1.35    6.80
-181805.156    49.575    -2.65    7.19
-181515.845    47.695    -6.50    9.79
-181226.533    43.334   -15.07   12.58
-180937.220    40.043   -11.38   13.58
-180647.907    36.423   -12.51   14.02
-180358.592    31.543   -16.87   12.11
-180069.278    26.162   -18.60    7.22
-179779.962    23.400    -9.55    4.88
-179490.646    22.726    -2.33    3.89
-179201.329    22.610    -0.40    3.69
-178912.012    22.819     0.72    4.03
-178622.694    23.507     2.38    4.19
-178333.375    24.022     1.78    4.17
-178044.056    23.976    -0.16    4.25
-177754.735    24.696     2.49    4.73
-177465.415    25.642     3.27    5.05
-177176.093    26.472     2.87    5.29
-176886.771    27.145     2.32    5.76
-176597.448    29.576     8.40    8.77
-176308.125    32.938    11.62   10.65
-176018.800    36.543    12.46   11.37
-175729.476    40.110    12.33   11.12
-175440.150    44.193    14.11   10.27
-175150.824    47.807    12.49    8.41
-174861.497    50.118     7.99    6.59
-174572.169    52.399     7.88    4.55
-174282.841    53.276     3.03    4.32
-173993.512    53.904     2.17    4.58
-173704.182    54.540     2.20    3.93
-173414.852    54.576     0.12    4.10
-173125.521    54.179    -1.37    3.87
-172836.189    53.526    -2.26    4.15
-172546.857    52.910    -2.13    4.05
-172257.523    53.214     1.05    4.18
-171968.190    53.135    -0.27    4.05
-171678.855    53.397     0.90    4.06
-171389.520    53.693     1.02    3.75
-171100.184    53.493    -0.69    4.22
-170810.847    53.455    -0.13    4.73
-170521.510    52.288    -4.03    5.63
-170232.172    52.455     0.58    5.78
-169942.833    52.476     0.07    6.27
-169653.494    52.343    -0.46    6.28
-169364.153    52.343     0.00    5.94
-169074.812    52.560     0.75    5.53
-168785.471    52.869     1.07    5.07
-168496.129    53.110     0.83    4.94
-168206.786    53.455     1.19    4.68
-167917.538    54.183     2.52    4.53
-167628.347    54.826     2.22    4.28
-167339.154    55.260     1.50    4.50
-167049.961    55.714     1.57    4.56
-166760.767    56.039     1.13    4.41
-166471.572    55.200    -2.90    4.12
-166182.377    54.559    -2.21    4.23
-165893.181    54.226    -1.15    4.40
-165603.984    54.145    -0.28    4.55
-165314.787    54.111    -0.12    4.58
-165025.589    54.860     2.59    4.64
-164736.390    55.610     2.60    4.33
-164447.190    56.610     3.46    3.93
-164157.989    57.386     2.68    3.31
-163868.788    58.059     2.33    3.07
-163579.586    58.127     0.24    2.72
-163290.384    58.541     1.43    2.54
-163001.180    58.904     1.26    2.34
-162711.976    59.196     1.01    2.34
-162422.772    59.283     0.30    2.37
-162133.566    59.627     1.19    2.59
-161844.360    60.067     1.52    2.56
-161555.153    60.019    -0.16    2.77
-161265.945    60.051     0.11    2.72
-160976.736    59.660    -1.35    3.01
-160687.527    59.716     0.19    2.64
-160398.317    59.938     0.77    2.99
-160109.106    60.360     1.46    3.49
-159819.895    60.932     1.98    3.83
-159530.682    61.993     3.67    3.52
-159241.469    62.343     1.21    3.63
-158952.255    62.490     0.51    3.70
-158663.041    62.317    -0.60    3.66
-158373.826    62.101    -0.75    3.63
-158084.609    61.457    -2.23    3.18
-157795.393    61.352    -0.37    2.84
-157506.175    60.644    -2.45    2.97
-157216.957    60.312    -1.15    2.78
-156927.738    60.360     0.16    2.88
-156638.518    59.876    -1.67    2.91
-156349.297    59.796    -0.28    2.94
-156060.076    59.526    -0.93    2.81
-155770.853    59.295    -0.80    2.74
-155481.631    59.254    -0.14    2.74
-155192.407    59.817     1.95    2.94
-154903.182    59.593    -0.77    3.26
-154613.957    59.960     1.27    3.50
-154324.731    59.733    -0.78    3.70
-154035.504    59.010    -2.50    4.09
-153746.277    58.084    -3.20    4.23
-153457.048    57.238    -2.93    4.15
-153167.819    56.293    -3.27    4.27
-152878.589    55.762    -1.83    4.45
-152589.358    54.627    -3.92    4.42
-152300.127    53.418    -4.18    5.33
-152010.895    52.339    -3.73    5.80
-151721.662    51.525    -2.81    5.36
-151432.428    51.560     0.12    5.09
-151143.193    51.893     1.15    4.95
-150853.958    51.700    -0.67    4.86
-150564.722    52.220     1.80    4.42
-150275.485    52.076    -0.50    4.28
-149986.247    50.298    -6.15    5.17
-149697.008    47.300   -10.37    7.14
-149407.769    43.455   -13.29    7.91
-149118.529    40.472   -10.31    8.54
-148829.288    38.369    -7.27    7.94
-148540.046    37.970    -1.38    7.05
-148250.803    38.369     1.38    7.33
-147961.560    40.393     7.00    7.66
-147672.316    42.403     6.95    6.53
-147383.071    44.421     6.97    4.52
-147093.825    45.609     4.11    2.79
-146804.578    45.743     0.46    2.69
-146515.331    45.876     0.46    2.56
-146226.083    46.032     0.54    2.49
-145936.834    45.886    -0.50    2.46
-145647.584    46.260     1.29    2.21
-145358.333    46.127    -0.46    2.27
-145069.082    45.943    -0.64    2.58
-144779.829    45.265    -2.34    2.76
-144490.576    44.220    -3.61    3.08
-144201.322    42.733    -5.14    4.02
-143912.067    41.126    -5.56    4.32
-143622.812    39.110    -6.97    4.32
-143333.556    36.145   -10.25    5.94
-143044.298    31.339   -16.61   10.09
-142755.040    26.129   -18.01   12.56
-142465.781    21.403   -16.34   13.27
-142176.522    15.525   -20.32   12.78
-141887.261    11.043   -15.50   10.09
-141598.000     7.544   -12.10    5.73
-141308.738     6.111    -4.95    2.48
-141019.475     6.627     1.78    3.74
-140730.211     7.559     3.22    4.73
-140440.946     9.260     5.88    6.33
-140151.681    10.954     5.86    7.01
-139862.414    13.085     7.37    7.28
-139573.147    15.610     8.73    6.84
-139283.879    18.307     9.32    5.18
-138994.610    19.741     4.95    3.04
-138705.340    20.310     1.97    1.87
-138416.070    20.169    -0.49    1.85
-138126.798    20.179     0.03    2.14
-137837.526    19.968    -0.73    2.21
-137548.253    19.915    -0.18    2.37
-137258.979    19.696    -0.76    2.66
-136969.704    18.888    -2.79    3.22
-136680.429    18.559    -1.14    3.38
-136391.152    18.295    -0.91    3.36
-136101.875    18.386     0.32    3.44
-135812.597    18.662     0.95    3.29
-135523.318    19.331     2.31    3.34
-135234.038    19.645     1.09    3.24
-134944.757    20.695     3.63    3.40
-134655.475    21.541     2.93    3.38
-134366.193    22.400     2.97    3.17
-134076.909    22.937     1.86    2.62
-133787.625    24.260     4.57    4.07
-133498.340    25.741     5.12    5.51
-133209.054    28.505     9.56    7.97
-132919.767    31.214     9.36    9.26
-132630.479    34.293    10.64    9.62
-132341.191    37.390    10.70    8.82
-132051.901    39.904     8.69    8.03
-131762.611    42.576     9.23    6.53
-131473.320    44.748     7.51    5.22
-131184.028    45.265     1.79    4.92
-130894.735    45.695     1.48    4.81
-130605.441    47.118     4.92    4.15
-130316.146    48.248     3.91    3.32
-130026.851    48.559     1.07    3.19
-129737.554    48.432    -0.44    2.87
-129448.257    48.293    -0.48    2.40
-129158.959    47.970    -1.12    2.30
-128869.660    47.644    -1.13    1.96
-128580.360    47.360    -0.98    1.63
-128291.059    47.330    -0.10    1.83
-128001.757    47.076    -0.88    2.30
-127712.454    47.373     1.03    3.36
-127423.151    47.760     1.34    3.55
-127133.846    48.077     1.10    3.70
-126844.541    48.164     0.30    3.81
-126555.235    48.543     1.31    3.79
-126265.928    48.504    -0.14    3.83
-125976.620    48.287    -0.75    3.80
-125687.311    47.830    -1.58    3.79
-125398.001    47.203    -2.17    3.92
-125108.690    46.007    -4.14    4.68
-124819.378    43.874    -7.37    6.45
-124530.066    43.143    -2.53    6.72
-124240.752    42.678    -1.61    6.85
-123951.438    42.527    -0.52    6.88
-123662.123    42.643     0.40    6.92
-123372.807    43.075     1.49    7.36
-123083.489    46.186    10.75    5.43
-122794.171    48.765     8.91    3.71
-122504.853    49.462     2.41    3.39
-122215.533    49.746     0.98    3.55
-121926.212    49.679    -0.23    3.78
-121636.890    49.938     0.89    3.82
-121347.568    49.490    -1.55    4.12
-121058.244    48.855    -2.19    3.90
-120768.920    49.051     0.68    3.98
-120479.594    49.460     1.41    4.07
-120190.268    49.869     1.41    3.75
-119900.941    50.944     3.72    3.64
-119611.613    50.593    -1.21    4.14
-119322.284    49.893    -2.42    4.51
-119032.954    49.216    -2.34    4.99
-118743.623    48.032    -4.09    5.43
-118454.291    47.300    -2.53    5.33
-118164.958    47.034    -0.92    5.17
-117875.625    46.834    -0.69    5.25
-117586.290    47.839     3.47    5.41
-117296.954    48.007     0.58    5.37
-117007.618    48.662     2.26    5.25
-116718.280    48.768     0.37    4.85
-116428.942    49.068     1.03    4.32
-116139.603    49.101     0.12    3.99
-115850.262    48.524    -1.99    3.89
-115560.921    49.390     2.99    3.71
-115271.579    49.879     1.69    3.46
-114982.236    49.903     0.09    3.24
-114692.892    49.576    -1.13    3.43
-114403.547    49.810     0.81    3.85
-114114.201    50.183     1.29    3.87
-113824.854    50.039    -0.50    3.94
-113535.506    49.898    -0.49    3.82
-113246.157    50.390     1.70    3.56
-112956.808    50.511     0.42    3.17
-112667.457    50.396    -0.40    2.87
-112378.105    50.300    -0.33    2.75
-112088.752    50.476     0.61    2.52
-111799.399    50.736     0.90    2.51
-111510.044    50.691    -0.15    2.91
-111220.689    50.695     0.01    2.88
-110931.332    50.593    -0.35    2.89
-110641.975    49.921    -2.32    3.03
-110352.616    49.821    -0.34    3.16
-110063.257    48.644    -4.07    4.36
-109773.897    47.248    -4.82    5.32
-109484.535    45.478    -6.12    6.35
-109195.173    42.860    -9.05    8.05
-108905.810    39.272   -12.40    8.93
-108616.445    36.322   -10.19    9.65
-108327.080    31.403   -17.00   10.19
-108037.714    27.577   -13.22    9.88
-107748.347    24.352   -11.14    8.33
-107458.979    21.593    -9.53    6.08
-107169.610    20.334    -4.35    4.36
-106880.239    19.751    -2.02    3.51
-106590.868    20.167     1.44    3.91
-106301.496    21.610     4.99    4.87
-106012.123    22.970     4.70    5.38
-105722.827    24.768     6.22    5.77
-105433.667    26.093     4.58    5.73
-105144.507    28.326     7.72    6.92
-104855.345    30.457     7.37    7.70
-104566.183    32.560     7.27    8.07
-104277.019    33.369     2.80    8.43
-103987.855    35.800     8.41    8.53
-103698.689    37.662     6.44    7.16
-103409.523    39.507     6.38    6.02
-103120.356    41.167     5.74    4.82
-102831.187    42.093     3.20    4.67
-102542.018    44.000     6.59    3.94
-102252.847    45.272     4.40    4.25
-101963.676    45.660     1.34    4.70
-101674.503    46.003     1.19    5.54
-101385.330    46.559     1.92    6.72
-101096.155    45.695    -2.99    8.37
-100806.980    45.698     0.01    9.07
-100517.804    45.972     0.95    9.32
-100228.626    45.993     0.07    8.58
 -99939.448    46.626     2.19    8.48
 -99650.268    47.432     2.79    8.36
 -99361.088    48.004     1.98    7.56
 -99071.906    50.326     8.03    7.88
 -98782.723    52.453     7.35    6.75
 -98493.540    53.790     4.62    7.10
 -98204.355    54.678     3.07    7.78
 -97915.170    55.765     3.76    7.67
 -97625.983    57.779     6.96    7.41
 -97336.795    59.825     7.07    6.81
 -97047.607    60.176     1.21    6.76
 -96758.417    61.644     5.07    6.06
 -96469.226    61.860     0.75    5.67
 -96180.035    62.376     1.79    4.61
 -95890.842    62.681     1.05    4.63
 -95601.648    62.779     0.34    4.38
 -95312.453    62.972     0.67    4.57
 -95023.257    63.010     0.13    4.13
 -94734.060    61.847    -4.02    5.27
 -94444.863    60.127    -5.95    5.83
 -94155.664    59.041    -3.76    5.92
 -93866.464    58.488    -1.91    5.80
 -93577.262    58.260    -0.79    5.87
 -93288.060    57.508    -2.60    6.07
 -92998.857    56.593    -3.16    6.11
 -92709.653    56.610     0.06    6.17
 -92420.448    57.277     2.31    6.12
 -92131.242    57.376     0.34    6.53
 -91842.034    58.693     4.55    6.89
 -91552.826    60.462     6.12    6.21
 -91263.617    62.265     6.24    4.46
 -90974.406    63.334     3.70    3.41
 -90685.195    62.817    -1.79    4.10
 -90395.982    61.421    -4.83    5.59
 -90106.768    59.036    -8.25    6.74
 -89817.554    55.300   -12.92    9.31
 -89528.338    49.869   -18.78   11.18
 -89239.121    47.627    -7.75   10.34
 -88949.904    46.438    -4.11   10.82
 -88660.685    46.249    -0.65   11.02
 -88371.465    46.472     0.77   11.51
 -88082.244    48.525     7.10   11.72
 -87793.022    51.260     9.45   11.41
 -87503.798    53.041     6.16   10.29
 -87214.574    55.093     7.09    7.79
 -86925.349    56.932     6.36    5.86
 -86636.123    58.216     4.44    5.77
 -86346.895    59.218     3.46    5.36
 -86057.667    59.714     1.71    5.36
 -85768.437    60.817     3.82    5.67
 -85479.206    61.706     3.07    5.32
 -85189.975    62.276     1.97    4.45
 -84900.742    62.972     2.41    4.00
 -84611.508    62.203    -2.66    5.08
 -84322.273    61.891    -1.08    5.36
 -84033.037    61.270    -2.15    5.13
 -83743.800    61.043    -0.79    5.16
 -83454.562    60.976    -0.23    5.07
 -83165.323    60.593    -1.33    5.23
 -82876.082    61.119     1.82    4.94
 -82586.841    61.762     2.22    4.78
 -82297.598    61.869     0.37    4.31
 -82008.355    62.790     3.18    3.55
 -81719.110    63.243     1.57    3.01
 -81429.864    63.295     0.18    3.02
 -81140.617    63.271    -0.08    2.58
 -80851.369    62.834    -1.51    2.79
 -80562.120    62.026    -2.79    3.23
 -80272.870    61.966    -0.21    3.47
 -79983.619    61.746    -0.76    3.57
 -79694.366    61.386    -1.24    3.67
 -79405.113    60.996    -1.35    4.06
 -79115.858    60.806    -0.66    4.05
 -78826.603    59.776    -3.56    4.74
 -78537.346    59.158    -2.14    4.51
 -78248.088    58.438    -2.49    5.03
 -77958.829    57.524    -3.16    4.96
 -77669.569    57.491    -0.11    4.83
 -77380.307    57.627     0.47    4.98
 -77091.045    58.527     3.11    5.32
 -76801.782    59.455     3.21    5.25
 -76512.517    60.265     2.80    4.41
 -76223.251    60.196    -0.24    4.64
 -75933.985    58.834    -4.71    5.95
 -75644.717    57.843    -3.43    6.38
 -75355.448    56.886    -3.31    6.29
 -75066.178    56.260    -2.17    6.00
 -74776.906    55.522    -2.55    6.08
 -74487.634    54.990    -1.84    6.07
 -74198.360    53.126    -6.44    7.25
 -73909.086    51.293    -6.34    7.64
 -73619.810    49.314    -6.84    7.78
 -73330.533    47.111    -7.62    8.23
 -73041.255    44.800    -7.99    7.80
 -72751.976    43.490    -4.53    7.56
 -72462.696    43.360    -0.45    7.79
 -72173.414    45.068     5.91    8.57
 -71884.132    47.834     9.56    9.57
 -71594.848    52.543    16.28    8.20
 -71305.563    55.611    10.60    5.92
 -71016.277    57.443     6.33    4.46
 -70726.990    58.915     5.09    3.88
 -70437.702    59.783     3.00    2.92
 -70148.413    59.695    -0.30    2.51
 -69859.122    59.226    -1.62    2.85
 -69569.830    58.926    -1.04    3.17
 -69280.538    58.938     0.04    2.96
 -68991.244    59.060     0.42    2.87
 -68701.949    59.326     0.92    3.31
 -68412.652    59.435     0.38    3.29
 -68123.355    59.710     0.95    3.72
 -67834.056    60.679     3.35    2.96
 -67544.757    60.626    -0.18    2.81
 -67255.456    60.276    -1.21    2.76
 -66966.154    59.645    -2.18    3.34
 -66676.851    58.283    -4.71    4.26
 -66387.546    57.182    -3.80    4.59
 -66098.241    56.226    -3.30    4.62
 -65808.934    55.508    -2.48    4.69
 -65519.626    55.126    -1.32    4.68
 -65230.317    54.490    -2.20    4.93
 -64941.007    54.093    -1.37    4.87
 -64651.696    54.210     0.40    5.56
 -64362.384    53.300    -3.14    5.57
 -64073.070    52.426    -3.02    5.50
 -63783.755    50.847    -5.46    5.76
 -63494.439    49.438    -4.87    6.13
 -63205.122    46.938    -8.64    8.10
 -62915.804    41.852   -17.58   10.35
 -62626.484    39.216    -9.11    9.66
 -62337.164    36.765    -8.47    8.69
 -62047.842    35.352    -4.89    7.54
 -61758.519    36.524     4.05    8.39
 -61469.194    40.403    13.41   10.31
 -61179.869    45.577    17.88    9.35
 -60890.543    49.576    13.82    8.30
 -60601.215    52.000     8.38    6.58
 -60311.886    53.575     5.45    5.77
 -60022.556    54.110     1.85    5.46
 -59733.224    54.426     1.09    5.47
 -59443.892    54.864     1.51    5.74
 -59154.558    55.790     3.20    6.85
 -58865.223    57.593     6.23    6.81
 -58575.887    59.386     6.20    6.60
 -58286.550    60.879     5.16    6.38
 -57997.212    61.976     3.79    6.07
 -57707.872    63.200     4.23    4.97
 -57418.531    63.559     1.24    4.50
 -57129.189    63.254    -1.05    4.66
 -56839.846    63.748     1.71    4.53
 -56550.501    64.343     2.06    3.84
 -56261.156    64.960     2.13    3.19
 -55971.809    65.510     1.90    2.73
 -55682.461    65.693     0.63    2.92
 -55393.112    65.817     0.43    2.44
 -55103.761    65.695    -0.42    2.45
 -54814.409    65.679    -0.05    2.35
 -54525.057    65.790     0.38    2.27
 -54235.702    65.510    -0.97    2.21
 -53946.347    65.289    -0.76    2.26
 -53656.991    64.714    -1.99    2.52
 -53367.633    64.438    -0.95    2.74
 -53078.274    64.310    -0.44    3.08
 -52788.914    63.762    -1.89    3.33
 -52499.552    63.276    -1.68    3.76
 -52210.190    62.731    -1.88    4.11
 -51920.826    61.874    -2.96    4.36
 -51631.461    61.426    -1.55    4.18
 -51342.095    61.476     0.17    4.45
 -51052.727    61.641     0.57    4.22
 -50763.358    62.347     2.44    4.42
 -50473.988    63.800     5.02    3.37
 -50184.617    64.169     1.28    3.20
 -49895.245    64.576     1.40    2.67
 -49605.871    64.609     0.12    2.92
 -49316.496    64.576    -0.12    2.96
 -49027.120    64.507    -0.24    3.11
 -48737.743    63.610    -3.10    3.36
 -48448.364    61.852    -6.08    4.40
 -48158.984    60.910    -3.26    5.08
 -47869.603    60.231    -2.35    5.44
 -47580.221    59.876    -1.23    5.65
 -47290.838    60.057     0.63    5.49
 -47001.453    60.386     1.14    5.52
 -46712.067    61.793     4.86    4.95
 -46422.679    63.126     4.61    3.72
 -46133.291    63.265     0.48    3.35
 -45843.901    63.504     0.82    3.24
 -45554.510    63.627     0.43    3.16
 -45265.118    63.817     0.66    3.13
 -44975.724    64.343     1.82    3.10
 -44686.330    64.331    -0.04    3.17
 -44396.933    64.921     2.04    3.15
 -44107.536    65.843     3.19    2.73
 -43818.138    65.856     0.05    2.88
 -43528.762    66.293     1.51    2.83
 -43239.633    65.474    -2.83    3.60
 -42950.503    64.765    -2.45    4.16
 -42661.371    64.559    -0.71    4.19
 -42372.239    64.176    -1.32    4.19
 -42083.105    64.010    -0.58    4.17
 -41793.969    64.386     1.30    3.75
 -41504.833    64.712     1.13    3.78
 -41215.695    65.276     1.95    3.36
 -40926.556    65.575     1.03    2.94
 -40637.416    65.712     0.47    2.61
 -40348.275    66.369     2.27    2.40
 -40059.132    66.760     1.35    2.53
 -39769.988    66.843     0.29    2.77
 -39480.842    66.748    -0.33    2.76
 -39191.696    66.817     0.24    2.82
 -38902.548    66.718    -0.34    2.94
 -38613.399    66.293    -1.47    3.37
 -38324.248    65.743    -1.90    3.81
 -38035.097    64.676    -3.69    4.34
 -37745.944    63.559    -3.87    4.31
 -37456.789    62.504    -3.65    4.72
 -37167.634    61.760    -2.57    4.78
 -36878.477    60.145    -5.58    5.05
 -36589.319    59.593    -1.91    4.81
 -36300.159    59.421    -0.60    4.48
 -36010.999    59.765     1.19    4.44
 -35721.837    60.300     1.85    3.74
 -35432.673    59.955    -1.19    3.85
 -35143.509    59.806    -0.52    4.36
 -34854.343    59.714    -0.32    4.39
 -34565.176    59.093    -2.15    5.13
 -34276.007    58.968    -0.43    5.00
 -33986.838    58.627    -1.18    5.21
 -33697.666    58.561    -0.23    4.63
 -33408.494    58.169    -1.35    4.34
 -33119.320    57.339    -2.87    4.51
 -32830.145    56.470    -3.00    4.45
 -32540.969    55.093    -4.76    4.54
 -32251.792    54.110    -3.40    4.68
 -31962.613    52.893    -4.21    4.69
 -31673.433    51.743    -3.98    4.62
 -31384.251    50.783    -3.32    5.06
 -31095.068    48.949    -6.34    5.47
 -30805.884    47.450    -5.18    6.76
 -30516.699    44.293   -10.92    7.99
 -30227.512    42.937    -4.69    7.74
 -29938.324    42.576    -1.25    8.03
 -29649.134    43.152     1.99    8.42
 -29359.944    44.921     6.11    9.65
 -29070.752    47.393     8.55    9.40
 -28781.558    50.776    11.70    7.37
 -28492.364    52.710     6.69    4.84
 -28203.168    53.135     1.47    4.64
 -27913.970    53.386     0.87    4.45
 -27624.772    53.910     1.81    4.56
 -27335.572    55.231     4.57    5.43
 -27046.371    56.134     3.12    5.66
 -26757.168    57.410     4.41    5.68
 -26467.964    59.300     6.54    5.19
 -26178.759    60.369     3.70    4.72
 -25889.552    61.075     2.44    4.20
 -25600.344    61.282     0.71    4.49
 -25311.135    61.796     1.78    4.82
 -25021.924    62.260     1.60    5.17
 -24732.712    62.903     2.23    5.23
 -24443.499    63.593     2.38    5.17
 -24154.284    64.476     3.05    4.59
 -23865.068    65.731     4.34    3.50
 -23575.851    65.293    -1.51    3.78
 -23286.632    64.748    -1.88    3.79
 -22997.412    64.455    -1.01    3.66
 -22708.191    64.559     0.36    3.08
 -22418.968    64.317    -0.83    3.06
 -22129.744    64.232    -0.29    3.20
 -21840.519    63.662    -1.97    3.53
 -21551.292    62.955    -2.44    4.26
 -21262.064    62.696    -0.89    4.42
 -20972.834    62.627    -0.24    3.76
 -20683.604    62.383    -0.84    3.76
 -20394.371    61.576    -2.79    4.48
 -20105.138    60.743    -2.88    5.36
 -19815.903    60.032    -2.46    5.64
 -19526.667    59.334    -2.41    5.90
 -19237.429    58.926    -1.41    5.91
 -18948.190    59.017     0.31    6.07
 -18658.950    59.743     2.51    5.79
 -18369.708    60.289     1.89    6.22
 -18080.465    61.576     4.45    6.42
 -17791.220    62.914     4.63    6.54
 -17501.975    64.460     5.34    5.89
 -17212.727    65.510     3.63    5.20
 -16923.479    65.627     0.41    4.75
 -16634.229    66.110     1.67    4.44
 -16344.978    66.024    -0.30    4.22
 -16055.725    66.118     0.33    3.97
 -15766.471    66.293     0.60    3.76
 -15477.215    66.510     0.75    3.62
 -15187.959    66.510     0.00    3.16
 -14898.700    65.972    -1.86    3.57
 -14609.441    65.034    -3.24    4.16
 -14320.180    63.731    -4.50    4.72
 -14030.917    62.970    -2.63    4.89
 -13741.654    61.026    -6.72    5.23
 -13452.389    59.754    -4.40    5.21
 -13163.122    59.525    -0.79    5.21
 -12873.854    57.200    -8.04    6.69
 -12584.585    56.839    -1.25    6.66
 -12295.314    56.343    -1.71    7.02
 -12006.042    55.460    -3.05    7.44
 -11716.768    54.300    -4.01    7.60
 -11427.494    52.972    -4.59    7.71
 -11138.217    53.220     0.86    7.93
 -10848.940    52.881    -1.17    8.56
 -10559.660    52.512    -1.27    8.38
 -10270.380    51.748    -2.64    8.40
  -9981.098    51.559    -0.66    7.94
  -9691.815    51.386    -0.60    7.94
  -9402.530    51.369    -0.06    7.53
  -9113.244    51.413     0.15    6.51
  -8823.956    51.093    -1.11    6.71
  -8534.668    49.507    -5.48    8.42
  -8245.377    48.834    -2.32    8.16
  -7956.085    48.508    -1.13    8.33
  -7666.792    48.710     0.70    8.38
  -7377.498    48.248    -1.60    8.39
  -7088.202    47.910    -1.17    7.53
  -6798.904    48.022     0.39    7.02
  -6509.605    49.179     4.00    6.20
  -6220.305    50.243     3.68    4.90
  -5931.004    51.176     3.23    4.97
  -5641.700    51.643     1.61    4.54
  -5352.396    52.861     4.21    4.34
  -5063.090    53.007     0.50    5.15
  -4773.783    54.196     4.11    5.04
  -4484.474    54.643     1.54    5.00
  -4195.164    55.314     2.32    4.84
  -3905.852    56.300     3.41    4.43
  -3616.539    57.076     2.68    3.66
  -3327.224    57.067    -0.03    3.44
  -3037.908    56.760    -1.06    4.18
  -2748.591    55.643    -3.86    4.86
  -2459.272    54.731    -3.15    5.48
  -2169.952    51.326   -11.77    7.78
  -1880.630    46.376   -17.11   14.29
  -1591.307    39.762   -22.86   19.40
  -1301.982    29.593   -35.15   23.48
  -1012.656    21.627   -27.53   23.39
   -723.329    12.160   -32.72   19.70
   -434.000     5.119   -24.33   14.43
   -144.670     0.193   -17.03    5.19
    144.662    -0.735    -3.21    3.12
    433.995    -0.718     0.06    3.06
    723.330    -0.340     1.31    3.76
   1012.666     0.610     3.29    6.17
   1302.004     2.507     6.55    7.83
   1591.343     3.593     3.75    8.02
   1880.683     5.986     8.27    9.24
   2170.025     7.476     5.15    9.00
   2459.369     8.426     3.28    8.53
   2748.714     9.300     3.02    7.69
   3038.060    10.682     4.78    6.72
   3327.408    12.560     6.49    6.79
   3616.757    15.145     8.93    6.38
   3906.108    16.526     4.77    6.45
   4195.460    17.679     3.98    6.13
   4484.814    17.800     0.42    6.50
   4774.169    17.748    -0.18    6.50
   5063.526    15.714    -7.03    7.85
   5352.884    13.560    -7.44    8.28
   5642.243    13.386    -0.60    7.76
   5931.604    13.326    -0.21    7.64
   6220.967    14.057     2.53    7.50
   6510.331    15.474     4.90    7.55
   6799.696    17.561     7.21    6.51
   7089.063    19.305     6.03    4.42
   7378.432    20.339     3.57    2.28
   7667.802    20.751     1.42    2.30
   7957.173    20.869     0.41    2.51
   8246.546    20.976     0.37    2.88
   8535.920    20.810    -0.58    3.26
   8825.296    20.343    -1.61    4.36
   9114.673    20.283    -0.21    4.95
   9404.052    19.203    -3.73    6.68
   9693.432    18.789    -1.43    6.88
   9982.814    17.943    -2.92    7.38
  10272.198    16.839    -3.82    7.57
  10561.582    17.024     0.64    6.40
  10850.969    16.542    -1.67    6.32
  11140.356    17.283     2.56    4.36
  11429.746    17.360     0.27    4.28
  11719.136    17.793     1.50    3.12
  12008.529    18.060     0.92    3.08
  12297.922    18.310     0.86    3.09
  12587.318    19.242     3.22    3.43
  12876.714    19.376     0.46    3.72
  13166.113    19.352    -0.09    3.91
  13455.513    19.460     0.37    4.00
  13744.914    19.966     1.75    4.14
  14034.317    20.154     0.65    4.36
  14323.721    20.059    -0.33    5.23
  14613.127    19.789    -0.93    5.37
  14902.534    19.776    -0.05    5.65
  15191.943    20.542     2.65    5.49
  15481.353    20.193    -1.21    5.53
  15770.765    20.472     0.97    4.92
  16060.179    20.751     0.96    4.15
  16349.594    20.793     0.15    4.08
  16639.010    20.491    -1.04    4.09
  16928.428    19.593    -3.10    4.34
  17217.847    19.119    -1.64    4.08
  17507.268    18.576    -1.88    3.78
  17796.691    18.127    -1.55    3.48
  18086.115    18.283     0.54    2.86
  18375.541    18.691     1.41    2.57
  18664.968    19.300     2.10    1.88
  18954.127    19.559     0.89    2.14
  19243.227    19.265    -1.01    2.98
  19532.328    19.076    -0.66    3.52
  19821.431    19.118     0.14    4.30
  20110.535    19.334     0.75    4.27
  20399.641    19.847     1.77    4.40
  20688.748    20.137     1.00    4.49
  20977.857    20.007    -0.45    4.66
  21266.967    19.843    -0.57    4.62
  21556.079    20.068     0.78    4.53
  21845.192    18.921    -3.97    4.60
  22134.307    18.272    -2.25    4.48
  22423.424    17.524    -2.59    4.11
  22712.542    16.926    -2.07    3.56
  23001.661    17.109     0.63    3.19
  23290.782    17.626     1.79    3.28
  23579.905    17.903     0.96    2.90
  23869.029    18.593     2.39    2.90
  24158.155    18.716     0.42    2.87
  24447.282    18.643    -0.25    2.91
  24736.411    18.310    -1.15    3.13
  25025.542    17.910    -1.38    3.10
  25314.674    17.237    -2.33    2.81
  25603.807    16.921    -1.09    2.87
  25892.942    17.051     0.45    2.57
  26182.079    16.662    -1.34    2.57
  26471.217    16.068    -2.05    2.63
  26760.357    15.660    -1.41    2.53
  27049.498    15.254    -1.40    2.39
  27338.641    14.714    -1.87    2.28
  27627.786    14.196    -1.79    2.04
  27916.932    13.793    -1.40    2.00
  28206.079    13.559    -0.81    1.79
  28495.228    13.493    -0.23    2.08
  28784.379    13.093    -1.38    2.61
  29073.532    12.453    -2.21    2.73
  29362.685    12.017    -1.51    3.24
  29651.841    11.305    -2.46    3.04
  29940.998    10.593    -2.46    3.30
  30230.157     9.903    -2.39    3.12
  30519.317     9.490    -1.43    2.88
  30808.479     9.559     0.24    2.82
  31097.642     9.714     0.54    2.58
  31386.807     9.577    -0.47    2.57
  31675.973     9.886     1.07    2.70
  31965.141    11.748     6.44    6.49
  32254.311    13.403     5.72    8.27
  32543.482    16.710    11.43    9.67
  32832.655    19.710    10.37   10.20
  33121.830    23.541    13.25   10.05
  33411.006    27.210    12.69    8.86
  33700.183    29.861     9.17    5.87
  33989.363    31.662     6.23    4.04
  34278.543    32.926     4.37    3.36
  34567.726    33.661     2.54    2.73
  34856.910    34.150     1.69    2.62
  35146.095    34.557     1.41    2.68
  35435.283    34.990     1.49    3.01
  35724.471    35.347     1.24    2.86
  36013.662    35.476     0.45    2.74
  36302.854    35.691     0.74    2.77
  36592.048    36.196     1.75    2.49
  36881.243    36.510     1.08    3.26
  37170.440    37.119     2.11    3.10
  37459.638    37.331     0.73    3.12
  37748.838    38.126     2.75    2.07
  38038.040    38.476     1.21    2.10
  38327.243    38.143    -1.15    2.49
  38616.448    37.559    -2.02    2.77
  38905.654    36.813    -2.58    2.90
  39194.863    36.248    -1.95    3.19
  39484.072    35.986    -0.90    3.37
  39773.284    35.743    -0.84    3.55
  40062.497    35.522    -0.77    4.00
  40351.711    35.254    -0.93    3.92
  40640.927    34.834    -1.45    4.11
  40930.145    34.693    -0.49    3.86
  41219.365    34.915     0.77    3.32
  41508.586    34.860    -0.19    2.72
  41797.809    34.041    -2.83    2.80
  42087.033    33.926    -0.40    3.11
  42376.259    33.793    -0.46    3.23
  42665.487    33.143    -2.25    4.17
  42954.716    32.174    -3.35    5.12
  43243.947    31.874    -1.04    4.79
  43533.179    31.696    -0.61    4.72
  43822.413    31.847     0.52    4.35
  44111.649    31.990     0.49    3.90
  44400.887    32.101     0.39    3.51
  44690.126    31.886    -0.74    3.36
  44979.366    30.541    -4.65    4.49
  45268.609    29.317    -4.23    5.01
  45557.853    28.152    -4.03    5.18
  45847.098    27.576    -1.99    5.14
  46136.346    27.196    -1.31    5.03
  46425.595    27.560     1.26    5.44
  46714.845    27.593     0.12    5.55
  47004.098    27.869     0.95    5.62
  47293.351    27.960     0.31    5.70
  47582.607    28.210     0.86    5.62
  47871.864    28.476     0.92    5.91
  48161.123    28.164    -1.08    5.97
  48450.384    27.593    -1.98    6.31
  48739.646    27.179    -1.43    6.73
  49028.910    27.360     0.62    7.13
  49318.175    26.921    -1.52    7.17
  49607.442    26.645    -0.95    7.09
  49896.711    26.776     0.45    7.17
  50185.982    27.874     3.79    6.28
  50475.254    28.360     1.68    5.38
  50764.528    28.676     1.09    4.61
  51053.803    29.610     3.23    3.61
  51343.080    30.160     1.90    3.35
  51632.359    30.526     1.27    3.03
  51921.640    31.026     1.73    3.13
  52210.922    31.593     1.96    2.97
  52500.206    31.691     0.34    2.94
  52789.491    31.593    -0.34    3.03
  53078.778    31.681     0.30    3.00
  53368.067    31.762     0.28    3.21
  53657.358    31.300    -1.60    3.52
  53946.650    30.726    -1.98    3.38
  54235.944    29.610    -3.86    3.93
  54525.240    27.356    -7.79    6.08
  54814.537    24.110   -11.22    7.29
  55103.836    20.944   -10.95    8.06
  55393.137    17.855   -10.68    8.49
  55682.439    13.726   -14.27    7.99
  55971.743    10.806   -10.09    6.41
  56261.049    10.508    -1.03    6.71
  56550.356    13.334     9.77   10.24
  56839.665    16.910    12.36   12.48
  57128.976    22.300    18.63   13.53
  57418.289    26.970    16.14   11.96
  57707.603    31.645    16.16    7.96
  57996.919    34.817    10.97    3.16
  58286.237    35.783     3.34    2.36
  58575.556    35.800     0.06    2.24
  58864.877    35.773    -0.09    2.44
  59154.200    36.059     0.99    2.56
  59443.524    36.193     0.46    2.48
  59732.850    36.486     1.01    2.21
  60022.178    36.356    -0.45    2.13
  60311.508    36.527     0.59    2.14
  60600.839    36.644     0.40    2.01
  60890.172    36.876     0.80    2.07
  61179.507    36.804    -0.25    1.95
  61468.843    36.869     0.23    1.90
  61758.181    36.746    -0.43    2.23
  62047.521    36.776     0.11    2.15
  62336.863    36.964     0.65    2.11
  62626.206    36.800    -0.57    2.17
  62915.551    37.093     1.01    2.29
  63204.898    37.470     1.30    2.66
  63494.246    37.976     1.75    2.96
  63783.596    38.678     2.42    3.49
  64072.948    39.407     2.52    4.32
  64362.302    40.017     2.11    4.08
  64651.657    40.593     1.99    3.87
  64941.014    40.493    -0.35    3.78
  65230.373    39.407    -3.75    3.75
  65519.734    37.937    -5.08    5.28
  65809.096    35.693    -7.76    6.84
  66098.460    32.593   -10.71    8.24
  66387.826    29.305   -11.36    9.58
  66677.193    24.041   -18.19   10.72
  66966.563    20.493   -12.26    9.60
  67255.934    17.542   -10.20    7.71
  67545.306    15.729    -6.27    6.47
  67834.681    14.990    -2.55    5.67
  68124.057    16.736     6.03    4.78
  68413.435    16.118    -2.13    5.75
  68702.815    14.644    -5.10    8.08
  68992.196    13.691    -3.29    9.05
  69281.579    12.627    -3.68    9.34
  69570.964    12.260    -1.27    9.18
  69860.351    11.626    -2.19    9.00
  70149.740    12.135     1.76    8.49
  70439.130    12.160     0.08    7.78
  70728.522    14.102     6.71    6.61
  71017.915    15.869     6.11    4.52
  71307.311    16.972     3.81    3.84
  71596.708    18.403     4.94    3.68
  71886.107    18.904     1.73    3.37
  72175.508    18.955     0.17    4.95
  72464.911    18.118    -2.89    7.03
  72754.315    15.772    -8.11    8.96
  73043.721    11.746   -13.91   10.64
  73333.129     9.770    -6.82   10.09
  73622.538     8.983    -2.72    9.19
  73911.950     8.661    -1.11    8.16
  74201.363    10.472     6.26    7.71
  74490.778    11.990     5.24    6.88
  74780.195    14.526     8.77    4.90
  75069.613    16.000     5.09    3.09
  75359.033    14.819    -4.08    6.16
  75648.455    13.932    -3.06    7.52
  75937.879    12.876    -3.65    8.29
  76227.305    12.242    -2.19    8.63
  76516.732    11.593    -2.24    8.70
  76806.161    11.526    -0.23    8.59
  77095.592    11.118    -1.41    8.39
  77385.025    11.627     1.76    8.26
  77674.459    10.789    -2.89    8.43
  77963.896    11.743     3.29    8.35
  78253.334    12.203     1.59    8.25
  78542.774    12.363     0.55    7.60
  78832.215    12.678     1.09    7.14
  79121.659    13.039     1.25    6.73
  79411.104    14.729     5.84    4.79
  79700.551    16.076     4.65    1.29
  79990.000    16.160     0.29    1.13
  80279.450    16.220     0.21    1.24
  80568.903    16.714     1.71    1.79
  80858.357    16.817     0.36    2.09
  81147.602    16.748    -0.24    2.21
  81436.670    17.085     1.16    2.32
  81725.740    17.334     0.86    2.55
  82014.811    18.017     2.36    2.99
  82303.884    17.921    -0.33    3.95
  82592.959    17.248    -2.33    5.12
  82882.036    15.347    -6.58    7.83
  83171.115    13.310    -7.05    9.41
  83460.195    11.724    -5.48    9.69
  83749.278     9.646    -7.19    8.97
  84038.362     9.765     0.41    8.47
  84327.447    10.143     1.31    8.11
  84616.535    10.214     0.24    7.37
  84905.625    12.003     6.19    6.25
  85194.716    13.886     6.51    3.99
  85483.809    14.271     1.33    3.75
  85772.904    14.414     0.50    3.70
  86062.001    14.826     1.42    3.68
  86351.099    15.724     3.11    3.82
  86640.200    15.921     0.68    5.11
  86929.302    15.860    -0.21    5.83
  87218.406    16.093     0.81    6.21
  87507.512    16.610     1.79    6.31
  87796.620    16.695     0.29    6.02
  88085.729    16.661    -0.12    5.68
  88374.840    14.544    -7.32   12.51
  88663.954    14.486    -0.20   12.51
  88953.069    14.326    -0.55   12.27
  89242.186    13.435    -3.08   12.36
  89531.304    12.980    -1.57   11.84
  89820.425    13.510     1.83    9.10
  90109.547    14.126     2.13    4.32
  90398.671    13.712    -1.43    4.30
  90687.797    13.432    -0.97    4.25
  90976.925    13.426    -0.02    4.41
  91266.055    14.000     1.98    4.42
  91555.186    14.429     1.48    4.38
  91844.320    15.390     3.32    3.45
  92133.455    16.057     2.31    3.41
  92422.592    16.237     0.62    3.00
  92711.731    16.886     2.24    2.74
  93000.872    17.026     0.48    2.48
  93290.015    16.813    -0.74    2.48
  93579.159    16.627    -0.64    2.21
  93868.305    16.852     0.78    1.71
  94157.454    16.955     0.36    1.60
  94446.604    17.052     0.34    1.66
  94735.756    17.490     1.51    1.90
  95024.909    17.576     0.30    1.95
  95314.065    17.593     0.06    2.09
  95603.223    17.714     0.42    2.20
  95892.382    17.544    -0.59    2.29
  96181.543    17.860     1.09    2.34
  96470.706    17.855    -0.02    2.34
  96759.871    17.698    -0.54    2.21
  97049.038    17.886     0.65    2.13
  97338.207    17.893     0.02    2.26
  97627.377    17.283    -2.11    2.75
  97916.550    16.183    -3.80    3.16
  98205.724    15.783    -1.39    3.20
  98494.900    15.661    -0.42    3.09
  98784.078    15.825     0.57    2.93
  99073.258    16.126     1.04    3.01
  99362.440    16.576     1.56    3.09
  99651.624    17.403     2.86    3.06
  99940.809    18.243     2.90    2.81
 100229.997    18.852     2.10    2.60
 100519.186    19.541     2.38    2.06
 100808.377    20.305     2.64    1.47
 101097.570    20.661     1.23    1.46
 101386.765    20.659    -0.01    1.65
 101675.962    20.897     0.82    1.66
 101965.161    20.710    -0.65    1.72
 102254.362    20.523    -0.65    1.78
 102543.564    20.625     0.35    1.85
 102832.769    20.676     0.18    2.15
 103121.975    21.660     3.40    3.72
 103411.183    24.093     8.41    6.66
 103700.393    27.218    10.81    8.30
 103989.605    30.068     9.86    8.48
 104278.819    33.457    11.72    7.27
 104568.035    35.839     8.23    5.82
 104857.253    37.810     6.81    3.58
 105146.472    38.397     2.03    3.09
 105435.694    38.932     1.85    2.48
 105724.917    39.110     0.62    2.49
 106014.143    39.347     0.82    2.46
 106303.370    39.898     1.91    2.61
 106592.599    40.472     1.99    2.19
 106881.830    40.541     0.24    2.02
 107171.063    41.110     1.97    1.95
 107460.298    41.167     0.20    1.93
 107749.535    40.990    -0.61    2.05
 108038.774    39.693    -4.48    4.44
 108328.014    38.369    -4.58    5.44
 108617.257    37.559    -2.80    6.02
 108906.501    37.232    -1.13    5.95
 109195.748    37.026    -0.71    5.96
 109484.996    37.460     1.50    5.95
 109774.246    38.382     3.19    5.55
 110063.498    39.990     5.56    3.94
 110352.753    40.426     1.51    2.74
 110642.009    40.610     0.64    3.05
 110931.267    40.776     0.57    3.19
 111220.526    40.990     0.74    2.93
 111509.788    40.695    -1.02    2.93
 111799.052    40.698     0.01    2.64
 112088.318    40.626    -0.25    2.60
 112377.585    40.626    -0.00    2.48
 112666.855    40.490    -0.47    2.21
 112956.126    40.710     0.76    2.06
 113245.400    40.886     0.61    2.14
 113534.675    40.898     0.04    2.14
 113823.953    40.813    -0.29    2.06
 114113.232    40.932     0.41    2.12
 114402.513    41.544     2.12    2.38
 114691.796    41.944     1.38    2.45
 114981.081    42.493     1.90    2.63
 115270.368    42.421    -0.25    2.64
 115559.657    41.335    -3.75    4.18
 115848.948    40.176    -4.01    4.93
 116138.241    39.410    -2.65    5.22
 116427.536    38.455    -3.30    5.07
 116716.833    38.093    -1.25    4.90
 117006.132    38.462     1.28    5.04
 117295.432    39.305     2.91    5.30
 117584.735    40.675     4.74    4.40
 117874.040    42.024     4.66    3.02
 118163.346    41.575    -1.55    3.27
 118452.655    41.276    -1.03    3.11
 118741.965    41.248    -0.10    3.29
 119031.278    41.276     0.10    3.63
 119320.592    41.162    -0.40    3.34
 119609.909    41.300     0.48    2.90
 119899.227    41.921     2.15    2.82
 120188.548    42.369     1.55    2.62
 120477.870    42.298    -0.25    2.55
 120767.194    42.283    -0.05    2.64
 121056.521    42.510     0.78    2.86
 121345.849    42.317    -0.67    2.73
 121635.179    42.678     1.25    2.63
 121924.511    42.238    -1.52    2.81
 122213.845    42.276     0.13    2.81
 122503.182    42.773     1.72    2.77
 122792.520    43.242     1.62    2.88
 123081.860    43.455     0.74    2.97
 123371.202    43.288    -0.58    3.12
 123660.546    42.976    -1.08    2.91
 123949.892    42.610    -1.27    3.06
 124239.240    42.145    -1.61    3.08
 124528.590    41.746    -1.38    3.01
 124817.943    41.400    -1.19    3.13
 125107.297    41.793     1.36    3.22
 125396.653    42.376     2.02    3.27
 125686.011    42.869     1.70    2.95
 125975.371    43.305     1.51    2.61
 126264.733    43.143    -0.56    2.53
 126554.097    42.993    -0.52    2.38
 126843.463    42.644    -1.21    2.64
 127132.831    41.760    -3.06    2.97
 127422.201    41.793     0.12    2.94
 127711.573    40.955    -2.90    3.47
 128000.947    40.760    -0.68    3.68
 128290.323    39.610    -3.97    3.78
 128579.701    39.036    -1.99    3.85
 128869.081    38.810    -0.78    3.81
 129158.463    38.748    -0.21    3.68
 129447.847    39.162     1.43    3.95
 129737.234    40.414     4.33    3.98
 130026.622    40.810     1.37    3.85
 130316.012    40.226    -2.02    4.99
 130605.404    39.710    -1.79    5.70
 130894.798    39.162    -1.89    5.94
 131184.194    38.932    -0.79    5.52
 131473.593    38.793    -0.48    5.07
 131762.993    39.317     1.81    4.37
 132052.395    40.093     2.68    4.39
 132341.799    41.110     3.52    3.90
 132631.206    42.662     5.36    2.69
 132920.614    43.127     1.61    2.56
 133210.024    43.731     2.09    2.63
 133499.437    44.118     1.34    2.55
 133788.851    44.421     1.05    2.73
 134078.268    43.966    -1.57    3.24
 134367.686    43.539    -1.47    3.33
 134657.107    43.254    -0.99    3.30
 134946.529    42.851    -1.39    3.39
 135235.954    42.423    -1.48    3.29
 135525.380    42.525     0.35    3.20
 135814.809    42.365    -0.55    2.90
 136104.240    42.438     0.25    2.85
 136393.673    42.949     1.77    2.73
 136683.107    43.260     1.07    2.90
 136972.544    42.996    -0.91    3.54
 137261.983    42.629    -1.27    3.53
 137551.424    42.976     1.20    3.52
 137840.867    42.681    -1.02    3.59
 138130.312    42.937     0.89    3.53
 138419.759    42.457    -1.66    3.60
 138709.208    42.127    -1.14    3.01
 138998.660    42.593     1.61    2.73
 139288.113    42.698     0.36    2.67
 139577.568    42.976     0.96    2.81
 139867.026    43.457     1.66    2.74
 140156.485    43.806     1.20    2.50
 140445.947    44.276     1.62    2.40
 140735.410    44.468     0.66    2.41
 141024.876    44.407    -0.21    2.37
 141314.343    43.903    -1.74    2.36
 141603.813    43.626    -0.96    2.13
 141893.285    43.559    -0.23    2.50
 142182.759    43.085    -1.64    2.78
 142472.235    43.007    -0.27    2.84
 142761.713    43.119     0.39    2.85
 143051.193    43.478     1.24    2.77
 143340.556    43.746     0.92    2.59
 143629.595    44.413     2.31    2.08
 143918.635    44.490     0.27    2.19
 144207.677    44.839     1.21    2.28
 144496.722    44.806    -0.11    2.44
 144785.768    44.220    -2.03    3.17
 145074.817    43.876    -1.19    3.22
 145363.867    43.698    -0.62    3.56
 145652.920    43.438    -0.90    3.62
 145941.975    43.248    -0.66    3.47
 146231.032    42.852    -1.37    3.90
 146520.091    42.773    -0.27    4.34
 146809.152    43.093     1.11    4.71
 147098.215    43.305     0.73    4.91
 147387.280    43.361     0.19    4.89
 147676.348    44.220     2.97    4.87
 147965.417    44.561     1.18    4.81
 148254.489    45.457     3.10    3.55
 148543.562    46.043     2.03    2.26
 148832.638    45.874    -0.59    2.70
 149121.716    45.386    -1.69    3.15
 149410.795    44.826    -1.94    3.45
 149699.877    44.085    -2.57    3.72
 149988.961    43.609    -1.64    3.65
 150278.048    43.664     0.19    3.50
 150567.136    44.243     2.00    2.90
 150856.226    44.968     2.51    3.13
 151145.319    45.432     1.60    3.16
 151434.413    45.793     1.25    2.75
 151723.510    45.593    -0.69    2.99
 152012.609    44.507    -3.76    4.04
 152301.709    43.593    -3.16    4.56
 152590.812    42.893    -2.42    4.54
 152879.917    41.661    -4.26    4.38
 153169.025    41.319    -1.18    4.75
 153458.134    39.881    -4.97    5.70
 153747.245    38.754    -3.90    6.27
 154036.359    37.898    -2.96    6.54
 154325.475    37.369    -1.83    5.78
 154614.592    37.839     1.63    6.15
 154903.712    38.369     1.83    6.24
 155192.834    38.800     1.49    5.41
 155481.958    40.007     4.17    4.54
 155771.085    41.524     5.25    3.13
 156060.213    42.210     2.37    2.54
 156349.343    42.661     1.56    2.21
 156638.476    43.077     1.44    2.18
 156927.611    43.453     1.30    2.43
 157216.748    43.179    -0.95    2.55
 157505.887    42.921    -0.89    3.03
 157795.028    43.186     0.92    3.19
 158084.171    43.675     1.69    3.39
 158373.316    43.909     0.81    3.55
 158662.464    44.093     0.64    3.27
 158951.614    44.068    -0.09    3.30
 159240.765    44.407     1.17    2.87
 159529.919    44.675     0.93    2.83
 159819.075    44.472    -0.70    2.73
 160108.234    44.339    -0.46    2.71
 160397.394    44.272    -0.23    2.92
 160686.557    44.826     1.92    2.32
 160975.721    44.839     0.04    2.26
 161264.888    44.712    -0.44    2.19
 161554.057    44.576    -0.47    2.21
 161843.228    44.450    -0.44    2.28
 162132.401    44.339    -0.39    2.78
 162421.577    43.903    -1.51    3.20
 162710.754    43.610    -1.01    3.38
 162999.934    43.527    -0.29    3.49
 163289.116    42.874    -2.26    3.49
 163578.300    42.660    -0.74    3.59
 163867.486    42.593    -0.23    3.14
 164156.674    42.432    -0.56    2.85
 164445.865    43.043     2.11    2.30
 164735.058    43.293     0.86    2.30
 165024.252    43.903     2.11    2.36
 165313.449    44.317     1.43    2.32
 165602.648    44.203    -0.39    2.23
 165891.850    44.627     1.47    2.10
 166181.053    44.819     0.66    2.09
 166470.259    45.017     0.68    2.12
 166759.467    45.014    -0.01    2.28
 167048.677    45.162     0.51    2.18
 167337.889    44.955    -0.72    2.34
 167627.103    44.954    -0.00    2.35
 167916.320    44.593    -1.25    2.40
 168205.539    44.490    -0.36    2.31
 168494.759    44.403    -0.30    2.05
 168783.982    44.145    -0.89    1.85
 169073.208    44.363     0.76    1.74
 169362.435    44.676     1.08    1.86
 169651.665    44.937     0.90    1.95
 169940.897    45.137     0.69    2.09
 170230.131    45.369     0.80    2.26
 170519.367    45.693     1.12    2.65
 170808.605    45.932     0.83    2.73
 171097.846    46.093     0.56    2.81
 171387.088    45.961    -0.45    2.99
 171676.333    45.541    -1.45    3.10
 171965.580    45.127    -1.43    3.55
 172254.830    44.410    -2.48    3.59
 172544.081    43.576    -2.88    3.27
 172833.335    42.765    -2.80    2.75
 173122.591    42.076    -2.38    2.12
 173411.849    41.523    -1.91    1.44
 173701.109    41.627     0.36    1.64
 173990.372    41.960     1.15    2.21
 174279.637    41.826    -0.46    2.06
 174568.903    41.860     0.12    2.11
 174858.173    41.874     0.05    2.26
 175147.444    41.593    -0.97    2.67
 175436.718    41.093    -1.73    2.84
 175725.993    40.888    -0.71    2.58
 176015.271    40.432    -1.58    2.34
 176304.551    40.102    -1.14    2.14
 176593.834    40.593     1.70    2.31
 176883.119    41.218     2.16    1.74
 177172.405    41.806     2.03    1.67
 177461.694    42.271     1.61    1.74
 177750.986    42.660     1.34    1.80
 178040.279    42.852     0.66    1.94
 178329.575    42.768    -0.29    2.10
 178618.873    42.776     0.03    2.16
 178908.173    42.610    -0.57    2.12
 179197.475    42.363    -0.85    2.13
 179486.780    42.438     0.26    2.13
 179776.087    42.507     0.24    1.94
 180065.396    42.593     0.30    1.73
 180354.707    42.627     0.12    1.71
 180644.021    42.396    -0.80    2.12
 180933.337    41.783    -2.12    2.76
 181222.655    41.214    -1.97    3.16
 181511.975    40.593    -2.15    3.25
 181801.298    40.334    -0.89    3.19
 182090.622    40.141    -0.67    3.32
 182379.949    40.288     0.51    3.88
 182669.278    40.983     2.40    3.86
 182958.610    41.996     3.50    3.95
 183247.944    43.386     4.80    3.74
 183537.280    44.726     4.63    3.44
 183826.618    45.776     3.63    2.94
 184115.958    46.061     0.98    2.87
 184405.301    46.486     1.47    2.82
 184694.646    46.898     1.42    2.81
 184983.993    47.242     1.19    2.98
 185273.343    47.003    -0.83    2.95
 185562.694    46.790    -0.74    3.10
 185852.048    46.731    -0.20    3.39
 186141.405    46.542    -0.65    3.80
 186430.763    46.119    -1.46    4.08
 186720.124    46.010    -0.38    4.06
 187009.487    45.710    -1.04    4.27
 187298.852    45.643    -0.23    4.06
 187588.220    45.559    -0.29    4.35
 187877.589    45.839     0.97    4.25
 188166.962    46.010     0.59    4.35
 188456.336    45.507    -1.74    4.37
 188745.712    45.135    -1.28    4.27
 189035.091    44.949    -0.64    4.24
 189324.472    45.127     0.62    3.92
 189613.856    44.627    -1.73    3.76
 189903.242    44.365    -0.91    3.32
 190192.630    44.076    -1.00    3.91
 190482.020    44.186     0.38    3.85
 190771.412    44.193     0.02    4.40
 191060.807    44.214     0.07    4.59
 191350.204    43.540    -2.33    4.96
 191639.604    43.003    -1.86    5.02
 191929.005    42.410    -2.05    4.98
 192218.409    41.413    -3.45    5.08
 192507.816    39.681    -5.98    5.55
 192797.224    37.559    -7.33    6.20
 193086.635    35.921    -5.66    6.04
 193376.048    33.576    -8.10    5.77
 193665.463    31.806    -6.11    5.40
 193954.881    30.386    -4.91    4.44
 194244.301    28.661    -5.96    3.53
 194533.723    27.843    -2.83    2.71
 194823.148    28.726     3.05    4.51
 195112.575    30.641     6.62    7.16
 195402.004    34.334    12.76    9.01
 195691.435    38.460    14.25    9.05
 195980.869    41.196     9.46    8.66
 196270.305    44.265    10.60    6.79
 196559.744    46.176     6.60    4.75
 196849.184    47.390     4.19    2.54
 197138.627    47.528     0.48    2.21
 197428.072    47.272    -0.89    2.41
 197717.520    47.060    -0.73    2.52
 198006.970    46.663    -1.37    2.66
 198296.422    46.819     0.54    3.23
 198585.877    47.526     2.44    4.30
 198875.334    48.276     2.59    4.64
 199164.793    49.800     5.26    6.14
 199454.254    51.289     5.15    7.16
 199743.718    53.216     6.66    7.48
 200033.184    55.915     9.32    6.58
 200322.653    57.396     5.12    5.60
 200612.124    59.525     7.35    4.21
 200901.597    60.236     2.46    3.94
 201191.072    60.193    -0.15    4.52
 201480.550    59.972    -0.76    4.61
 201770.030    60.413     1.52    4.31
 202059.512    60.748     1.16    4.21
 202348.997    60.990     0.83    4.02
 202638.484    60.869    -0.42    3.54
 202927.973    61.248     1.31    3.25
 203217.465    61.970     2.49    2.72
 203506.959    62.196     0.78    2.57
 203796.456    62.326     0.45    2.36
 204085.954    62.817     1.70    2.41
 204375.456    62.762    -0.19    2.96
 204664.959    62.560    -0.70    3.19
 204954.465    62.143    -1.44    3.42
 205243.973    61.577    -1.96    3.38
 205533.483    61.225    -1.22    3.16
 205822.495    61.214    -0.04    3.32
 206111.505    61.508     1.02    3.42
 206400.517    61.760     0.87    3.57
 206689.531    62.363     2.09    3.57
 206978.548    62.576     0.73    3.81
 207267.567    61.876    -2.42    4.25
 207556.588    61.225    -2.26    4.47
 207845.612    60.110    -3.86    5.00
 208134.638    58.305    -6.24    5.48
 208423.666    56.852    -5.03    6.02
 208712.697    54.626    -7.70    6.43
 209001.730    53.060    -5.42    6.62
 209290.766    52.237    -2.85    6.60
 209579.804    50.369    -6.46    5.67
 209868.844    49.626    -2.57    5.29
 210157.886    48.060    -5.42    4.13
 210446.931    47.821    -0.83    3.87
 210735.979    47.526    -1.02    2.72
 211025.028    47.438    -0.31    2.70
 211314.080    47.577     0.48    2.77
 211603.135    47.693     0.40    2.89
 211892.191    47.693     0.00    2.73
 212181.250    48.024     1.15    2.72
 212470.312    47.646    -1.31    2.87
 212759.376    47.343    -1.05    2.84
 213048.442    47.026    -1.10    2.91
 213337.510    46.819    -0.72    2.85
 213626.581    46.524    -1.02    2.65
 213915.654    46.127    -1.37    2.10
 214204.730    46.203     0.26    2.16
 214493.808    46.438     0.81    2.13
 214782.889    46.511     0.25    2.19
 215071.971    46.162    -1.21    2.87
 215361.057    45.955    -0.72    3.12
 215650.144    45.593    -1.25    3.78
 215939.234    45.643     0.17    4.12
 216228.326    45.726     0.29    4.40
 216517.421    46.455     2.52    4.51
 216806.518    47.810     4.69    4.02
 217095.618    48.879     3.70    3.66
 217384.720    49.800     3.19    3.13
 217673.824    49.710    -0.31    3.06
 217962.930    49.644    -0.23    3.32
 218252.040    49.331    -1.08    3.59
 218541.151    48.825    -1.75    3.86
 218830.265    47.507    -4.56    3.75
 219119.381    46.891    -2.13    3.51
 219408.500    46.383    -1.76    3.59
 219697.621    46.068    -1.09    3.94
 219986.744    45.714    -1.23    5.03
 220275.870    43.326    -8.26    6.50
 220564.998    41.926    -4.84    6.88
 220854.129    39.976    -6.74    7.61
 221143.262    37.393    -8.94    7.01
 221432.397    36.043    -4.67    6.10
 221721.535    34.610    -4.96    4.74
 222010.676    33.400    -4.18    4.49
 222299.818    33.810     1.42    5.25
 222588.963    33.110    -2.42    5.82
 222878.111    34.822     5.92    6.75
 223167.261    36.793     6.82    8.19
 223456.413    38.817     7.00    9.23
 223745.568    40.886     7.16    9.96
 224034.725    43.786    10.03    8.71
 224323.885    46.393     9.02    6.84
 224613.047    48.339     6.73    3.79
 224902.211    48.276    -0.22    3.92
 225191.378    48.403     0.44    3.85
 225480.547    48.347    -0.19    4.05
 225769.719    48.876     1.83    4.18
 226058.893    48.793    -0.29    4.10
 226348.070    49.093     1.04    3.93
 226637.249    49.093     0.00    3.79
 226926.430    49.352     0.89    3.51
 227215.614    49.593     0.83    3.18
 227504.800    49.817     0.78    3.12
 227793.989    50.085     0.93    2.81
 228083.180    50.559     1.64    2.68
 228372.374    51.220     2.29    2.79
 228661.570    51.772     1.91    2.52
 228950.768    52.051     0.96    2.67
 229239.969    51.867    -0.63    2.99
 229529.173    51.508    -1.24    3.21
 229818.379    51.118    -1.35    3.30
 230107.587    50.593    -1.82    3.35
 230396.798    50.541    -0.18    3.22
 230686.011    50.326    -0.74    2.97
 230975.226    49.976    -1.21    2.87
 231264.444    49.690    -0.99    2.75
 231553.665    49.789     0.34    2.66
 231842.888    49.476    -1.08    2.44
 232132.113    49.172    -1.05    2.15
 232421.341    49.222     0.17    2.23
 232710.572    49.068    -0.53    2.73
 232999.804    48.661    -1.41    3.19
 233289.040    48.322    -1.17    3.91
 233578.277    47.856    -1.61    4.19
 233867.518    48.026     0.59    4.35
 234156.760    48.237     0.73    4.33
 234446.005    48.954     2.48    4.23
 234735.253    50.000     3.62    3.41
 235024.503    50.307     1.06    3.05
 235313.756    50.457     0.52    2.86
 235603.011    50.265    -0.66    2.99
 235892.268    50.560     1.02    3.09
 236181.528    50.852     1.01    3.27
 236470.790    50.783    -0.24    4.17
 236760.055    50.886     0.36    4.11
 237049.323    50.696    -0.66    4.07
 237338.593    50.710     0.05    4.08
 237627.865    50.915     0.71    3.96
 237917.140    50.932     0.06    3.90
 238206.417    51.347     1.44    2.93
 238495.697    51.990     2.22    2.46
 238784.979    52.019     0.10    2.77
 239074.264    52.034     0.05    2.61
 239363.551    51.790    -0.84    2.96
 239652.841    51.593    -0.68    3.08
 239942.133    51.490    -0.36    2.92
 240231.428    51.491     0.01    2.97
 240520.725    51.576     0.29    3.05
 240810.025    51.560    -0.06    3.00
 241099.327    52.214     2.26    2.89
 241388.632    52.898     2.37    2.67
 241677.939    53.277     1.31    2.77
 241967.248    53.026    -0.87    2.93
 242256.561    52.544    -1.67    3.14
 242545.875    52.076    -1.62    3.15
 242835.192    51.393    -2.36    3.09
 243124.512    51.067    -1.13    2.92
 243413.834    51.017    -0.17    2.74
 243703.159    51.369     1.22    2.67
 243992.486    52.085     2.47    2.86
 244281.816    52.511     1.47    3.13
 244571.148    52.979     1.62    3.45
 244860.483    53.443     1.60    3.76
 245149.820    52.414    -3.56    6.33
 245439.160    51.787    -2.17    6.66
 245728.502    51.210    -1.99    6.77
 246017.847    50.876    -1.15    6.71
 246307.195    49.869    -3.48    6.85
 246596.544    47.961    -6.59    7.99
 246885.897    47.460    -1.73    7.68
 247175.252    47.525     0.23    7.22
 247464.609    47.109    -1.44    7.05
 247753.969    45.990    -3.87    7.04
 248043.332    43.783    -7.63    8.33
 248332.697    42.662    -3.87    9.08
 248622.064    41.524    -3.93    9.44
 248911.434    39.757    -6.11    9.04
 249200.807    37.300    -8.49    8.10
 249490.182    34.852    -8.46    5.67
 249779.560    34.248    -2.09    3.64
 250068.940    34.300     0.18    2.60
 250358.323    34.851     1.90    2.21
 250647.708    35.237     1.33    2.06
 250937.096    35.910     2.32    1.99
 251226.486    36.172     0.91    2.01
 251515.879    35.938    -0.81    2.07
 251805.275    35.960     0.08    2.19
 252094.673    36.043     0.29    2.45
 252384.073    36.012    -0.11    2.45
 252673.476    35.772    -0.83    2.55
 252962.882    35.443    -1.14    2.46
 253252.290    35.453     0.03    2.59
 253541.701    35.232    -0.76    2.61
 253831.114    35.059    -0.60    2.29
 254120.530    34.968    -0.31    2.27
 254409.948    34.798    -0.59    2.44
