-306056.444    72.958     0.00    6.01
-305766.878    72.419    -1.86    6.57
-305477.316    72.075    -1.19    5.99
-305187.756    71.817    -0.89    5.87
-304898.199    71.804    -0.05    5.91
-304608.646    71.684    -0.41    5.55
-304319.095    72.037     1.22    4.62
-304029.548    71.645    -1.35    4.51
-303740.004    70.449    -4.13    3.89
-303450.463    69.804    -2.23    4.01
-303160.924    69.374    -1.48    4.31
-302871.389    69.509     0.47    5.94
-302581.857    69.777     0.92    6.48
-302292.328    69.545    -0.80    6.32
-302002.802    69.591     0.16    6.85
-301713.279    70.526     3.23    6.87
-301423.759    71.082     1.92    7.25
-301134.243    71.760     2.34    7.20
-300844.729    71.346    -1.43    7.35
-300555.218    72.181     2.88    7.64
-300265.711    72.306     0.43    7.50
-299976.206    72.289    -0.06    7.55
-299686.704    71.984    -1.05    7.30
-299397.206    72.087     0.36    7.48
-299107.710    72.577     1.69    7.20
-298818.218    72.611     0.12    6.39
-298528.729    71.467    -3.95    6.02
-298239.242    70.777    -2.38    5.33
-297949.759    70.134    -2.22    5.02
-297660.279    69.352    -2.70    4.49
-297370.801    68.684    -2.31    4.72
-297081.327    67.267    -4.89    4.52
-296791.856    66.384    -3.05    4.56
-296502.388    66.217    -0.58    4.46
-296212.923    65.243    -3.37    4.68
-295923.461    64.730    -1.77    3.92
-295634.002    64.984     0.88    4.31
-295344.545    65.754     2.66    4.94
-295055.092    66.884     3.90    5.16
-294765.642    68.020     3.92    5.29
-294476.196    69.628     5.56    5.59
-294186.752    70.915     4.45    4.84
-293897.311    71.534     2.14    4.30
-293607.873    71.984     1.55    3.90
-293318.438    71.534    -1.55    4.14
-293029.006    71.415    -0.41    4.16
-292739.577    70.896    -1.79    4.32
-292450.151    70.722    -0.60    5.66
-292160.728    70.334    -1.34    6.08
-291871.308    70.371     0.13    6.63
-291581.892    71.415     3.61    7.14
-291292.478    72.018     2.09    8.10
-291003.067    72.622     2.09    8.42
-290713.659    74.070     5.00    9.75
-290424.254    75.050     3.38    9.84
-290134.853    75.467     1.44    9.76
-289845.454    75.001    -1.61   10.12
-289556.058    75.966     3.34   10.25
-289266.665    77.289     4.57   10.16
-288977.275    77.613     1.12    9.53
-288687.888    77.882     0.93    8.13
-288398.505    79.051     4.04    7.32
-288109.124    80.381     4.60    6.67
-287819.746    81.484     3.81    6.60
-287530.371    81.201    -0.98    6.28
-287240.999    80.153    -3.62    6.57
-286951.630    79.500    -2.26    6.32
-286662.264    78.668    -2.88    5.92
-286372.902    77.617    -3.63    5.04
-286083.542    76.609    -3.48    4.35
-285794.185    75.274    -4.61    3.83
-285504.831    74.301    -3.37    3.99
-285215.480    72.884    -4.90    4.73
-284926.132    70.518    -8.18    6.13
-284636.787    68.265    -7.79    7.22
-284347.445    66.899    -4.72    7.50
-284058.105    65.103    -6.21    7.83
-283768.769    63.661    -4.98    7.74
-283479.436    62.492    -4.04    7.25
-283190.106    62.691     0.69    7.06
-282900.779    61.696    -3.44    7.07
-282611.455    61.518    -0.61    6.75
-282322.133    62.771     4.33    6.91
-282032.815    62.587    -0.63    6.65
-281743.500    61.743    -2.92    6.39
-281454.187    61.174    -1.97    5.62
-281164.878    61.255     0.28    4.99
-280875.571    61.367     0.39    4.26
-280586.268    62.432     3.68    3.63
-280296.967    63.301     3.00    3.57
-280007.670    64.107     2.79    3.37
-279718.375    64.501     1.36    3.21
-279429.083    63.684    -2.83    4.23
-279139.795    63.103    -2.01    4.43
-278850.509    62.771    -1.15    4.47
-278561.226    62.663    -0.37    4.11
-278271.946    61.967    -2.40    4.18
-277982.669    61.651    -1.09    4.36
-277693.395    61.230    -1.45    4.54
-277404.124    61.115    -0.40    4.40
-277114.856    60.794    -1.11    4.87
-276825.591    60.238    -1.92    5.41
-276536.328    59.668    -1.97    5.30
-276247.069    59.934     0.92    5.39
-275957.813    59.667    -0.92    5.78
-275668.559    59.804     0.47    6.05
-275379.309    60.401     2.06    5.71
-275090.061    60.317    -0.29    5.66
-274800.817    60.634     1.09    6.47
-274511.575    61.915     4.43    6.14
-274222.336    62.317     1.39    5.98
-273933.100    62.204    -0.39    6.11
-273643.867    61.611    -2.05    6.75
-273354.637    61.674     0.22    6.97
-273065.410    60.948    -2.51    7.39
-272776.186    61.101     0.53    7.54
-272486.965    60.747    -1.22    7.52
-272197.747    62.263     5.24    8.46
-271908.531    63.967     5.89    9.07
-271619.319    64.898     3.22    9.34
-271330.109    66.672     6.14   10.51
-271040.902    69.306     9.11   10.79
-270751.699    70.951     5.69   10.38
-270462.498    73.208     7.80   10.07
-270173.300    75.501     7.93    8.45
-269884.105    77.139     5.66    6.22
-269594.913    77.560     1.46    6.04
-269305.724    76.918    -2.22    6.68
-269016.537    76.812    -0.37    6.58
-268727.354    75.798    -3.51    6.55
-268438.173    75.591    -0.71    5.17
-268148.996    74.234    -4.69    5.05
-267859.821    73.113    -3.88    5.03
-267570.649    72.901    -0.73    4.69
-267281.481    72.784    -0.40    4.55
-266992.315    72.252    -1.84    4.13
-266703.151    71.255    -3.45    4.16
-266413.991    69.277    -6.84    5.33
-266124.834    67.839    -4.97    5.58
-265835.679    66.871    -3.35    5.57
-265546.528    66.467    -1.40    5.50
-265257.379    66.834     1.27    5.61
-264968.234    67.966     3.92    6.66
-264679.091    70.323     8.15    7.04
-264389.951    73.267    10.18    6.25
-264100.814    75.884     9.05    5.53
-263811.679    77.381     5.18    5.18
-263522.548    78.520     3.94    5.19
-263233.419    78.601     0.28    5.28
-262944.294    78.881     0.97    5.10
-262655.171    79.017     0.47    5.46
-262366.051    78.817    -0.69    5.46
-262076.934    79.415     2.07    5.17
-261787.820    80.036     2.15    5.09
-261498.709    80.691     2.27    5.13
-261209.601    81.574     3.06    5.00
-260920.495    82.812     4.28    4.66
-260631.392    83.951     3.94    3.97
-260342.293    84.087     0.47    3.72
-260053.196    83.272    -2.82    3.87
-259764.102    82.887    -1.33    3.93
-259475.011    82.634    -0.88    4.62
-259185.922    82.345    -1.00    4.96
-258896.837    82.580     0.82    5.67
-258607.754    83.070     1.69    5.81
-258318.675    84.153     3.75    5.21
-258029.598    84.451     1.03    4.90
-257740.524    84.541     0.31    4.40
-257451.452    83.812    -2.52    4.33
-257162.384    82.634    -4.07    3.75
-256873.319    82.363    -0.94    4.03
-256584.256    82.034    -1.14    4.58
-256295.196    81.851    -0.63    4.65
-256006.139    81.442    -1.42    4.46
-255717.085    79.984    -5.04    5.03
-255428.034    78.751    -4.27    5.10
-255138.985    77.543    -4.18    5.07
-254849.940    76.725    -2.83    4.29
-254560.897    76.328    -1.37    3.71
-254271.857    77.101     2.67    4.40
-253982.820    79.177     7.18    5.76
-253693.786    81.238     7.13    6.14
-253404.755    82.777     5.32    6.40
-253115.726    84.451     5.79    6.12
-252826.700    86.306     6.42    5.90
-252537.677    87.784     5.11    5.60
-252248.657    88.777     3.44    5.37
-251959.640    89.984     4.18    5.52
-251670.626    91.328     4.65    5.56
-251381.614    92.467     3.94    4.70
-251092.605    93.307     2.90    4.26
-250803.599    93.713     1.41    4.10
-250514.596    94.105     1.36    4.06
-250225.596    93.932    -0.60    4.11
-249936.598    92.674    -4.36    4.48
-249647.604    91.886    -2.73    4.71
-249358.612    91.381    -1.75    4.82
-249069.623    91.743     1.25    5.67
-248780.637    91.915     0.60    5.93
-248491.653    91.340    -1.99    6.09
-248202.673    91.807     1.61    6.06
-247913.695    92.238     1.49    5.72
-247624.720    92.679     1.53    5.46
-247335.748    92.398    -0.97    5.74
-247046.778    91.587    -2.80    4.83
-246757.812    91.267    -1.11    4.71
-246468.388    90.784    -1.67    4.58
-246178.820    88.919    -6.44    5.33
-245889.256    87.716    -4.16    5.37
-245599.694    86.551    -4.03    4.48
-245310.135    84.914    -5.65    4.84
-245020.579    83.145    -6.11    4.77
-244731.026    81.594    -5.36    4.29
-244441.475    80.798    -2.75    3.61
-244151.927    79.662    -3.92    3.23
-243862.382    78.651    -3.49    3.46
-243572.840    77.634    -3.51    3.71
-243283.301    76.153    -5.11    3.61
-242993.764    75.129    -3.54    3.96
-242704.231    73.679    -5.01    3.71
-242414.700    72.323    -4.68    2.77
-242125.172    71.933    -1.35    2.27
-241835.646    73.432     5.18    4.86
-241546.124    75.492     7.12    6.55
-241256.604    78.708    11.11    8.79
-240967.087    82.932    14.59    9.70
-240677.573    85.122     7.56    8.77
-240388.061    86.518     4.82    7.35
-240098.553    86.801     0.97    6.58
-239809.047    85.932    -3.00    6.73
-239519.544    86.067     0.47    6.75
-239230.044    86.359     1.01    6.98
-238940.546    87.087     2.52    7.26
-238651.051    88.834     6.03    6.87
-238361.559    90.865     7.02    6.48
-238072.070    92.351     5.13    5.75
-237782.584    94.448     7.25    4.81
-237493.100    95.294     2.92    5.12
-237203.620    96.124     2.87    5.69
-236914.141    96.831     2.44    5.38
-236624.666    97.033     0.70    5.22
-236335.194    97.346     1.08    6.06
-236045.724    97.367     0.07    6.11
-235756.257    97.984     2.13    6.35
-235466.793    99.312     4.59    6.77
-235177.331   100.767     5.03    7.66
-234887.873   102.951     7.54    7.89
-234598.417   106.901    13.65    8.59
-234308.963   109.915    10.41    8.20
-234019.513   111.628     5.92    7.23
-233730.065   112.708     3.73    6.80
-233440.621   112.443    -0.92    6.92
-233151.178   111.820    -2.15    7.18
-232861.739   110.122    -5.87    7.36
-232572.302   107.984    -7.39    7.50
-232282.868   105.449    -8.76    7.34
-231993.437   103.484    -6.79    7.09
-231704.009   102.238    -4.30    7.08
-231414.583   101.867    -1.28    6.67
-231125.160   101.536    -1.15    7.22
-230835.740   101.370    -0.57    7.70
-230546.323   100.230    -3.94    8.20
-230256.908    99.284    -3.27    8.18
-229967.496    99.065    -0.76    8.43
-229678.087    97.142    -6.64    8.04
-229388.681    94.018   -10.79    7.10
-229099.277    92.628    -4.80    5.62
-228809.876    92.329    -1.03    4.96
-228520.478    92.066    -0.91    4.79
-228231.082    91.363    -2.43    5.00
-227941.689    90.289    -3.71    5.14
-227652.299    89.931    -1.24    5.29
-227362.912    89.317    -2.12    4.71
-227073.527    88.050    -4.38    5.07
-226784.146    86.432    -5.59    4.59
-226494.766    84.917    -5.24    4.15
-226205.390    84.501    -1.44    4.06
-225916.016    84.777     0.95    4.12
-225626.645    84.601    -0.61    4.00
-225337.277    84.492    -0.37    3.94
-225047.911    84.295    -0.68    4.09
-224758.549    83.756    -1.86    4.07
-224469.189    83.267    -1.69    4.25
-224179.831    82.458    -2.80    3.74
-223890.476    82.161    -1.02    3.75
-223601.124    82.434     0.94    4.10
-223311.775    82.634     0.69    4.16
-223022.429    82.915     0.97    4.12
-222733.085    82.616    -1.03    3.98
-222443.744    82.865     0.86    3.95
-222154.405    82.509    -1.23    4.10
-221865.069    81.936    -1.98    4.22
-221575.736    81.267    -2.31    4.04
-221286.406    80.305    -3.32    3.67
-220997.078    79.272    -3.57    3.82
-220707.753    78.949    -1.12    3.77
-220418.431    78.492    -1.58    3.83
-220129.112    78.484    -0.03    3.65
-219839.795    78.432    -0.18    3.89
-219550.481    78.794     1.25    4.05
-219261.169    78.899     0.36    4.04
-218971.860    78.334    -1.95    4.30
-218682.554    78.122    -0.73    4.22
-218393.251    77.051    -3.70    4.49
-218103.950    77.198     0.51    3.96
-217814.652    76.501    -2.41    3.74
-217525.357    74.684    -6.28    4.36
-217236.064    72.814    -6.46    5.47
-216946.774    71.148    -5.76    5.72
-216657.487    69.788    -4.70    5.22
-216368.202    68.432    -4.69    5.34
-216078.920    68.432     0.00    5.42
-215789.641    68.667     0.81    6.02
-215500.364    68.935     0.92    6.14
-215211.091    69.398     1.60    6.18
-214921.819    70.184     2.72    6.22
-214632.551    70.829     2.23    5.37
-214343.285    70.919     0.31    5.23
-214054.022    70.734    -0.64    4.47
-213764.761    71.034     1.04    4.42
-213475.503    70.601    -1.50    4.83
-213186.248    69.743    -2.97    4.72
-212896.995    68.831    -3.15    4.79
-212607.745    67.743    -3.76    4.13
-212318.498    67.115    -2.17    4.12
-212029.253    66.968    -0.51    4.03
-211740.011    66.674    -1.02    3.60
-211450.772    66.018    -2.27    3.53
-211161.535    65.760    -0.89    3.87
-210872.301    65.401    -1.24    4.70
-210583.070    64.594    -2.79    5.77
-210293.841    63.834    -2.63    6.40
-210004.615    62.622    -4.19    6.96
-209715.392    61.756    -2.99    7.26
-209426.171    60.656    -3.80    7.28
-209136.953    58.634    -6.99    7.49
-208847.738    57.263    -4.74    6.94
-208558.525    55.294    -6.81    6.91
-208269.315    53.346    -6.74    7.48
-207980.107    52.053    -4.47    7.09
-207690.902    50.949    -3.82    6.55
-207401.700    50.689    -0.90    6.35
-207112.501    50.381    -1.07    6.10
-206823.304    49.781    -2.07    6.01
-206534.109    50.177     1.37    5.77
-206244.917    51.069     3.08    5.57
-205955.728    52.387     4.56    6.85
-205666.542    54.442     7.10    8.31
-205377.358    56.730     7.91    9.05
-205088.177    58.967     7.74    9.01
-204798.998    61.036     7.15    8.85
-204509.822    62.967     6.68    8.30
-204220.649    63.834     3.00    6.98
-203931.478    63.758    -0.26    6.74
-203642.310    63.359    -1.38    7.02
-203353.145    61.284    -7.18    7.78
-203063.982    58.913    -8.20    7.67
-202774.822    57.887    -3.55    7.61
-202485.664    56.867    -3.53    7.98
-202196.509    56.934     0.23    7.61
-201907.357    57.221     0.99    7.48
-201618.207    58.756     5.31    5.90
-201329.060    58.801     0.15    5.87
-201039.915    58.289    -1.77    5.34
-200750.773    58.758     1.62    5.25
-200461.634    58.577    -0.63    4.89
-200172.497    58.788     0.73    4.81
-199883.363    59.475     2.38    4.94
-199594.232    59.536     0.21    4.98
-199305.103    59.853     1.10    5.48
-199015.976    59.777    -0.26    5.78
-198726.853    60.363     2.03    6.00
-198437.732    60.536     0.60    6.24
-198148.613    60.656     0.42    6.03
-197859.497    61.017     1.25    5.93
-197570.384    61.950     3.23    6.60
-197281.273    63.656     5.90    7.36
-196992.165    64.829     4.06    7.48
-196703.059    67.070     7.75    8.24
-196413.956    69.317     7.77    7.96
-196124.856    70.509     4.12    8.10
-195835.758    72.584     7.18    7.05
-195546.663    72.949     1.26    6.18
-195257.570    72.432    -1.79    5.67
-194968.480    72.696     0.91    5.22
-194679.393    73.351     2.27    5.30
-194390.308    74.340     3.42    5.52
-194101.225    75.087     2.59    5.55
-193812.146    76.801     5.93    5.72
-193523.069    78.633     6.34    4.92
-193233.994    80.221     5.49    4.42
-192944.922    80.267     0.16    4.94
-192655.852    79.517    -2.59    5.11
-192366.786    79.084    -1.50    4.93
-192077.721    79.616     1.84    4.87
-191788.659    80.001     1.33    5.08
-191499.600    81.415     4.89    6.07
-191210.544    82.525     3.84    6.49
-190921.490    84.065     5.33    6.52
-190632.438    84.277     0.74    5.92
-190343.389    86.408     7.37    6.82
-190054.343    88.252     6.38    6.93
-189765.299    89.839     5.49    8.20
-189476.258    92.357     8.71    8.90
-189187.219    94.367     6.96    9.08
-188898.183    95.449     3.74    8.95
-188609.149    97.002     5.37    9.39
-188320.118    98.351     4.67   10.00
-188031.090    98.967     2.13    9.71
-187742.064   100.017     3.63    9.37
-187453.040   100.184     0.58    9.26
-187164.019    99.605    -2.00    9.84
-186875.001    99.208    -1.37    9.81
-186585.985    99.794     2.03    9.81
-186296.972   101.607     6.27   11.69
-186007.961   103.915     7.99   12.47
-185718.953   107.801    13.45   12.94
-185429.948   109.863     7.14   13.25
-185140.945   113.899    13.97   11.50
-184851.944   115.726     6.32   10.08
-184562.946   116.851     3.89    9.29
-184273.669   118.295     4.99    7.83
-183984.127   119.002     2.44    7.02
-183694.588   118.915    -0.30    6.86
-183405.051   118.950     0.12    5.83
-183115.517   118.751    -0.69    4.77
-182825.986   117.082    -5.76    5.61
-182536.457   116.001    -3.73    5.68
-182246.931   114.034    -6.79    6.15
-181957.407   113.107    -3.20    6.18
-181667.886   112.251    -2.96    6.52
-181378.367   111.662    -2.03    6.27
-181088.851   111.105    -1.92    6.14
-180799.337   109.933    -4.05    6.18
-180509.826   110.334     1.38    6.46
-180220.317   110.934     2.07    7.02
-179930.811   112.087     3.98    6.72
-179641.307   112.672     2.02    6.58
-179351.806   113.901     4.24    6.22
-179062.308   115.282     4.77    5.15
-178772.812   115.306     0.08    5.34
-178483.318   115.432     0.44    5.01
-178193.827   114.417    -3.51    5.91
-177904.339   113.323    -3.78    6.39
-177614.853   112.301    -3.53    6.79
-177325.369   111.725    -1.99    6.39
-177035.888   111.177    -1.89    6.39
-176746.410   110.351    -2.85    6.50
-176456.934   109.917    -1.50    6.61
-176167.461   109.000    -3.17    6.73
-175877.990   108.086    -3.16    6.97
-175588.521   106.553    -5.30    6.96
-175299.055   106.484    -0.24    7.13
-175009.592   106.191    -1.01    6.87
-174720.131   106.099    -0.32    7.14
-174430.673   106.432     1.15    7.18
-174141.217   108.467     7.03    7.69
-173851.763   110.812     8.10    7.20
-173562.312   113.662     9.85    6.42
-173272.864   115.197     5.30    5.01
-172983.418   115.243     0.16    4.75
-172693.975   114.577    -2.30    4.99
-172404.534   113.502    -3.72    5.28
-172115.095   112.234    -4.38    5.93
-171825.659   112.145    -0.31    5.60
-171536.226   112.086    -0.21    5.26
-171246.795   112.951     2.99    5.47
-170957.366   113.788     2.89    5.05
-170667.940   114.899     3.84    4.79
-170378.517   114.622    -0.96    4.88
-170089.096   113.667    -3.30    6.04
-169799.677   111.131    -8.76    8.22
-169510.261   108.317    -9.72    9.75
-169220.847   105.834    -8.58    9.91
-168931.436   102.966    -9.91    8.36
-168642.027   102.000    -3.34    7.23
-168352.621   102.317     1.10    7.65
-168063.217   104.034     5.93    8.62
-167773.816   107.760    12.87    7.99
-167484.417   111.174    11.80    6.18
-167195.021   112.425     4.32    5.06
-166905.627   112.781     1.23    4.98
-166616.236   111.790    -3.42    5.40
-166326.847   110.570    -4.22    6.90
-166037.460   108.174    -8.28    7.36
-165748.076   106.105    -7.15    7.50
-165458.695   105.605    -1.73    7.53
-165169.316   105.017    -2.03    7.83
-164879.939   104.881    -0.47    8.34
-164590.565   104.501    -1.31    8.12
-164301.193   104.415    -0.30    8.40
-164011.824   103.679    -2.54    9.21
-163722.457   101.387    -7.92    9.07
-163433.092    98.747    -9.13    7.91
-163143.730    98.817     0.24    7.68
-162854.371    99.159     1.18    8.03
-162565.014   100.018     2.97    8.15
-162275.659   100.667     2.24    7.54
-161986.307   101.187     1.80    7.33
-161696.957   102.279     3.77    6.48
-161407.610   101.823    -1.58    6.43
-161118.265   101.708    -0.40    5.93
-160828.923   101.698    -0.03    5.69
-160539.583   101.263    -1.51    6.33
-160250.245    99.213    -7.08    7.54
-159960.910    97.018    -7.59    8.66
-159671.578    96.408    -2.11    9.59
-159382.247    95.863    -1.88    9.59
-159092.920    96.434     1.97   10.31
-158803.594    97.167     2.53    9.90
-158514.271    96.417    -2.59   10.62
-158224.951    97.567     3.97   10.66
-157935.633    97.415    -0.53   10.60
-157646.317    96.984    -1.49   10.74
-157357.004    96.415    -1.97   10.67
-157067.693    94.217    -7.60   10.64
-156778.384    93.084    -3.92   10.51
-156489.078    90.312    -9.58   10.23
-156199.775    88.156    -7.45   10.12
-155910.474    86.645    -5.23   10.24
-155621.175    86.251    -1.36   10.50
-155331.879    85.916    -1.16   10.71
-155042.585    86.334     1.44   11.04
-154753.293    86.036    -1.03   11.48
-154464.004    86.686     2.25   11.48
-154174.717    87.351     2.30   11.59
-153885.433    88.899     5.35   11.57
-153596.151    89.267     1.27   11.26
-153306.872    90.760     5.16   10.46
-153017.595    92.760     6.91    8.16
-152728.320    93.829     3.70    6.86
-152439.048    92.863    -3.34    6.85
-152149.778    91.443    -4.91    7.37
-151860.510    91.122    -1.11    7.41
-151571.245    89.611    -5.22    8.43
-151281.983    87.752    -6.43    9.82
-150992.722    85.001    -9.51   11.31
-150703.465    81.742   -11.27   12.71
-150414.209    79.069    -9.24   13.99
-150124.956    74.984   -14.12   13.89
-149835.705    72.587    -8.29   13.25
-149546.457    70.156    -8.40   11.34
-149257.211    69.701    -1.58   10.66
-148967.967    70.384     2.36   11.59
-148678.726    73.903    12.17   13.91
-148389.487    76.663     9.54   13.82
-148100.251    79.967    11.43   11.91
-147811.017    82.107     7.40   10.53
-147521.785    82.613     1.75   11.10
-147232.556    80.492    -7.33   11.23
-146943.329    79.103    -4.81   10.80
-146654.104    78.611    -1.70   10.33
-146364.882    79.826     4.20   10.56
-146075.663    80.534     2.45   10.58
-145786.445    81.764     4.25   10.76
-145497.230    84.097     8.07   10.53
-145208.017    87.153    10.57    8.91
-144918.807    89.216     7.13    7.68
-144629.599    90.052     2.89    7.48
-144340.394    93.449    11.75    7.33
-144051.190    95.099     5.70    7.79
-143761.989    97.357     7.81    7.63
-143472.791    99.381     7.00    6.33
-143183.595   101.001     5.60    5.66
-142894.401   101.738     2.55    5.26
-142605.210   100.951    -2.72    5.75
-142316.020    99.103    -6.39    6.04
-142026.834    96.936    -7.49    6.84
-141737.649    95.809    -3.90    6.85
-141448.467    93.725    -7.20    7.20
-141159.288    91.754    -6.82    6.57
-140870.110    90.120    -5.65    7.86
-140580.935    87.033   -10.67    9.00
-140291.763    84.054   -10.30    9.60
-140002.592    83.001    -3.64    9.71
-139713.425    83.136     0.47    9.99
-139424.259    84.204     3.69   10.51
-139135.096    85.033     2.87   10.86
-138845.935    87.898     9.91   11.34
-138556.776    91.814    13.55    9.32
-138267.620    94.430     9.05    7.90
-137978.466    95.701     4.39    7.65
-137689.314    96.623     3.19    7.13
-137400.165    97.781     4.00    7.03
-137111.018    98.417     2.20    7.04
-136821.874    96.859    -5.39    7.03
-136532.731    97.526     2.31    6.97
-136243.592    96.139    -4.80    6.67
-135954.454    96.234     0.33    7.01
-135665.319    97.394     4.01    6.82
-135376.186    98.212     2.83    7.50
-135087.055    99.967     6.07    7.21
-134797.927   102.377     8.33    5.23
-134508.801   103.178     2.77    4.93
-134219.677   102.984    -0.67    4.93
-133930.556   101.001    -6.86    7.12
-133641.437    98.518    -8.59    8.11
-133352.320    96.721    -6.22    7.96
-133063.206    95.221    -5.19    8.93
-132774.094    93.829    -4.82    9.04
-132484.984    93.855     0.09    8.67
-132195.876    93.863     0.03    8.62
-131906.771    95.053     4.12    7.72
-131617.668    95.587     1.85    7.35
-131328.568    96.794     4.17    5.81
-131039.469    98.525     5.99    5.15
-130750.373    99.398     3.02    4.60
-130461.280   100.553     4.00    4.71
-130172.188   101.743     4.12    4.76
-129883.099   103.020     4.42    3.80
-129594.013   104.016     3.45    3.26
-129304.928   103.984    -0.11    3.29
-129015.846   103.591    -1.36    3.88
-128726.766   102.861    -2.52    4.17
-128437.689   101.518    -4.64    5.34
-128148.613    99.817    -5.88    6.05
-127859.540    98.289    -5.29    6.54
-127570.470    96.751    -5.32    5.96
-127281.401    96.484    -0.92    5.98
-126992.335    95.294    -4.12    5.46
-126703.271    96.300     3.48    6.13
-126414.210    98.817     8.71    6.03
-126125.150   101.181     8.18    5.85
-125836.093   102.605     4.93    5.27
-125547.039   103.577     3.36    4.86
-125257.986   103.949     1.29    4.62
-124968.936   104.017     0.24    4.37
-124679.888   102.834    -4.09    5.27
-124390.843   101.734    -3.81    5.47
-124101.799   100.672    -3.67    5.27
-123812.758    99.072    -5.54    5.59
-123523.719    97.767    -4.51    6.50
-123234.683    96.605    -4.02    6.66
-122945.649    96.033    -1.98    6.55
-122656.617    95.717    -1.09    6.43
-122367.587    95.170    -1.89    6.70
-122078.427    95.467     1.02    6.85
-121788.913    97.323     6.41    6.02
-121499.401    97.295    -0.10    7.24
-121209.891    97.151    -0.50    6.97
-120920.383    96.017    -3.91    7.56
-120630.878    94.432    -5.48    8.15
-120341.375    92.698    -5.99    8.05
-120051.875    93.001     1.04    8.46
-119762.376    93.484     1.67    8.62
-119472.880    93.967     1.67    8.90
-119183.386    95.204     4.27    9.10
-118893.895    97.587     8.23    7.96
-118604.405    99.036     5.00    6.58
-118314.918    97.812    -4.23    7.75
-118025.434    96.918    -3.09    7.75
-117735.951    96.156    -2.63    7.65
-117446.471    96.255     0.34    7.70
-117156.993    96.656     1.39    7.87
-116867.517    98.696     7.05    6.86
-116578.043   100.742     7.07    5.41
-116288.572   100.814     0.25    5.36
-115999.103   100.933     0.41    4.91
-115709.636   101.191     0.89    4.83
-115420.171   102.329     3.93    5.49
-115130.709   103.417     3.76    6.32
-114841.249   103.784     1.27    6.43
-114551.791   104.581     2.75    6.81
-114262.335   105.216     2.20    6.55
-113972.882   103.834    -4.78    6.97
-113683.431   103.633    -0.69    6.76
-113393.982   102.301    -4.60    6.90
-113104.535   100.901    -4.84    6.87
-112815.091   100.449    -1.56    7.42
-112525.648    98.950    -5.18    7.36
-112236.208    99.879     3.21    7.32
-111946.771    99.134    -2.57    7.38
-111657.335    99.052    -0.28    6.92
-111367.902    99.476     1.46    6.65
-111078.471    98.051    -4.92    7.33
-110789.042    97.493    -1.93    7.31
-110499.615    97.526     0.12    7.03
-110210.191    96.501    -3.54    6.64
-109920.768    95.384    -3.86    6.66
-109631.348    94.509    -3.02    6.53
-109341.931    94.187    -1.11    6.31
-109052.515    93.053    -3.92    6.84
-108763.102    91.002    -7.09    6.58
-108473.690    87.279   -12.86    8.78
-108184.281    83.967   -11.44   10.31
-107894.875    81.484    -8.58   10.22
-107605.470    79.294    -7.57   10.17
-107316.068    78.300    -3.44   10.63
-107026.668    79.984     5.82   11.89
-106737.270    81.526     5.33   12.63
-106447.874    81.817     1.01   13.08
-106158.481    83.019     4.15   13.67
-105869.089    84.070     3.63   13.35
-105579.700    84.501     1.49   12.87
-105290.313    81.329   -10.96   13.56
-105000.929    79.050    -7.88   12.74
-104711.546    78.639    -1.42   11.33
-104422.166    79.645     3.48   10.70
-104132.787    82.002     8.14   10.66
-103843.412    84.170     7.49   10.92
-103554.038    87.468    11.40    9.91
-103264.666    89.696     7.70    9.51
-102975.297    93.084    11.71    8.03
-102685.930    93.656     1.98    7.69
-102396.565    95.208     5.36    7.09
-102107.202    96.967     6.08    5.98
-101817.841    97.526     1.93    4.95
-101528.483    97.581     0.19    4.87
-101239.126    97.194    -1.33    5.27
-100949.772    95.667    -5.28    5.87
-100660.420    95.037    -2.18    6.26
-100371.070    92.645    -8.26    7.64
-100081.723    90.134    -8.68    9.48
 -99792.377    87.567    -8.87   10.06
 -99503.034    86.570    -3.45    9.70
 -99213.693    86.826     0.88    9.00
 -98924.354    86.357    -1.62    8.54
 -98635.018    85.747    -2.11    7.95
 -98345.683    85.361    -1.33    7.54
 -98056.351    84.884    -1.65    7.79
 -97767.020    84.127    -2.62    7.59
 -97477.692    82.526    -5.53    6.74
 -97188.366    82.225    -1.04    6.67
 -96899.043    82.672     1.55    7.59
 -96609.721    83.501     2.86    7.83
 -96320.401    85.898     8.28    6.60
 -96031.084    86.829     3.22    5.70
 -95741.769    86.449    -1.31    5.73
 -95452.456    85.558    -3.08    6.03
 -95163.145    84.725    -2.88    5.60
 -94873.837    83.517    -4.18    5.57
 -94584.530    82.458    -3.66    6.25
 -94295.226    81.656    -2.77    5.81
 -94005.923    80.197    -5.04    5.47
 -93716.623    79.134    -3.67    5.42
 -93427.325    78.213    -3.18    5.28
 -93138.030    77.440    -2.67    4.77
 -92848.736    76.277    -4.02    5.16
 -92559.444    74.442    -6.34    6.10
 -92270.155    72.767    -5.79    8.04
 -91980.868    70.751    -6.97    9.07
 -91691.583    69.553    -4.14    9.66
 -91402.300    69.170    -1.32   11.14
 -91113.019    67.984    -4.10   10.76
 -90823.740    67.951    -0.12   11.94
 -90534.463    67.312    -2.21   12.16
 -90245.189    65.898    -4.89   11.19
 -89955.917    67.151     4.33   11.52
 -89666.647    68.151     3.46   12.47
 -89377.378    69.475     4.58   13.44
 -89088.113    71.449     6.82   14.36
 -88798.849    72.764     4.54   14.61
 -88509.587    75.167     8.31   14.01
 -88220.327    75.194     0.09   14.14
 -87931.070    74.517    -2.34   13.77
 -87641.815    75.432     3.16   13.82
 -87352.561    74.886    -1.89   13.22
 -87063.310    76.184     4.49   11.76
 -86774.061    75.034    -3.98   11.76
 -86484.814    73.587    -5.00   11.53
 -86195.570    73.633     0.16   11.04
 -85906.327    74.148     1.78   10.09
 -85617.087    75.384     4.27    8.95
 -85327.848    77.032     5.70    9.78
 -85038.612    79.001     6.81   10.42
 -84749.378    83.109    14.20    9.29
 -84460.145    86.567    11.96    8.74
 -84170.915    88.449     6.51    8.24
 -83881.687    90.148     5.87    8.23
 -83592.462    91.156     3.49    7.43
 -83303.238    93.070     6.62    7.60
 -83014.016    93.829     2.62    7.08
 -82724.797    94.553     2.50    6.26
 -82435.579    95.934     4.78    4.90
 -82146.364    96.898     3.33    4.39
 -81857.151    96.601    -1.03    4.68
 -81567.940    96.305    -1.02    4.68
 -81278.731    95.622    -2.36    5.16
 -80989.524    95.351    -0.94    5.52
 -80700.319    94.467    -3.05    6.28
 -80411.116    93.384    -3.75    6.46
 -80121.915    91.770    -5.58    6.20
 -79832.717    91.225    -1.88    6.20
 -79543.520    90.881    -1.19    5.65
 -79254.326    90.634    -0.85    5.37
 -78965.133    89.164    -5.08    5.89
 -78675.943    89.208     0.15    5.81
 -78386.755    87.584    -5.62    6.50
 -78097.568    86.510    -3.71    6.78
 -77808.384    85.867    -2.22    6.65
 -77519.202    85.067    -2.77    6.51
 -77230.022    85.069     0.00    6.72
 -76940.845    84.401    -2.31    6.62
 -76651.669    83.667    -2.54    7.05
 -76362.495    83.340    -1.13    6.92
 -76073.323    81.501    -6.36    7.29
 -75784.154    81.295    -0.71    7.98
 -75494.986    79.184    -7.30    8.81
 -75205.821    77.212    -6.82    9.65
 -74916.657    77.001    -0.73    9.08
 -74627.496    74.932    -7.15    8.81
 -74338.337    72.551    -8.24    9.37
 -74049.180    71.917    -2.19    9.23
 -73760.024    71.594    -1.12    9.33
 -73470.871    71.949     1.23    9.25
 -73181.720    71.528    -1.46    9.32
 -72892.571    71.836     1.07    9.70
 -72603.424    72.867     3.57    9.95
 -72314.279    73.403     1.85    8.95
 -72025.136    73.605     0.70    8.18
 -71735.996    74.518     3.16    7.47
 -71446.857    72.865    -5.72   10.44
 -71157.720    70.794    -7.16   12.93
 -70868.585    68.951    -6.37   14.94
 -70579.453    67.398    -5.37   15.87
 -70290.322    65.087    -7.99   16.20
 -70001.194    63.622    -5.07   15.81
 -69712.067    61.401    -7.68   14.76
 -69422.943    59.001    -8.30   13.52
 -69133.820    56.932    -7.15   12.25
 -68844.700    56.934     0.01   11.06
 -68555.581    55.930    -3.47   10.83
 -68266.465    55.518    -1.42   10.79
 -67977.351    54.917    -2.08   10.82
 -67688.238    54.501    -1.44   11.40
 -67399.128    55.541     3.60   12.47
 -67110.020    56.609     3.69   13.96
 -66820.914    59.656    10.54   15.61
 -66531.810    62.743    10.68   16.00
 -66242.707    65.851    10.75   14.88
 -65953.607    66.722     3.01   14.11
 -65664.509    67.932     4.19   12.41
 -65375.413    68.534     2.08   11.76
 -65086.319    70.405     6.47   10.85
 -64797.227    72.099     5.86   10.27
 -64508.137    73.917     6.29    9.26
 -64219.049    76.667     9.51    8.37
 -63929.963    78.517     6.40    7.46
 -63640.879    79.405     3.07    7.28
 -63351.797    79.475     0.24    7.75
 -63062.717    78.553    -3.19    7.55
 -62773.639    76.574    -6.85    7.84
 -62484.563    75.601    -3.37    7.21
 -62195.489    75.423    -0.62    6.73
 -61906.417    75.243    -0.62    6.65
 -61617.347    75.225    -0.06    6.56
 -61328.279    74.651    -1.99    6.43
 -61039.213    75.035     1.33    6.66
 -60750.149    76.084     3.63    6.62
 -60461.087    76.174     0.31    7.19
 -60172.027    75.335    -2.90    6.93
 -59882.957    74.377    -3.31    7.16
 -59593.470    75.051     2.33    7.42
 -59303.986    75.936     3.06    7.35
 -59014.503    75.300    -2.20    7.10
 -58725.023    73.139    -7.46    6.45
 -58435.545    71.662    -5.10    7.09
 -58146.068    69.363    -7.94    7.68
 -57856.594    65.984   -11.67    9.23
 -57567.121    62.208   -13.04    9.43
 -57277.651    58.570   -12.57    9.96
 -56988.182    55.932    -9.11   10.73
 -56698.716    52.701   -11.16    9.95
 -56409.251    53.066     1.26   11.35
 -56119.789    52.674    -1.36   11.63
 -55830.328    54.434     6.08   13.14
 -55540.870    55.734     4.49   13.90
 -55251.413    59.674    13.61   15.13
 -54961.958    64.101    15.29   15.04
 -54672.506    67.187    10.66   13.15
 -54383.055    70.263    10.62   11.73
 -54093.606    72.216     6.75    9.39
 -53804.160    72.747     1.83    8.87
 -53514.715    74.713     6.79    8.36
 -53225.272    75.935     4.22    9.14
 -52935.831    76.678     2.57    8.74
 -52646.392    77.070     1.36    8.38
 -52356.956    76.984    -0.30    7.81
 -52067.521    76.359    -2.16    8.13
 -51778.088    76.377     0.06    8.43
 -51488.657    76.084    -1.01    7.94
 -51199.228    74.601    -5.13    7.37
 -50909.801    73.639    -3.32    7.17
 -50620.376    74.073     1.50    7.07
 -50330.953    74.153     0.28    6.68
 -50041.531    73.656    -1.72    6.60
 -49752.112    71.115    -8.78    6.96
 -49462.695    70.467    -2.24    6.95
 -49173.280    71.124     2.27    6.63
 -48883.866    71.794     2.32    6.76
 -48594.455    72.553     2.62    6.87
 -48305.046    73.984     4.94    6.85
 -48015.638    75.363     4.77    6.05
 -47726.232    75.052    -1.08    6.37
 -47436.829    74.484    -1.96    6.92
 -47147.427    72.773    -5.91    7.07
 -46858.027    71.312    -5.05    6.49
 -46568.630    70.917    -1.36    6.60
 -46279.234    70.705    -0.73    6.37
 -45989.840    72.142     4.96    6.41
 -45700.448    73.036     3.09    6.48
 -45411.058    73.611     1.99    6.62
 -45121.670    74.069     1.58    6.30
 -44832.284    73.804    -0.92    6.77
 -44542.900    72.743    -3.67    7.07
 -44253.517    70.398    -8.10    7.81
 -43964.137    67.967    -8.40    9.42
 -43674.758    63.617   -15.03   11.89
 -43385.382    59.425   -14.49   11.96
 -43096.007    56.829    -8.97   12.59
 -42806.635    53.611   -11.12   12.74
 -42517.264    51.127    -8.59   12.05
 -42227.895    48.713    -8.34   11.14
 -41938.528    46.267    -8.45    9.95
 -41649.163    46.151    -0.40    9.77
 -41359.800    46.601     1.56   10.08
 -41070.439    47.159     1.93   10.74
 -40781.080    50.221    10.58   11.39
 -40491.723    54.829    15.92   11.10
 -40202.367    58.317    12.06    8.80
 -39913.014    61.295    10.29    7.24
 -39623.662    63.703     8.32    6.03
 -39334.313    65.567     6.44    6.60
 -39044.965    66.395     2.86    6.55
 -38755.619    67.758     4.71    7.13
 -38466.275    67.884     0.43    7.50
 -38176.933    68.334     1.56    7.94
 -37887.593    68.053    -0.97    7.26
 -37598.255    67.475    -2.00    5.83
 -37308.918    66.408    -3.69    4.98
 -37019.584    65.204    -4.16    4.77
 -36730.251    64.968    -0.82    4.42
 -36440.921    64.829    -0.48    4.35
 -36151.592    64.760    -0.24    4.71
 -35862.265    65.381     2.15    4.00
 -35572.940    65.639     0.89    3.94
 -35283.617    65.754     0.40    3.92
 -34994.296    66.760     3.47    2.54
 -34704.977    67.139     1.31    2.14
 -34415.659    66.760    -1.31    2.03
 -34126.344    66.225    -1.85    2.71
 -33837.030    64.817    -4.87    4.22
 -33547.719    63.812    -3.48    5.16
 -33258.409    62.734    -3.72    5.35
 -32969.101    61.528    -4.17    5.51
 -32679.795    60.570    -3.31    5.54
 -32390.491    60.734     0.57    5.45
 -32101.188    60.984     0.86    5.35
 -31811.888    62.017     3.57    4.71
 -31522.589    62.645     2.17    4.52
 -31233.292    62.846     0.70    4.11
 -30943.998    62.773    -0.25    3.33
 -30654.705    62.933     0.55    3.37
 -30365.414    62.853    -0.28    3.21
 -30076.124    63.243     1.35    3.01
 -29786.837    63.734     1.70    2.96
 -29497.552    64.387     2.26    2.94
 -29208.268    65.051     2.29    2.90
 -28918.986    65.551     1.73    2.79
 -28629.706    66.151     2.07    2.48
 -28340.428    66.234     0.29    2.27
 -28051.152    66.536     1.04    2.44
 -27761.878    66.628     0.32    2.58
 -27472.605    66.415    -0.74    2.49
 -27183.335    66.787     1.29    2.26
 -26894.066    66.934     0.51    2.45
 -26604.799    66.896    -0.13    2.51
 -26315.534    66.679    -0.75    2.78
 -26026.271    66.159    -1.80    2.93
 -25737.009    66.017    -0.49    3.11
 -25447.750    65.667    -1.21    3.67
 -25158.492    64.834    -2.88    3.89
 -24869.236    64.277    -1.93    3.86
 -24579.982    64.484     0.72    3.98
 -24290.730    65.103     2.14    3.79
 -24001.480    65.679     1.99    3.56
 -23712.232    65.984     1.05    3.54
 -23422.985    66.639     2.27    2.93
 -23133.740    66.656     0.06    3.33
 -22844.497    66.605    -0.18    3.69
 -22555.256    65.398    -4.17    4.70
 -22266.017    63.476    -6.65    5.50
 -21976.780    61.518    -6.77    5.92
 -21687.544    59.260    -7.81    7.61
 -21398.310    58.605    -2.27    7.61
 -21109.078    57.882    -2.50    7.34
 -20819.848    56.934    -3.28    7.26
 -20530.620    56.294    -2.21    6.96
 -20241.393    56.634     1.17    7.30
 -19952.169    56.377    -0.89    7.17
 -19662.946    56.743     1.26    7.36
 -19373.725    56.434    -1.07    7.68
 -19084.506    55.120    -4.54    7.97
 -18795.288    53.984    -3.93    7.84
 -18506.073    52.395    -5.50    7.20
 -18216.859    52.570     0.61    7.11
 -17927.647    53.381     2.80    7.04
 -17638.437    54.467     3.76    7.43
 -17349.229    55.935     5.07    7.33
 -17060.022    58.467     8.75    6.31
 -16770.818    60.901     8.42    4.02
 -16481.615    61.967     3.69    2.97
 -16192.414    61.767    -0.69    2.98
 -15903.215    61.267    -1.73    3.09
 -15614.017    61.034    -0.81    2.94
 -15324.822    60.651    -1.33    2.89
 -15035.628    60.225    -1.47    2.93
 -14746.436    59.492    -2.53    3.16
 -14457.245    59.243    -0.86    3.30
 -14168.057    58.509    -2.54    3.90
 -13878.870    57.934    -1.99    4.11
 -13589.686    57.484    -1.56    4.38
 -13300.503    57.696     0.73    4.47
 -13011.321    58.174     1.65    4.33
 -12722.142    58.934     2.63    3.72
 -12432.964    58.967     0.12    3.30
 -12143.788    58.801    -0.58    3.20
 -11854.614    58.949     0.51    3.09
 -11565.442    58.194    -2.61    3.30
 -11276.271    57.251    -3.26    3.60
 -10987.103    56.634    -2.13    3.41
 -10697.936    56.371    -0.91    3.63
 -10408.770    56.598     0.78    3.94
 -10119.607    56.398    -0.69    3.96
  -9830.445    55.950    -1.55    4.20
  -9541.286    55.622    -1.13    4.15
  -9252.127    54.853    -2.66    4.18
  -8962.971    53.967    -3.06    4.76
  -8673.817    52.846    -3.88    4.78
  -8384.664    51.881    -3.34    5.80
  -8095.513    49.255    -9.08    7.87
  -7806.364    46.801    -8.49    8.82
  -7517.216    44.312    -8.61    8.46
  -7228.071    42.867    -4.99    8.56
  -6938.927    42.502    -1.26    8.67
  -6649.785    43.312     2.80    9.21
  -6360.644    46.467    10.91    9.60
  -6071.506    49.451    10.32    8.62
  -5782.369    51.884     8.42    6.94
  -5493.234    53.341     5.04    5.42
  -5204.100    54.346     3.48    5.18
  -4914.969    55.949     5.55    4.15
  -4625.839    56.401     1.56    4.35
  -4336.711    56.148    -0.87    4.97
  -4047.585    55.794    -1.22    6.13
  -3758.460    54.184    -5.57    8.08
  -3469.337    51.949    -7.73    9.34
  -3180.216    48.801   -10.89   10.39
  -2891.097    44.517   -14.82   10.51
  -2601.979    40.651   -13.37   10.67
  -2312.863    37.767    -9.97    9.59
  -2023.749    35.381    -8.26    9.44
  -1734.637    32.255   -10.81   12.50
  -1445.526    24.518   -26.76   16.60
  -1156.417    19.213   -18.35   18.13
   -867.310    12.167   -24.37   17.35
   -578.205     7.520   -16.08   14.49
   -289.101     4.289   -11.17   10.27
      0.001     3.018    -4.39    6.56
    289.101     4.417     4.84    7.49
    578.199     5.651     4.27    7.48
    867.296     6.884     4.27    7.19
   1156.391     9.036     7.44    6.99
   1445.484     9.458     1.46    6.87
   1734.576     9.551     0.32    6.86
   2023.665    11.251     5.88    6.55
   2312.754    11.645     1.37    5.40
   2602.134    12.089     1.53    5.02
   2891.592    11.225    -2.98    5.02
   3181.049    10.984    -0.83    5.19
   3470.504    10.001    -3.40    5.68
   3759.958     9.115    -3.06    5.80
   4049.409     9.691     1.99    5.65
   4338.859    10.260     1.97    5.06
   4628.307    10.294     0.12    4.94
   4917.754    10.611     1.09    5.00
   5207.198    10.484    -0.44    5.36
   5496.642    10.381    -0.36    5.52
   5786.083    10.401     0.07    6.00
   6075.522     9.127    -4.40    6.70
   6364.960     8.312    -2.82    7.21
   6654.397     7.734    -2.00    7.32
   6943.831     8.117     1.32    7.48
   7233.264     8.623     1.75    7.69
   7522.695     8.609    -0.05    7.54
   7812.124     8.501    -0.37    7.16
   8101.552     7.639    -2.98    6.61
   8390.978     7.384    -0.88    5.55
   8680.402     8.492     3.83    4.67
   8969.825     9.863     4.74    4.38
   9259.245    11.601     6.00    5.04
   9548.665    13.545     6.72    5.65
   9838.082    15.284     6.01    5.60
  10127.498    17.560     7.87    4.56
  10416.912    19.018     5.04    2.99
  10706.324    19.781     2.64    1.95
  10995.735    19.884     0.36    1.90
  11285.144    19.784    -0.35    1.88
  11574.551    19.553    -0.80    1.89
  11863.957    19.567     0.05    1.78
  12153.361    19.584     0.06    1.73
  12442.763    19.703     0.41    1.61
  12732.163    19.781     0.27    1.80
  13021.562    19.984     0.70    1.81
  13310.960    20.401     1.44    1.76
  13600.355    20.459     0.20    1.63
  13889.749    20.567     0.38    1.72
  14179.141    20.846     0.96    1.90
  14468.532    20.844    -0.01    1.94
  14757.920    21.170     1.13    1.79
  15047.307    21.267     0.33    1.79
  15336.693    21.361     0.32    1.78
  15626.077    21.432     0.25    1.72
  15915.459    21.651     0.75    1.53
  16204.839    21.601    -0.17    1.39
  16494.218    21.398    -0.70    1.45
  16783.595    21.084    -1.08    1.40
  17072.971    20.777    -1.06    1.44
  17362.344    20.191    -2.03    1.41
  17651.717    20.001    -0.66    1.46
  17941.087    19.518    -1.67    1.68
  18230.456    18.541    -3.38    2.72
  18519.823    16.708    -6.34    4.38
  18809.189    14.577    -7.36    5.20
  19098.552    12.288    -7.91    5.49
  19387.915     9.967    -8.02    5.38
  19677.275     7.823    -7.41    4.38
  19966.634     5.933    -6.53    2.45
  20255.991     4.781    -3.98    2.14
  20545.347     4.002    -2.69    2.36
  20834.701     3.277    -2.50    2.61
  21124.053     2.734    -1.88    2.45
  21413.404     2.601    -0.46    2.36
  21702.753     2.952     1.21    2.64
  21992.100     3.520     1.96    3.11
  22281.446     4.817     4.48    3.41
  22570.790     6.826     6.94    3.93
  22860.132     8.226     4.84    3.93
  23149.473     9.323     3.79    3.13
  23438.812     9.570     0.85    2.93
  23728.150    10.120     1.90    2.99
  24017.486    10.377     0.89    3.06
  24306.820    10.717     1.18    3.46
  24596.153    11.747     3.56    4.64
  24885.484    12.705     3.31    4.69
  25174.813    14.334     5.63    5.05
  25464.141    15.930     5.52    4.72
  25753.467    16.442     1.77    4.36
  26042.791    17.587     3.96    3.28
  26332.114    17.066    -1.80    3.64
  26621.435    17.170     0.36    3.44
  26910.755    17.374     0.70    3.36
  27200.073    17.312    -0.22    3.57
  27489.390    16.794    -1.79    3.89
  27778.704    15.820    -3.37    4.53
  28068.017    15.018    -2.77    4.85
  28357.329    14.238    -2.69    5.16
  28646.639    13.139    -3.80    5.37
  28935.947    11.738    -4.84    5.21
  29225.254     9.623    -7.31    5.25
  29514.559     7.801    -6.30    5.22
  29803.863     6.443    -4.69    4.43
  30093.164     5.458    -3.41    3.76
  30382.465     5.415    -0.15    3.73
  30671.763     5.001    -1.43    3.80
  30961.061     5.105     0.36    4.03
  31250.356     5.902     2.76    3.89
  31539.650     6.967     3.68    3.28
  31828.942     6.747    -0.76    3.36
  32118.233     6.520    -0.78    2.98
  32407.522     6.384    -0.47    2.63
  32696.809     6.853     1.62    2.64
  32986.095     6.829    -0.08    2.64
  33275.380     7.170     1.18    2.73
  33564.662     7.177     0.02    2.82
  33853.943     7.777     2.07    3.25
  34143.223     8.467     2.39    3.85
  34432.501     9.459     3.43    4.53
  34721.777    10.226     2.65    4.90
  35011.052    11.020     2.74    5.04
  35300.325    12.001     3.39    5.41
  35589.597    13.282     4.43    5.60
  35878.867    14.394     3.84    5.23
  36168.135    15.181     2.72    4.87
  36457.402    15.898     2.48    4.30
  36746.667    16.238     1.18    4.05
  37035.931    15.466    -2.67    5.09
  37325.193    14.263    -4.16    5.46
  37614.454    12.798    -5.07    5.64
  37903.713    11.919    -3.04    5.59
  38192.970    11.238    -2.36    5.58
  38482.226    10.413    -2.85    4.95
  38771.480    11.334     3.19    4.99
  39060.733    12.036     2.43    4.31
  39349.984    12.884     2.93    3.79
  39639.234    13.551     2.30    2.84
  39928.482    13.743     0.66    2.37
  40217.728    13.312    -1.49    1.98
  40506.973    13.294    -0.06    1.97
  40796.216    13.394     0.34    1.83
  41085.458    13.553     0.55    2.01
  41374.698    13.817     0.91    2.02
  41663.937    13.846     0.10    2.10
  41953.174    13.633    -0.74    2.08
  42242.410    13.258    -1.30    2.37
  42531.644    12.334    -3.20    2.36
  42820.876    11.509    -2.85    1.83
  43110.107    11.002    -1.75    1.63
  43399.337    10.708    -1.02    1.54
  43688.564    10.284    -1.47    1.51
  43977.791     9.863    -1.45    1.93
  44267.015     9.509    -1.23    2.13
  44556.239     9.329    -0.62    2.33
  44845.460     8.915    -1.43    2.39
  45134.680     8.475    -1.52    2.47
  45423.899     7.577    -3.10    2.64
  45713.116     6.853    -2.50    2.92
  46002.331     7.001     0.51    2.87
  46291.545     7.086     0.29    3.11
  46580.758     7.234     0.51    3.11
  46869.969     7.467     0.80    3.34
  47159.178     8.401     3.23    3.55
  47448.386     8.867     1.61    3.30
  47737.592     9.361     1.71    3.05
  48026.797     9.466     0.36    3.15
  48316.000     9.798     1.15    2.98
  48605.202     9.760    -0.13    2.58
  48894.402     9.213    -1.89    2.40
  49183.601     8.722    -1.70    1.91
  49472.798     8.656    -0.23    1.77
  49761.993     8.340    -1.09    1.46
  50051.188     8.484     0.50    1.72
  50340.380     8.640     0.54    1.72
  50629.571     9.167     1.82    2.18
  50918.761     9.501     1.15    2.18
  51207.949    10.070     1.97    2.47
  51497.135    10.645     1.99    2.77
  51786.320    11.170     1.82    2.93
  52075.504    12.070     3.11    2.81
  52364.686    12.738     2.31    2.20
  52653.866    13.170     1.50    2.26
  52943.045    13.475     1.05    2.12
  53232.223    13.501     0.09    1.73
  53521.399    13.243    -0.89    1.53
  53810.573    13.263     0.07    1.52
  54099.746    13.122    -0.49    1.48
  54388.918    13.101    -0.07    1.66
  54678.088    13.191     0.31    1.84
  54967.256    13.194     0.01    1.80
  55256.423    13.164    -0.10    1.92
  55545.589    12.884    -0.97    1.73
  55834.753    12.672    -0.73    2.32
  56123.915    12.475    -0.68    2.27
  56413.076    12.846     1.28    2.45
  56702.236    13.167     1.11    2.48
  56991.394    13.329     0.56    2.36
  57280.550    13.689     1.25    2.15
  57569.706    13.829     0.48    2.02
  57858.859    13.570    -0.89    2.58
  58148.011    12.518    -3.64    3.82
  58437.162     9.951    -8.88    6.23
  58726.311     7.567    -8.24    7.19
  59015.459     5.725    -6.37    7.23
  59304.605     7.238     5.23   12.57
  59593.750    12.502    18.20   17.23
  59882.893    18.543    20.89   20.07
  60172.035    26.066    26.02   20.67
  60461.175    33.628    26.15   17.85
  60750.314    41.295    26.52   12.26
  61039.451    45.127    13.25    8.06
  61328.587    47.899     9.59    7.29
  61617.721    50.120     7.68    6.87
  61906.854    51.951     6.33    5.20
  62195.986    52.855     3.13    4.01
  62485.116    53.312     1.58    3.59
  62774.244    53.417     0.37    3.40
  63063.371    52.716    -2.43    3.40
  63352.497    52.394    -1.11    3.49
  63641.621    52.086    -1.07    3.86
  63930.744    51.882    -0.70    4.25
  64219.865    52.036     0.53    4.23
  64508.985    50.605    -4.95    5.72
  64798.275    48.767    -6.35    6.75
  65087.706    47.312    -5.03    7.04
  65377.136    46.459    -2.94    7.17
  65666.564    46.584     0.43    7.15
  65955.991    47.698     3.85    7.84
  66245.416    49.730     7.02    7.86
  66534.840    52.984    11.24    4.68
  66824.263    53.705     2.49    4.58
  67113.684    54.260     1.92    3.89
  67403.104    54.933     2.33    3.19
  67692.522    54.743    -0.66    3.78
  67981.939    54.405    -1.17    3.71
  68271.354    53.401    -3.47    4.73
  68560.768    52.267    -3.92    5.47
  68850.181    50.312    -6.76    6.27
  69139.592    48.686    -5.62    6.90
  69429.001    48.518    -0.58    6.87
  69718.409    48.148    -1.28    6.60
  70007.816    48.374     0.78    6.65
  70297.221    48.884     1.76    6.28
  70586.625    50.633     6.04    5.15
  70876.028    52.363     5.98    4.13
  71165.429    53.225     2.98    4.08
  71454.828    53.743     1.79    4.14
  71744.226    53.427    -1.09    4.21
  72033.623    53.036    -1.35    4.40
  72323.018    52.374    -2.29    4.77
  72612.412    52.163    -0.73    4.93
  72901.805    50.526    -5.65    5.38
  73191.196    48.394    -7.37    5.57
  73480.585    46.289    -7.27    7.62
  73769.974    43.117   -10.96    9.89
  74059.360    40.124   -10.34   11.23
  74348.746    36.794   -11.51   11.62
  74638.130    35.120    -5.79   10.94
  74927.512    32.899    -7.67   10.32
  75216.893    31.903    -3.44    9.50
  75506.273    30.484    -4.90    9.24
  75795.651    31.134     2.25    9.56
  76085.028    32.072     3.24   10.29
  76374.404    33.081     3.49   10.77
  76663.778    34.451     4.73   11.59
  76953.151    37.534    10.66   11.78
  77242.522    40.174     9.12   10.41
  77531.892    43.413    11.19    8.05
  77821.260    44.134     2.49    7.52
  78110.627    43.391    -2.57    7.51
  78399.993    42.230    -4.01    8.69
  78689.357    40.801    -4.94    8.59
  78978.720    39.841    -3.32    8.55
  79268.082    40.747     3.13    8.75
  79557.442    41.277     1.83    8.51
  79846.801    42.401     3.88    8.42
  80136.158    44.103     5.88    7.46
  80425.514    46.243     7.40    6.39
  80714.868    47.191     3.28    5.98
  81004.222    48.432     4.29    5.30
  81293.573    49.131     2.42    4.87
  81582.924    50.398     4.38    4.96
  81872.273    51.967     5.42    4.65
  82161.620    52.777     2.80    3.91
  82450.967    53.312     1.85    3.73
  82740.312    53.558     0.85    3.43
  83029.655    53.084    -1.64    3.93
  83318.997    52.717    -1.27    4.34
  83608.338    51.230    -5.14    4.84
  83897.677    50.018    -4.19    4.71
  84187.015    49.334    -2.37    4.62
  84476.352    48.725    -2.10    5.01
  84765.687    49.000     0.95    4.99
  85055.021    49.260     0.90    4.82
  85344.354    49.794     1.85    4.42
  85633.685    49.734    -0.21    4.41
  85923.015    50.934     4.15    4.61
  86212.343    52.101     4.03    4.34
  86501.670    53.122     3.53    4.44
  86790.996    54.306     4.09    4.00
  87080.320    54.734     1.48    3.96
  87369.643    54.949     0.74    3.83
  87658.965    53.747    -4.16    4.43
  87948.285    52.201    -5.34    4.31
  88237.604    50.361    -6.36    4.15
  88526.922    48.341    -6.98    5.26
  88816.238    46.086    -7.80    6.43
  89105.553    44.863    -4.23    7.16
  89394.867    44.084    -2.69    6.99
  89684.179    44.476     1.35    7.04
  89973.490    44.449    -0.09    7.34
  90262.799    45.798     4.66    7.72
  90552.107    49.573    13.05    5.07
  90841.414    50.936     4.71    3.51
  91130.720    50.967     0.11    3.38
  91420.024    49.851    -3.86    4.62
  91709.327    48.536    -4.55    6.24
  91998.628    47.145    -4.81    6.69
  92287.928    45.865    -4.42    6.63
  92577.227    44.777    -3.76    6.73
  92866.525    44.820     0.15    6.83
  93155.821    44.882     0.22    6.84
  93445.115    45.247     1.26    6.56
  93734.409    45.639     1.36    6.34
  94023.701    46.036     1.37    6.33
  94312.992    47.295     4.35    6.60
  94602.281    48.829     5.30    7.22
  94891.570    50.238     4.87    7.75
  95180.856    51.570     4.60    7.75
  95470.142    53.387     6.28    7.29
  95759.426    54.853     5.07    6.55
  96048.709    55.651     2.76    5.06
  96337.991    54.459    -4.12    5.56
  96627.271    54.194    -0.92    5.82
  96916.550    54.243     0.17    6.07
  97205.827    55.340     3.79    6.27
  97495.104    56.475     3.93    6.31
  97784.379    57.917     4.98    6.93
  98073.652    59.622     5.89    6.34
  98362.925    61.363     6.02    4.76
  98652.196    60.656    -2.44    5.17
  98941.465    60.781     0.43    4.72
  99230.734    61.391     2.11    4.32
  99520.001    61.587     0.68    4.01
  99809.267    61.323    -0.91    3.68
 100098.531    61.145    -0.62    3.39
 100387.795    61.434     1.00    3.21
 100677.057    62.017     2.01    2.93
 100966.317    61.628    -1.34    3.54
 101255.577    60.901    -2.51    3.82
 101544.835    60.180    -2.49    4.21
 101834.091    59.306    -3.02    4.55
 102123.347    58.449    -2.96    4.46
 102412.601    58.001    -1.55    4.12
 102701.854    57.656    -1.19    4.12
 102991.106    57.686     0.10    4.02
 103280.356    58.201     1.78    4.14
 103569.605    58.341     0.49    4.17
 103858.853    59.065     2.50    4.34
 104148.099    58.834    -0.80    4.62
 104437.344    59.251     1.44    4.81
 104726.588    58.949    -1.04    4.91
 105015.831    58.317    -2.19    4.25
 105305.072    57.814    -1.74    4.36
 105594.312    57.865     0.18    4.23
 105883.551    57.597    -0.93    4.14
 106172.788    58.459     2.98    4.28
 106462.025    59.645     4.10    4.56
 106751.260    60.425     2.70    4.45
 107040.493    61.915     5.15    3.87
 107329.726    62.279     1.26    3.51
 107618.957    62.553     0.95    3.35
 107908.187    61.967    -2.03    3.55
 108197.415    62.243     0.95    3.72
 108486.643    62.633     1.35    3.72
 108775.869    62.784     0.52    3.63
 109065.094    63.001     0.75    3.44
 109354.317    63.584     2.02    3.58
 109643.540    63.616     0.11    3.40
 109932.761    63.570    -0.16    3.53
 110221.980    63.361    -0.72    3.75
 110511.199    63.001    -1.25    3.66
 110800.416    62.451    -1.90    4.11
 111089.632    62.020    -1.49    4.24
 111378.847    61.881    -0.48    3.96
 111668.061    62.170     1.00    3.98
 111957.273    61.449    -2.49    4.42
 112246.484    60.246    -4.16    5.36
 112535.694    57.622    -9.07    7.84
 112824.902    54.272   -11.58    7.89
 113114.109    52.573    -5.87    7.32
 113403.316    51.417    -4.00    6.37
 113692.520    51.355    -0.22    6.10
 113981.724    51.208    -0.51    5.77
 114270.926    53.134     6.66    5.02
 114560.127    55.001     6.46    3.25
 114849.327    54.846    -0.54    3.26
 115138.526    55.408     1.94    3.37
 115427.723    55.814     1.41    3.48
 115716.919    56.500     2.37    3.77
 116006.114    57.145     2.23    3.98
 116295.308    58.301     4.00    4.24
 116584.500    58.423     0.42    4.19
 116873.692    59.307     3.06    3.87
 117162.882    59.501     0.67    3.66
 117452.070    59.777     0.96    3.16
 117741.258    59.696    -0.28    2.93
 118030.444    60.341     2.23    2.73
 118319.629    60.623     0.98    2.27
 118608.813    60.323    -1.04    2.55
 118897.996    60.131    -0.66    2.98
 119187.177    59.475    -2.27    3.45
 119476.358    58.073    -4.85    4.44
 119765.537    56.611    -5.06    4.47
 120054.714    55.001    -5.57    4.67
 120343.891    54.151    -2.94    4.12
 120633.066    54.301     0.52    4.23
 120922.241    55.312     3.50    5.22
 121211.414    57.156     6.38    5.46
 121500.585    58.794     5.66    4.49
 121789.756    59.689     3.09    3.94
 122078.925    60.086     1.37    3.84
 122368.093    60.684     2.07    4.02
 122657.260    60.967     0.98    4.05
 122946.426    60.265    -2.43    4.18
 123235.591    60.066    -0.69    4.29
 123524.754    60.601     1.85    4.39
 123813.916    61.263     2.29    4.06
 124103.077    61.395     0.46    4.07
 124392.237    62.139     2.57    4.05
 124681.395    62.747     2.10    3.82
 124970.553    63.053     1.06    3.03
 125259.709    63.328     0.95    2.75
 125548.864    63.346     0.06    2.98
 125838.018    63.467     0.42    3.09
 126127.170    63.423    -0.15    3.00
 126416.322    63.255    -0.58    2.86
 126705.472    63.312     0.20    2.78
 126994.699    63.467     0.54    2.77
 127284.102    62.814    -2.25    2.93
 127573.505    62.288    -1.82    3.00
 127862.906    61.949    -1.17    2.84
 128152.307    61.784    -0.57    3.01
 128441.706    60.899    -3.06    3.28
 128731.104    59.869    -3.56    3.62
 129020.500    59.038    -2.87    4.08
 129309.896    58.018    -3.52    4.23
 129599.290    57.611    -1.41    4.38
 129888.683    57.672     0.21    4.33
 130178.075    57.820     0.51    4.36
 130467.466    58.398     2.00    4.52
 130756.856    58.934     1.85    4.19
 131046.244    59.020     0.30    3.79
 131335.632    59.213     0.67    3.83
 131625.018    58.577    -2.20    4.08
 131914.403    58.526    -0.18    4.10
 132203.787    58.225    -1.04    4.00
 132493.169    58.528     1.05    4.00
 132782.551    58.899     1.28    3.76
 133071.931    59.346     1.54    3.47
 133361.310    59.607     0.90    2.96
 133650.689    59.834     0.78    2.91
 133940.065    59.948     0.39    2.80
 134229.441    59.679    -0.93    2.96
 134518.816    59.105    -1.98    2.51
 134808.189    59.181     0.26    2.78
 135097.561    59.553     1.29    2.79
 135386.933    59.717     0.57    2.86
 135676.303    60.087     1.28    3.04
 135965.671    60.177     0.31    3.22
 136255.039    60.656     1.66    3.21
 136544.406    60.801     0.50    3.27
 136833.771    61.033     0.80    3.08
 137123.135    61.054     0.07    3.08
 137412.498    60.949    -0.36    2.84
 137701.860    61.082     0.46    2.40
 137991.221    61.018    -0.22    2.46
 138280.581    61.001    -0.06    2.55
 138569.940    60.896    -0.36    2.38
 138859.297    60.812    -0.29    2.28
 139148.653    60.691    -0.42    2.45
 139438.009    60.346    -1.19    2.58
 139727.363    60.164    -0.63    2.49
 140016.716    60.243     0.27    2.71
 140306.067    60.781     1.86    2.77
 140595.418    61.038     0.89    2.88
 140884.768    60.984    -0.19    2.72
 141174.116    61.050     0.23    2.64
 141463.463    60.967    -0.29    2.88
 141752.810    60.501    -1.61    3.15
 142042.155    60.089    -1.42    3.52
 142331.499    59.277    -2.81    3.67
 142620.841    58.251    -3.55    4.23
 142910.183    58.103    -0.51    4.55
 143199.524    57.339    -2.64    4.76
 143488.863    57.055    -0.98    4.86
 143778.202    56.434    -2.15    4.88
 144067.539    54.430    -6.92    5.57
 144356.875    53.419    -3.49    5.80
 144646.210    52.434    -3.41    5.96
 144935.544    51.760    -2.33    5.90
 145224.877    51.408    -1.22    6.89
 145514.209    52.823     4.89    7.01
 145803.539    52.917     0.33    7.01
 146092.869    54.543     5.62    6.47
 146382.197    56.574     7.02    5.13
 146671.524    57.442     3.00    3.99
 146960.851    57.645     0.70    3.35
 147250.176    57.052    -2.05    3.64
 147539.500    55.794    -4.35    4.78
 147828.823    54.467    -4.59    5.44
 148118.145    53.272    -4.13    5.50
 148407.465    50.967    -7.97    5.70
 148696.785    49.449    -5.24    6.27
 148986.104    48.863    -2.03    6.27
 149275.421    49.066     0.70    6.56
 149564.738    49.035    -0.11    6.64
 149854.053    50.034     3.45    6.40
 150143.367    50.898     2.99    6.65
 150432.680    52.002     3.82    6.79
 150721.992    53.607     5.55    6.48
 151011.303    54.784     4.07    5.87
 151300.613    56.213     4.94    4.49
 151589.922    57.305     3.77    3.51
 151879.230    58.036     2.52    2.73
 152168.536    57.798    -0.82    3.44
 152457.842    57.225    -1.98    3.99
 152747.147    56.558    -2.31    4.41
 153036.450    55.277    -4.43    4.76
 153325.752    53.794    -5.13    5.95
 153615.054    52.668    -3.89    6.26
 153904.354    50.696    -6.82    6.66
 154193.653    49.607    -3.76    6.54
 154482.951    49.036    -1.97    6.60
 154772.248    49.306     0.93    7.36
 155061.544    50.520     4.20    7.52
 155350.839    52.294     6.13    7.07
 155640.133    52.751     1.58    6.27
 155929.426    54.357     5.55    5.34
 156218.718    54.689     1.15    5.79
 156508.009    54.734     0.16    6.07
 156797.298    54.865     0.45    5.77
 157086.587    55.035     0.59    5.33
 157375.874    55.099     0.22    5.13
 157665.161    55.689     2.04    4.57
 157954.446    55.846     0.54    4.45
 158243.731    56.517     2.32    4.04
 158533.014    56.484    -0.12    4.07
 158822.296    56.738     0.88    3.75
 159111.578    56.391    -1.20    3.63
 159400.858    56.103    -1.00    3.26
 159690.137    56.105     0.01    2.94
 159979.415    56.212     0.37    2.73
 160268.692    56.170    -0.14    2.99
 160557.968    56.294     0.43    3.15
 160847.243    56.246    -0.17    3.42
 161136.517    56.401     0.53    3.48
 161425.790    56.752     1.21    3.44
 161715.062    56.916     0.57    3.44
 162004.333    57.605     2.38    3.50
 162293.603    57.672     0.23    3.58
 162582.872    57.501    -0.59    3.94
 162872.139    57.134    -1.27    4.58
 163161.406    56.915    -0.76    5.11
 163450.672    56.335    -2.01    5.43
 163739.937    55.501    -2.88    5.67
 164029.200    53.901    -5.53    6.67
 164318.463    53.002    -3.11    7.26
 164607.725    52.206    -2.75    7.47
 164896.985    50.984    -4.23    7.41
