-146948.519    46.282     0.00    2.95
-146659.308    45.997    -0.99    3.12
-146370.097    45.180    -2.83    3.76
-146080.885    44.882    -1.03    3.81
-145791.671    44.370    -1.77    4.30
-145502.457    43.732    -2.21    4.96
-145213.241    43.052    -2.35    5.67
-144924.025    41.436    -5.59    7.52
-144634.807    37.482   -13.67   10.80
-144345.589    34.749    -9.45   11.70
-144056.369    33.982    -2.65   11.43
-143767.148    34.199     0.75   11.83
-143477.927    35.629     4.94   11.31
-143188.704    37.149     5.26   10.89
-142899.480    40.816    12.68    7.81
-142610.255    42.801     6.87    3.98
-142321.030    43.301     1.73    3.23
-142031.803    43.508     0.72    2.95
-141742.575    43.544     0.12    2.42
-141453.346    43.870     1.13    2.26
-141164.116    43.741    -0.45    2.81
-140874.885    43.491    -0.86    2.97
-140585.653    42.411    -3.73    5.32
-140296.420    40.829    -5.47    7.55
-140007.186    38.582    -7.77    9.25
-139717.951    36.016    -8.87    9.77
-139428.714    35.089    -3.20    9.65
-139139.477    34.456    -2.19   10.10
-138850.239    33.893    -1.95    9.87
-138560.999    33.453    -1.52    9.12
-138271.759    34.032     2.00    8.75
-137982.517    34.612     2.00    7.87
-137693.275    34.577    -0.12    8.07
-137404.031    34.612     0.12    8.27
-137114.787    33.317    -4.48    9.22
-136825.541    32.049    -4.38    9.88
-136536.294    29.008   -10.51   10.50
-136247.046    27.317    -5.85    9.97
-135957.797    26.482    -2.89   10.73
-135668.547    27.029     1.89   10.88
-135379.296    25.866    -4.02   11.91
-135090.044    24.582    -4.44   12.05
-134800.791    24.249    -1.15   12.29
-134511.537    24.018    -0.80   11.92
-134222.281    23.181    -2.89   11.70
-133933.025    20.749    -8.41   12.20
-133643.768    18.816    -6.69   11.67
-133354.509    18.560    -0.88   10.50
-133065.249    18.301    -0.90    9.39
-132775.989    17.216    -3.75    8.89
-132486.727    16.875    -1.18    7.66
-132197.464    14.990    -6.52    7.37
-131908.200    13.282    -5.90    6.38
-131618.935    12.775    -1.75    6.73
-131329.669    10.732    -7.06    6.83
-131040.402     9.671    -3.67    6.47
-130751.133    10.046     1.30    7.05
-130461.864     8.707    -4.63    6.56
-130172.594     8.248    -1.58    7.01
-129883.322     7.012    -4.27    6.97
-129594.049     6.339    -2.32    6.76
-129304.776     5.758    -2.01    6.18
-129015.501     5.612    -0.51    4.98
-128726.225     6.216     2.09    4.39
-128436.948     8.508     7.92    5.53
-128147.670    11.853    11.56    6.01
-127858.391    14.491     9.12    5.74
-127569.110    17.336     9.83    4.88
-127279.829    19.516     7.54    3.55
-126990.546    20.842     4.59    2.34
-126701.263    21.822     3.39    1.10
-126411.978    22.197     1.30    0.19
-126122.692    22.232     0.12    0.00
-125833.405    22.232     0.00    0.00
-125544.117    22.232     0.00    0.00
-125254.828    22.232     0.00    0.00
-124965.538    22.232     0.00    0.00
-124676.246    22.232     0.00    0.00
-124386.954    22.097    -0.47    0.60
-124097.660    21.368    -2.52    1.99
-123808.365    19.724    -5.68    4.11
-123519.069    17.077    -9.15    6.44
-123229.772    13.419   -12.65    7.64
-122940.474    10.197   -11.14    7.57
-122651.175     6.944   -11.24    6.17
-122361.875     6.332    -2.11    6.96
-122072.573     8.147     6.27    9.78
-121783.271    12.266    14.23   12.28
-121493.967    16.025    13.00   12.71
-121204.662    21.008    17.22   12.80
-120915.356    27.198    21.40   10.38
-120626.049    30.741    12.24    7.13
-120336.741    33.119     8.22    5.37
-120047.431    35.304     7.55    3.56
-119758.121    36.032     2.52    2.50
-119468.809    36.636     2.09    2.43
-119179.496    36.942     1.06    2.57
-118890.182    37.132     0.66    3.25
-118600.867    37.554     1.46    3.44
-118311.551    37.146    -1.41    3.53
-118022.234    37.357     0.73    3.72
-117732.915    37.593     0.81    3.65
-117443.595    37.368    -0.78    3.42
-117154.275    37.150    -0.75    3.02
-116864.953    37.300     0.52    2.76
-116575.630    37.125    -0.60    2.83
-116286.305    37.249     0.43    3.08
-115996.980    37.405     0.54    3.19
-115707.653    37.116    -1.00    3.26
-115418.326    37.232     0.40    3.19
-115128.997    37.198    -0.12    3.51
-114839.667    37.094    -0.36    3.59
-114550.336    36.543    -1.91    3.59
-114261.003    35.806    -2.55    3.67
-113971.670    35.370    -1.51    3.61
-113682.335    35.249    -0.42    3.37
-113392.999    34.801    -1.55    3.21
-113103.662    34.583    -0.75    2.81
-112814.324    34.377    -0.71    3.02
-112524.985    34.582     0.71    2.90
-112235.644    33.949    -2.19    3.66
-111946.303    34.179     0.79    3.55
-111656.960    34.060    -0.41    3.52
-111367.616    34.049    -0.04    3.48
-111078.271    34.405     1.23    3.19
-110788.924    35.068     2.29    2.88
-110499.577    35.112     0.15    3.12
-110210.228    34.905    -0.72    3.29
-109920.878    34.741    -0.57    3.41
-109631.527    34.961     0.76    3.30
-109342.175    34.949    -0.04    3.16
-109052.822    35.318     1.28    3.16
-108763.467    35.317    -0.01    3.17
-108474.111    35.357     0.14    3.31
-108184.754    35.215    -0.49    3.45
-107895.396    34.566    -2.25    3.80
-107606.037    34.316    -0.86    3.69
-107316.676    33.970    -1.19    3.66
-107027.314    34.179     0.72    3.72
-106737.952    34.707     1.83    3.67
-106448.587    35.629     3.19    3.44
-106159.222    36.036     1.41    3.27
-105869.856    36.511     1.64    2.89
-105580.488    36.474    -0.13    3.47
-105291.119    35.982    -1.70    3.89
-105001.749    36.018     0.12    4.15
-104712.378    36.281     0.91    4.00
-104423.005    36.249    -0.11    3.99
-104133.631    36.332     0.29    3.54
-103844.257    36.474     0.49    3.36
-103554.880    36.566     0.32    3.07
-103265.503    36.537    -0.10    2.91
-102976.125    36.060    -1.65    2.72
-102686.745    35.974    -0.30    2.63
-102397.364    36.181     0.72    2.49
-102107.982    36.214     0.11    2.53
-101818.598    36.470     0.88    2.59
-101529.214    36.870     1.38    2.38
-101239.828    36.954     0.29    2.36
-100950.441    36.456    -1.72    2.38
-100661.053    36.387    -0.24    2.83
-100371.663    35.991    -1.37    2.70
-100082.272    35.698    -1.01    2.80
 -99792.880    34.616    -3.74    3.94
 -99503.487    33.368    -4.31    4.78
 -99214.093    33.116    -0.87    4.78
 -98924.697    32.589    -1.82    4.86
 -98635.301    31.663    -3.20    5.22
 -98345.903    30.699    -3.33    5.26
 -98056.503    29.114    -5.48    6.05
 -97767.103    28.673    -1.52    5.82
 -97477.701    28.250    -1.46    5.28
 -97188.298    27.474    -2.68    5.14
 -96899.070    27.300    -0.60    4.90
 -96609.932    26.758    -1.88    4.41
 -96320.793    25.982    -2.68    4.55
 -96031.653    25.163    -2.83    5.19
 -95742.512    24.419    -2.58    5.16
 -95453.369    23.232    -4.10    4.79
 -95164.225    22.893    -1.17    4.49
 -94875.080    23.495     2.08    4.85
 -94585.933    24.131     2.20    5.07
 -94296.785    25.499     4.73    4.36
 -94007.636    26.285     2.72    3.66
 -93718.486    26.605     1.11    3.68
 -93429.335    26.910     1.06    4.27
 -93140.182    27.097     0.64    4.40
 -92851.028    27.087    -0.03    4.41
 -92561.873    27.089     0.01    4.63
 -92272.717    27.699     2.11    4.52
 -91983.559    28.934     4.27    4.69
 -91694.400    30.394     5.05    4.41
 -91405.240    30.732     1.17    4.48
 -91116.078    31.449     2.48    4.91
 -90826.915    31.956     1.75    4.64
 -90537.751    31.127    -2.87    5.48
 -90248.586    30.082    -3.61    6.15
 -89959.420    29.249    -2.88    6.27
 -89670.252    28.036    -4.20    6.35
 -89381.083    27.249    -2.72    5.82
 -89091.912    26.643    -2.10    5.20
 -88802.741    27.334     2.39    4.95
 -88513.568    28.456     3.88    4.20
 -88224.394    29.462     3.48    3.26
 -87935.218    29.758     1.02    2.96
 -87646.042    29.249    -1.76    3.17
 -87356.864    28.370    -3.04    3.88
 -87067.685    26.491    -6.50    5.27
 -86778.504    25.380    -3.84    5.74
 -86489.322    24.351    -3.56    5.88
 -86200.139    23.114    -4.28    5.87
 -85910.955    22.577    -1.86    5.54
 -85621.769    22.284    -1.01    5.32
 -85332.582    22.445     0.56    5.18
 -85043.394    21.516    -3.22    4.73
 -84754.205    21.642     0.44    4.64
 -84465.014    21.934     1.01    4.62
 -84175.822    21.870    -0.22    4.70
 -83886.628    21.299    -1.98    5.18
 -83597.434    19.818    -5.12    5.97
 -83308.238    19.134    -2.37    6.41
 -83019.041    18.094    -3.59    7.11
 -82729.842    15.961    -7.38    8.20
 -82440.642    14.197    -6.10    8.87
 -82151.441    12.499    -5.87    9.62
 -81862.239    10.691    -6.25    9.76
 -81573.035     8.956    -6.00    9.60
 -81283.830     7.893    -3.68    9.51
 -80994.624     6.548    -4.65    9.17
 -80705.416     5.456    -3.77    8.78
 -80416.207     4.499    -3.31    8.45
 -80126.997     3.486    -3.50    7.82
 -79837.785     3.626     0.48    8.30
 -79548.572     2.768    -2.97    7.76
 -79259.358     3.032     0.91    8.01
 -78970.143     3.074     0.15    8.07
 -78680.926     2.806    -0.93    7.61
 -78391.708     3.117     1.08    7.66
 -78102.488     2.836    -0.97    7.49
 -77813.268     4.147     4.54    8.65
 -77524.046     4.607     1.59    8.69
 -77234.822     5.347     2.56    8.94
 -76945.598     6.351     3.47    8.93
 -76656.372     6.855     1.74    8.83
 -76367.144     8.114     4.35    8.89
 -76077.916    10.232     7.33    8.84
 -75788.686    11.582     4.67    8.85
 -75499.454    13.732     7.43    8.45
 -75210.222    15.399     5.76    7.56
 -74920.988    17.649     7.78    6.61
 -74631.752    19.320     5.78    5.15
 -74342.516    20.405     3.75    3.37
 -74053.278    19.887    -1.79    3.87
 -73764.038    19.462    -1.47    4.42
 -73474.798    19.387    -0.26    4.32
 -73185.556    18.299    -3.76    5.06
 -72896.312    17.146    -3.99    5.12
 -72607.068    17.411     0.92    5.18
 -72317.822    17.377    -0.12    5.70
 -72028.574    18.649     4.40    5.34
 -71739.326    18.394    -0.88    5.69
 -71450.076    18.072    -1.11    5.79
 -71160.824    17.318    -2.60    6.12
 -70871.572    16.588    -2.52    6.01
 -70582.317    16.577    -0.04    5.91
 -70293.062    17.019     1.53    6.15
 -70003.805    17.784     2.64    6.21
 -69714.547    18.853     3.70    6.11
 -69425.288    19.991     3.93    5.18
 -69136.027    20.366     1.30    4.95
 -68846.765    20.499     0.46    5.02
 -68557.501    19.836    -2.29    5.62
 -68268.236    19.549    -0.99    5.67
 -67978.970    19.447    -0.35    6.07
 -67689.702    19.284    -0.56    6.02
 -67400.433    19.085    -0.69    5.96
 -67111.163    19.656     1.97    6.16
 -66821.891    19.970     1.09    5.94
 -66532.618    20.447     1.65    5.24
 -66243.344    19.995    -1.56    5.44
 -65954.068    19.656    -1.17    5.46
 -65664.791    19.066    -2.04    5.53
 -65375.512    18.329    -2.55    5.42
 -65086.232    17.681    -2.24    5.83
 -64796.951    17.299    -1.32    5.68
 -64507.668    17.250    -0.17    6.18
 -64218.384    17.216    -0.12    6.46
 -63929.099    15.334    -6.51    8.57
 -63639.812    12.910    -8.38    9.99
 -63350.524     9.715   -11.05   11.07
 -63061.234     6.387   -11.50   10.55
 -62771.943     3.368   -10.44    8.48
 -62482.651     3.267    -0.35    8.41
 -62193.357     5.872     9.00   10.48
 -61904.062     9.566    12.77   11.53
 -61614.765    13.089    12.18   11.27
 -61325.467    16.402    11.45    9.92
 -61036.168    18.284     6.51    7.71
 -60746.867    19.216     3.22    6.02
 -60457.565    19.112    -0.36    6.10
 -60168.262    19.632     1.80    5.99
 -59878.957    20.318     2.37    5.36
 -59589.651    20.987     2.31    5.15
 -59300.343    22.085     3.80    5.04
 -59011.034    22.582     1.72    4.50
 -58721.723    22.986     1.40    4.00
 -58432.412    23.408     1.46    4.28
 -58143.098    23.267    -0.49    4.50
 -57853.784    23.757     1.69    4.33
 -57564.467    23.825     0.24    4.11
 -57275.150    24.167     1.18    3.69
 -56985.831    24.285     0.41    3.52
 -56696.511    24.318     0.12    3.42
 -56407.189    23.991    -1.13    3.60
 -56117.866    22.961    -3.56    4.32
 -55828.541    22.249    -2.46    4.97
 -55539.215    20.870    -4.76    5.62
 -55249.888    20.825    -0.15    6.43
 -54960.559    20.322    -1.74    6.58
 -54671.229    20.707     1.33    6.74
 -54381.897    20.068    -2.21    6.78
 -54092.564    19.825    -0.84    7.05
 -53803.230    20.299     1.64    6.65
 -53513.894    21.232     3.23    6.10
 -53224.557    19.905    -4.59    6.36
 -52935.218    18.932    -3.36    6.98
 -52645.878    18.792    -0.49    7.10
 -52356.536    18.523    -0.93    6.83
 -52067.193    18.375    -0.51    6.07
 -51777.849    18.832     1.58    6.07
 -51488.503    18.643    -0.65    6.23
 -51199.155    19.410     2.65    6.03
 -50909.807    19.499     0.31    5.78
 -50620.456    19.682     0.63    5.31
 -50331.105    19.922     0.83    5.47
 -50041.752    18.759    -4.02    6.56
 -49752.397    16.899    -6.43    8.61
 -49463.041    13.724   -10.97   10.20
 -49173.684    10.265   -11.95   10.61
 -48884.325     6.482   -13.07    9.80
 -48594.964     3.625    -9.87    8.93
 -48305.603     2.436    -4.11    8.13
 -48016.240     1.249    -4.10    7.11
 -47726.875     2.052     2.77    8.20
 -47437.509     4.554     8.65   10.18
 -47148.141     7.215     9.19   11.38
 -46858.772     8.974     6.08   11.83
 -46569.402    10.905     6.67   11.40
 -46280.030    13.167     7.82   11.28
 -45990.656    14.571     4.85   10.61
 -45701.282    15.215     2.23    9.93
 -45411.905    14.732    -1.67    9.74
 -45122.528    14.905     0.60    9.41
 -44833.148    13.003    -6.57    9.49
 -44543.768    11.399    -5.54   10.05
 -44254.386    10.347    -3.64   10.35
 -43965.002     8.197    -7.43    9.99
 -43675.617     6.043    -7.45    9.45
 -43386.230     4.149    -6.54    8.42
 -43096.842     1.956    -7.58    6.45
 -42807.453     0.822    -3.92    5.01
 -42518.062     0.025    -2.75    4.09
 -42228.669    -0.547    -1.98    3.35
 -41939.276    -1.125    -2.00    2.22
 -41649.880    -1.234    -0.38    1.94
 -41360.483    -1.518    -0.98    1.32
 -41071.085    -1.457     0.21    1.50
 -40781.685    -1.151     1.06    2.27
 -40492.284    -1.154    -0.01    2.21
 -40202.881     0.129     4.43    5.40
 -39913.477     2.893     9.55    8.92
 -39624.071     5.582     9.29   10.30
 -39334.664     8.199     9.04   11.04
 -39045.255    10.822     9.06   10.68
 -38755.845    13.482     9.19    9.25
 -38466.433    15.043     5.39    7.65
 -38177.020    15.603     1.94    6.22
 -37887.605    15.872     0.93    5.84
 -37598.189    16.456     2.02    5.30
 -37308.771    16.741     0.98    5.55
 -37019.352    17.179     1.51    5.43
 -36729.932    17.732     1.91    5.11
 -36440.509    18.876     3.95    4.23
 -36151.086    18.949     0.25    3.85
 -35861.661    18.284    -2.30    3.74
 -35572.234    17.625    -2.28    4.03
 -35282.806    16.999    -2.16    4.14
 -34993.376    16.525    -1.64    4.09
 -34704.072    16.380    -0.50    4.13
 -34414.964    16.673     1.01    4.19
 -34125.854    17.715     3.60    3.99
 -33836.743    18.991     4.41    3.96
 -33547.631    19.318     1.13    4.06
 -33258.517    19.216    -0.35    4.09
 -32969.401    19.387     0.59    4.25
 -32680.284    19.588     0.69    4.26
 -32391.166    19.956     1.27    4.23
 -32102.045    20.268     1.08    4.18
 -31812.924    19.861    -1.41    4.56
 -31523.801    20.316     1.57    4.73
 -31234.676    20.150    -0.57    4.70
 -30945.550    19.478    -2.33    5.25
 -30656.422    18.956    -1.80    5.39
 -30367.293    18.249    -2.45    5.69
 -30078.163    17.656    -2.05    5.25
 -29789.030    16.832    -2.85    5.11
 -29499.897    15.422    -4.88    5.37
 -29210.761    13.508    -6.62    5.54
 -28921.625    12.387    -3.88    5.30
 -28632.486    12.182    -0.71    5.54
 -28343.346    12.842     2.28    6.12
 -28054.205    12.801    -0.14    6.27
 -27765.062    13.690     3.07    6.73
 -27475.918    15.286     5.52    6.75
 -27186.772    16.351     3.68    6.08
 -26897.624    16.332    -0.06    6.06
 -26608.475    16.049    -0.98    6.45
 -26319.324    15.413    -2.20    6.44
 -26030.172    14.929    -1.67    6.38
 -25741.019    14.978     0.17    6.95
 -25451.863    16.353     4.75    7.25
 -25162.706    16.691     1.17    7.48
 -24873.548    17.790     3.80    6.83
 -24584.388    19.956     7.49    4.93
 -24295.227    21.149     4.12    3.54
 -24006.064    21.000    -0.51    3.15
 -23716.899    20.748    -0.87    3.11
 -23427.733    20.385    -1.26    2.98
 -23138.566    19.599    -2.72    3.03
 -22849.396    19.301    -1.03    3.28
 -22560.226    18.952    -1.21    3.39
 -22271.053    18.419    -1.84    3.81
 -21981.879    17.577    -2.91    4.24
 -21692.704    17.413    -0.57    4.28
 -21403.527    16.944    -1.62    4.22
 -21114.348    16.811    -0.46    4.17
 -20825.168    16.974     0.56    4.22
 -20535.987    17.336     1.25    3.67
 -20246.803    17.593     0.89    3.65
 -19957.619    17.646     0.18    3.45
 -19668.432    17.663     0.06    3.26
 -19379.244    17.732     0.24    3.26
 -19090.055    17.601    -0.45    3.55
 -18800.864    17.740     0.48    3.66
 -18511.671    17.366    -1.30    3.84
 -18222.477    17.117    -0.86    3.82
 -17933.281    17.004    -0.39    4.13
 -17644.083    16.525    -1.66    3.98
 -17354.884    16.792     0.92    4.01
 -17065.684    16.995     0.70    4.38
 -16776.482    16.986    -0.03    4.49
 -16487.278    17.043     0.19    4.44
 -16198.073    16.905    -0.48    4.56
 -15908.866    16.622    -0.98    4.81
 -15619.657    15.876    -2.58    5.11
 -15330.447    14.049    -6.32    6.87
 -15041.235    11.508    -8.79    7.64
 -14752.022     9.080    -8.40    8.09
 -14462.807     6.661    -8.36    7.55
 -14173.591     4.453    -7.64    7.09
 -13884.373     2.183    -7.85    5.73
 -13595.153     0.639    -5.34    4.04
 -13305.932     0.182    -1.58    3.98
 -13016.709    -0.268    -1.56    3.89
 -12727.485     0.910     4.07    5.97
 -12438.259     1.232     1.11    6.96
 -12149.031     1.402     0.59    7.16
 -11859.802     2.167     2.64    7.38
 -11570.571     2.267     0.35    7.39
 -11281.338     2.449     0.63    7.55
 -10992.104     1.679    -2.66    6.29
 -10702.869     1.055    -2.16    5.75
 -10413.631     0.416    -2.21    4.88
 -10124.393    -0.551    -3.34    3.81
  -9835.152    -0.147     1.40    5.71
  -9545.910     1.198     4.65    7.83
  -9256.666     2.249     3.64    8.80
  -8967.421     3.944     5.86    9.80
  -8678.174     5.797     6.41   10.12
  -8388.925     7.266     5.08    9.80
  -8099.675     7.947     2.35    8.74
  -7810.423     8.419     1.63    8.20
  -7521.170    10.060     5.67    8.07
  -7231.915    11.167     3.83    8.26
  -6942.658    12.353     4.10    8.30
  -6653.400    13.560     4.17    8.24
  -6364.140    14.681     3.87    8.07
  -6074.878    14.801     0.42    7.68
  -5785.615    14.966     0.57    7.35
  -5496.350    15.419     1.57    6.83
  -5207.083    14.466    -3.29    7.09
  -4917.815    14.232    -0.81    7.05
  -4628.545    13.836    -1.37    7.21
  -4339.274    13.466    -1.28    7.87
  -4050.001    14.131     2.30    8.24
  -3760.726    14.910     2.70    8.60
  -3471.450    14.911     0.00    8.71
  -3182.172    15.232     1.11    8.70
  -2892.892    15.741     1.76    8.40
  -2603.611    15.859     0.41    7.85
  -2314.328    15.132    -2.51    7.70
  -2025.044    14.215    -3.17    8.28
  -1735.758    12.520    -5.86    8.73
  -1446.470    11.214    -4.51    9.10
  -1157.180     8.944    -7.85    9.55
   -867.889     7.396    -5.35   10.09
   -578.596     5.724    -5.78   10.07
   -289.302     4.582    -3.95   10.23
     -0.006     2.916    -5.76    9.61
    289.292     1.097    -6.29    8.45
    578.591     0.520    -1.99    7.25
    867.893     1.249     2.52    7.95
   1157.195     3.152     6.58    9.84
   1446.500     5.460     7.98   11.06
   1735.806     8.282     9.75   11.54
   2025.114    10.723     8.44   10.79
   2314.423    12.619     6.55    9.94
   2603.734    14.332     5.92    8.61
   2893.047    16.649     8.01    6.61
   3182.361    18.353     5.89    3.60
   3471.677    17.864    -1.69    3.71
   3760.995    16.114    -6.05    7.23
   4050.315    12.486   -12.54    9.55
   4339.636     9.085   -11.76   10.34
   4628.958     5.082   -13.83    9.74
   4918.283     1.286   -13.12    7.68
   5207.609    -0.903    -7.57    5.59
   5496.937    -2.578    -5.79    3.34
   5786.266    -3.358    -2.70    1.76
   6075.598    -3.664    -1.06    0.79
   6364.930    -3.768    -0.36    0.00
   6654.265    -3.768     0.00    0.00
   6943.601    -3.768     0.00    0.00
   7232.939    -3.571     0.68    1.09
   7522.279    -2.802     2.66    3.06
   7811.620    -1.851     3.29    4.21
   8100.963    -0.627     4.23    5.63
   8390.308     1.456     7.20    7.24
   8679.654     1.855     1.38    7.23
   8969.002     2.032     0.61    7.03
   9258.352     2.016    -0.06    6.78
   9547.704     2.162     0.51    6.68
   9837.057     1.094    -3.69    6.30
  10126.412     0.147    -3.27    5.89
  10415.768    -0.751    -3.11    5.47
  10705.127     0.466     4.20    7.92
  10994.487     3.025     8.85   10.65
  11283.848     5.825     9.68   12.64
  11573.212     9.197    11.65   13.03
  11862.577    11.282     7.21   12.19
  12151.944    13.899     9.04   11.26
  12441.312    16.784     9.97    9.55
  12730.683    16.949     0.57    9.57
  13020.055    17.699     2.59    9.45
  13309.428    18.503     2.78    9.40
  13598.804    20.436     6.68    8.30
  13888.181    22.334     6.56    6.08
  14177.560    23.666     4.60    6.34
  14466.940    25.004     4.63    6.25
  14756.322    25.966     3.32    5.60
  15045.707    26.818     2.95    5.20
  15335.092    26.806    -0.04    5.70
  15624.480    27.332     1.82    6.02
  15913.869    28.094     2.63    5.36
  16203.260    27.215    -3.04    5.46
  16492.652    27.643     1.48    5.83
  16782.047    26.921    -2.50    6.55
  17071.443    26.782    -0.48    6.92
  17360.841    27.366     2.02    7.10
  17650.240    27.043    -1.12    6.80
  17939.642    26.429    -2.12    6.05
  18229.045    27.349     3.18    6.34
  18518.450    26.905    -1.54    5.84
  18807.856    27.099     0.67    5.35
  19097.264    27.198     0.34    4.71
  19386.674    27.870     2.32    5.26
  19676.086    28.663     2.74    6.06
  19965.500    29.387     2.50    6.47
  20254.915    30.708     4.56    7.13
  20544.332    31.629     3.18    7.84
  20833.751    32.525     3.10    8.20
  21123.171    33.094     1.97    8.24
  21412.593    33.460     1.26    8.22
  21702.017    34.168     2.44    8.66
  21991.443    34.978     2.80    8.64
  22280.871    34.995     0.06    8.44
  22570.300    34.302    -2.39    7.86
  22859.731    35.870     5.42    8.48
  23149.164    37.382     5.22    8.96
  23438.598    39.449     7.14    8.76
  23728.035    40.462     3.50    9.01
  24017.473    42.232     6.12    8.62
  24306.912    43.825     5.50    8.26
  24596.354    44.215     1.34    8.26
  24885.797    44.382     0.58    8.12
  25175.242    44.822     1.52    7.88
  25464.689    45.008     0.64    7.87
  25754.138    45.775     2.65    6.49
  26043.589    45.956     0.63    5.66
  26333.041    47.082     3.89    5.03
  26622.495    47.632     1.90    4.38
  26911.950    48.166     1.84    3.37
  27201.408    47.932    -0.81    3.13
  27490.820    48.022     0.31    2.41
  27779.894    48.416     1.36    2.30
  28068.971    48.870     1.57    2.25
  28358.049    48.899     0.10    1.98
  28647.129    49.012     0.39    1.86
  28936.211    49.215     0.70    2.01
  29225.295    49.301     0.30    1.89
  29514.380    49.125    -0.61    1.90
  29803.467    48.416    -2.45    2.83
  30092.556    47.724    -2.39    3.02
  30381.647    47.299    -1.47    2.74
  30670.739    46.681    -2.14    3.16
  30959.833    46.232    -1.55    3.44
  31248.930    45.782    -1.56    4.35
  31538.027    46.112     1.14    4.41
  31827.127    46.466     1.22    4.71
  32116.228    47.077     2.12    4.68
  32405.332    47.543     1.61    4.64
  32694.437    48.577     3.58    4.44
  32983.544    49.749     4.06    3.89
  33272.652    49.954     0.71    3.12
  33561.763    49.749    -0.71    2.86
  33850.875    49.629    -0.42    2.28
  34139.989    49.646     0.06    2.09
  34429.105    49.215    -1.49    1.73
  34718.222    48.958    -0.89    1.82
  35007.342    49.198     0.83    1.94
  35296.463    49.554     1.23    2.07
  35585.586    49.776     0.77    2.17
  35874.711    49.870     0.33    2.32
  36163.838    49.932     0.21    2.37
  36452.966    49.799    -0.46    2.46
  36742.097    49.861     0.22    2.19
  37031.229    49.732    -0.45    2.03
  37320.363    49.436    -1.03    2.02
  37609.499    49.601     0.57    2.50
  37898.636    49.932     1.15    2.68
  38187.776    49.872    -0.21    3.01
  38476.917    49.629    -0.84    3.61
  38766.060    48.453    -4.07    4.41
  39055.205    47.008    -5.00    5.26
  39344.351    46.732    -0.95    5.20
  39633.500    46.466    -0.92    4.84
  39922.650    46.566     0.35    4.87
  40211.803    46.182    -1.33    4.81
  40500.957    47.338     4.00    3.70
  40790.112    47.182    -0.54    3.47
  41079.270    47.715     1.84    2.56
  41368.430    47.732     0.06    2.40
  41657.591    47.486    -0.85    2.57
  41946.754    47.373    -0.39    2.68
  42235.919    46.767    -2.10    3.31
  42525.086    46.411    -1.23    3.61
  42814.255    46.399    -0.04    4.28
  43103.425    46.334    -0.22    4.25
  43392.598    46.449     0.40    3.80
  43681.772    46.922     1.64    3.72
  43970.948    46.857    -0.22    3.54
  44260.126    47.282     1.47    2.88
  44549.306    47.784     1.73    2.57
  44838.488    47.582    -0.70    2.72
  45127.671    47.439    -0.49    3.17
  45416.856    47.301    -0.48    3.32
  45706.044    47.249    -0.18    3.39
  45995.233    47.232    -0.06    3.42
  46284.423    47.134    -0.34    3.44
  46573.616    47.008    -0.43    3.21
  46862.811    47.043     0.12    3.03
  47152.007    46.767    -0.95    3.65
  47441.206    46.181    -2.03    3.79
  47730.406    45.458    -2.50    3.89
  48019.608    44.961    -1.72    4.23
  48308.812    44.029    -3.22    4.56
  48598.018    43.491    -1.86    5.00
  48887.225    43.801     1.07    5.05
  49176.435    42.982    -2.83    6.24
  49465.646    40.566    -8.36    9.18
  49754.860    34.587   -20.67   14.73
  50044.075    29.929   -16.11   16.66
  50333.292    23.132   -23.50   17.26
  50622.511    16.601   -22.58   14.81
  50911.732    12.182   -15.28   11.51
  51200.954     9.642    -8.78    6.52
  51490.179     9.991     1.21    6.46
  51779.405    12.876     9.98    7.99
  52068.633    16.302    11.85   10.02
  52357.864    20.116    13.18   10.91
  52647.096    25.449    18.44   10.57
  52936.330    29.249    13.14   10.21
  53225.566    33.032    13.08   10.09
  53514.803    35.302     7.85    9.33
  53804.043    37.549     7.77    8.99
  54093.284    37.801     0.87    8.22
  54382.528    38.571     2.66    7.69
  54671.773    40.232     5.74    6.95
  54961.020    41.370     3.93    6.16
  55250.269    41.543     0.60    6.46
  55539.520    41.982     1.52    6.22
  55828.773    42.782     2.77    5.98
  56118.028    44.368     5.48    5.12
  56407.285    45.482     3.85    3.93
  56696.543    45.663     0.63    4.04
  56985.804    46.636     3.36    3.32
  57275.066    47.316     2.35    2.79
  57564.331    47.699     1.33    3.12
  57853.597    47.632    -0.23    3.26
  58142.865    47.181    -1.56    4.27
  58432.135    46.353    -2.86    5.26
  58721.407    45.818    -1.85    5.78
  59010.681    45.663    -0.54    5.79
  59299.956    45.462    -0.70    5.72
  59589.234    45.491     0.10    5.47
  59878.514    46.198     2.44    4.80
  60167.795    47.039     2.91    4.06
  60457.079    47.758     2.48    3.51
  60746.364    48.313     1.92    3.67
  61035.651    48.537     0.78    3.42
  61324.941    48.080    -1.58    3.96
  61614.232    47.039    -3.60    5.60
  61903.525    45.146    -6.54    7.69
  62192.820    43.741    -4.86    8.33
  62482.117    42.699    -3.60    8.25
  62771.416    42.006    -2.39    8.26
  63060.716    41.322    -2.37    8.10
  63350.019    42.599     4.42    7.79
  63639.324    41.991    -2.10    8.10
  63928.630    42.085     0.32    8.36
  64217.939    42.232     0.51    8.67
  64507.249    42.681     1.55    8.45
  64796.562    44.063     4.78    8.50
  65085.876    44.322     0.89    8.33
  65375.192    44.899     2.00    8.02
  65664.510    44.982     0.29    7.45
  65953.831    45.413     1.49    7.19
  66243.153    47.063     5.70    6.08
  66532.477    48.393     4.60    5.01
  66821.803    49.131     2.55    4.16
  67111.131    49.491     1.25    3.75
  67400.461    49.532     0.14    3.78
  67689.792    49.749     0.75    3.48
  67979.126    50.453     2.43    3.47
  68268.462    50.922     1.62    3.48
  68557.800    51.749     2.86    2.82
  68847.139    51.970     0.76    2.56
  69136.481    52.131     0.56    2.63
  69425.824    52.366     0.81    2.80
  69715.170    52.198    -0.58    2.63
  70004.518    52.320     0.42    2.40
  70293.867    52.724     1.40    2.62
  70583.218    53.032     1.07    2.55
  70872.572    53.281     0.86    2.57
  71161.927    53.425     0.50    2.49
  71451.285    53.767     1.18    2.67
  71740.644    53.999     0.80    2.83
  72030.005    53.905    -0.33    3.16
  72319.368    53.560    -1.19    3.03
  72608.734    53.784     0.77    2.75
  72898.101    53.775    -0.03    2.71
  73187.470    53.964     0.66    2.11
  73476.841    54.232     0.93    1.84
  73766.214    54.314     0.28    1.87
  74055.589    54.370     0.19    1.82
  74344.966    54.436     0.23    1.84
  74634.345    54.285    -0.52    1.87
  74923.727    54.284    -0.00    1.84
  75213.110    54.554     0.93    1.62
  75502.495    54.656     0.35    1.52
  75791.882    55.068     1.42    1.69
  76081.271    55.268     0.69    1.92
  76370.662    55.382     0.39    1.91
  76660.055    55.836     1.57    1.90
  76949.450    56.168     1.15    1.82
  77238.847    56.416     0.86    1.67
  77528.245    56.419     0.01    1.53
  77817.646    56.385    -0.12    1.60
  78107.049    56.304    -0.28    1.49
  78396.454    56.116    -0.65    1.46
  78685.861    55.741    -1.30    1.66
  78975.270    55.599    -0.49    1.55
  79264.681    55.629     0.10    1.53
  79554.094    55.643     0.05    1.60
  79843.509    55.982     1.17    1.72
  80132.926    56.370     1.34    1.93
  80422.345    56.649     0.96    1.99
  80711.766    56.549    -0.35    2.28
  81001.189    56.267    -0.97    2.59
  81290.614    56.284     0.06    2.75
  81580.041    55.629    -2.26    3.14
  81869.470    55.429    -0.69    3.18
  82158.901    55.060    -1.28    3.38
  82448.334    54.673    -1.34    3.41
  82737.770    54.543    -0.45    3.52
  83027.207    54.092    -1.56    3.58
  83316.646    52.990    -3.81    4.40
  83606.087    52.416    -1.99    4.66
  83895.530    51.816    -2.07    4.91
  84184.975    51.320    -1.71    5.20
  84474.423    50.991    -1.14    5.21
  84763.872    50.741    -0.86    5.08
  85053.323    51.080     1.17    4.99
  85342.776    51.899     2.83    4.49
  85632.232    52.577     2.34    3.63
  85921.689    53.232     2.26    2.53
  86211.149    53.513     0.97    2.05
  86500.610    53.282    -0.80    2.15
  86790.074    53.134    -0.51    2.15
  87079.539    52.749    -1.33    2.30
  87369.007    51.978    -2.67    2.47
  87658.476    51.422    -1.92    2.50
  87947.948    50.782    -2.21    2.89
  88237.422    49.516    -4.38    4.04
  88526.897    47.549    -6.79    5.48
  88816.375    44.839    -9.36    6.43
  89105.855    44.284    -1.92    6.50
  89395.337    43.716    -1.96    6.72
  89684.821    44.491     2.68    6.52
  89973.931    45.068     2.00    6.38
  90262.977    47.588     8.72    5.68
  90552.026    50.092     8.66    3.70
  90841.077    51.353     4.36    2.82
  91130.130    52.000     2.24    2.59
  91419.185    52.544     1.88    2.17
  91708.242    52.927     1.33    1.99
  91997.302    53.282     1.23    1.92
  92286.363    53.456     0.60    1.82
  92575.426    53.518     0.21    2.08
  92864.491    53.682     0.57    2.15
  93153.559    53.784     0.35    2.23
  93442.628    53.832     0.17    2.12
  93731.700    53.792    -0.14    2.83
  94020.773    53.870     0.27    2.85
  94309.849    53.784    -0.30    2.82
  94598.927    53.767    -0.06    2.60
  94888.006    53.396    -1.28    2.54
  95177.088    53.249    -0.51    2.69
  95466.172    53.588     1.17    2.58
  95755.258    53.853     0.92    2.52
  96044.346    54.436     2.02    2.64
  96333.436    55.055     2.14    2.60
  96622.528    55.775     2.49    2.53
  96911.623    56.503     2.52    2.41
  97200.719    56.864     1.25    2.21
  97489.818    57.336     1.63    1.86
  97778.918    57.516     0.62    2.03
  98068.021    57.366    -0.52    2.14
  98357.125    56.855    -1.77    2.48
  98646.232    56.422    -1.50    2.53
  98935.341    55.566    -2.96    2.44
  99224.452    54.688    -3.03    2.49
  99513.565    54.016    -2.33    2.23
  99802.680    53.298    -2.48    2.20
 100091.797    52.715    -2.02    2.07
 100380.916    51.910    -2.78    2.12
 100670.038    51.832    -0.27    2.02
 100959.161    51.916     0.29    2.04
 101248.287    52.063     0.51    2.17
 101537.414    52.232     0.59    2.16
 101826.544    52.499     0.92    2.17
 102115.676    53.127     2.17    1.84
 102404.810    53.232     0.36    1.74
 102693.946    53.232     0.00    1.84
 102983.084    53.232     0.00    1.88
 103272.224    52.832    -1.38    2.04
 103561.366    52.198    -2.19    2.38
 103850.511    51.456    -2.56    2.78
 104139.657    51.232    -0.78    2.72
 104428.806    51.066    -0.58    2.85
 104717.957    50.232    -2.88    3.28
 105007.110    50.134    -0.34    3.23
 105296.265    49.818    -1.09    3.33
 105585.422    50.000     0.63    3.32
 105874.581    50.316     1.09    3.64
 106163.742    50.594     0.96    3.61
 106452.906    50.949     1.23    3.22
 106742.071    51.646     2.41    2.16
 107031.239    51.456    -0.66    2.18
 107320.409    51.681     0.78    2.58
 107609.581    52.232     1.91    2.64
 107898.755    52.150    -0.28    2.66
 108187.931    52.370     0.76    2.67
 108477.109    52.466     0.33    2.82
 108766.290    52.339    -0.44    2.81
 109055.472    52.029    -1.07    3.11
 109344.657    51.490    -1.86    2.82
 109633.844    50.825    -2.30    3.31
 109923.033    49.966    -2.97    3.71
 110212.224    49.688    -0.96    3.50
 110501.417    49.198    -1.70    3.51
 110790.613    48.792    -1.40    3.12
 111079.810    47.716    -3.72    4.03
 111369.010    46.732    -3.40    3.92
 111658.212    45.663    -3.70    4.61
 111947.416    45.416    -0.86    4.85
 112236.622    44.899    -1.79    4.96
 112525.830    43.740    -4.01    6.57
 112815.040    41.419    -8.03    9.19
 113104.253    38.927    -8.62   10.46
 113393.467    34.453   -15.47   12.30
 113682.684    30.114   -15.00   11.86
 113971.903    26.466   -12.61   10.32
 114261.124    25.249    -4.20    8.82
 114550.348    25.549     1.04    8.27
 114839.573    28.316     9.57   10.13
 115128.801    32.969    16.09   11.02
 115418.030    38.486    19.08   10.38
 115707.262    42.974    15.51    8.35
 115996.496    45.182     7.64    6.27
 116285.732    46.520     4.63    4.48
 116574.971    46.816     1.02    3.76
 116864.211    46.749    -0.23    3.29
 117153.454    46.916     0.58    3.24
 117442.699    47.216     1.03    3.35
 117731.946    48.066     2.94    3.59
 118021.195    48.495     1.48    3.48
 118310.447    49.317     2.84    3.49
 118599.700    49.801     1.67    3.39
 118888.956    50.116     1.09    3.44
 119178.214    50.181     0.22    3.33
 119467.474    50.445     0.92    3.41
 119756.736    50.681     0.81    3.07
 120046.001    50.905     0.77    3.25
 120335.267    51.181     0.95    3.43
 120624.536    50.944    -0.82    3.54
 120913.807    51.331     1.34    3.54
 121203.080    51.956     2.16    3.15
 121492.355    52.232     0.95    3.14
 121781.633    52.411     0.62    3.08
 122070.913    52.639     0.79    3.01
 122360.195    52.380    -0.90    2.77
 122649.479    52.554     0.60    2.45
 122938.765    52.658     0.36    2.35
 123228.053    52.768     0.38    2.27
 123517.344    52.554    -0.74    1.92
 123806.637    51.899    -2.27    2.10
 124095.932    51.532    -1.27    2.11
 124385.229    51.313    -0.76    2.01
 124674.529    51.022    -1.01    2.00
 124963.830    50.849    -0.60    1.78
 125253.134    50.964     0.40    1.71
 125542.440    51.103     0.48    1.64
 125831.749    51.029    -0.26    1.58
 126121.059    50.766    -0.91    1.82
 126410.372    50.422    -1.19    2.00
 126699.687    50.301    -0.42    2.03
 126989.004    50.215    -0.30    2.27
 127278.323    49.887    -1.13    2.22
 127567.645    49.675    -0.73    2.15
 127856.968    49.449    -0.78    2.19
 128146.294    49.214    -0.81    2.58
 128435.622    48.639    -1.99    3.16
 128724.953    48.456    -0.63    2.96
 129014.285    48.445    -0.04    2.84
 129303.620    48.387    -0.20    2.75
 129592.957    49.077     2.38    2.54
 129882.297    49.629     1.91    1.96
 130171.638    49.899     0.93    1.80
 130460.982    50.183     0.98    1.38
 130750.328    50.182    -0.00    1.52
 131039.676    50.249     0.23    1.71
 131329.026    50.653     1.40    1.94
 131618.379    50.629    -0.08    2.29
 131907.734    51.012     1.32    2.33
 132197.091    50.961    -0.18    2.43
 132486.450    50.932    -0.10    2.43
 132775.812    50.956     0.08    2.51
 133065.176    51.129     0.60    2.64
 133354.542    50.991    -0.48    2.86
 133643.910    51.066     0.26    3.17
 133933.280    51.063    -0.01    3.68
 134222.653    50.922    -0.49    3.71
 134512.028    50.666    -0.89    3.90
 134801.405    49.390    -4.41    4.75
 135090.785    49.249    -0.49    4.58
 135380.167    48.566    -2.36    5.03
 135669.551    48.582     0.06    5.07
 135958.937    48.349    -0.81    5.24
 136248.325    47.864    -1.68    5.39
 136537.716    47.893     0.10    5.51
 136827.109    48.284     1.35    5.08
 137116.504    48.331     0.16    4.25
 137405.902    47.790    -1.87    4.04
 137695.301    47.794     0.01    3.80
 137984.703    47.663    -0.45    3.40
 138274.108    48.161     1.72    3.39
 138563.514    48.167     0.02    3.47
 138852.923    48.114    -0.18    3.65
 139142.334    48.416     1.04    3.62
 139431.747    48.215    -0.69    3.69
 139721.163    48.338     0.42    3.58
 140010.581    48.266    -0.25    3.57
 140300.001    48.063    -0.70    2.82
 140589.423    48.248     0.64    2.75
 140878.848    48.405     0.54    2.79
 141168.275    48.870     1.61    2.83
 141457.704    49.198     1.13    2.94
 141747.136    49.284     0.30    3.24
 142036.570    49.199    -0.29    3.40
 142326.006    48.939    -0.90    3.73
 142615.444    47.853    -3.75    4.60
 142904.885    46.508    -4.65    4.87
 143194.327    45.870    -2.20    4.63
 143483.773    45.839    -0.11    4.65
 143773.220    46.267     1.48    4.38
 144062.670    46.532     0.92    3.75
 144352.122    46.548     0.05    3.70
 144641.576    46.318    -0.79    3.45
 144931.033    45.766    -1.91    3.86
 145220.492    45.334    -1.49    4.12
 145509.953    44.426    -3.14    4.10
 145799.416    43.125    -4.49    4.29
 146088.882    42.164    -3.32    4.08
 146378.350    41.443    -2.49    4.38
 146667.821    40.926    -1.79    4.23
 146957.293    41.167     0.83    4.26
 147246.768    41.818     2.25    4.15
 147536.245    41.673    -0.50    3.88
 147825.725    41.109    -1.95    4.26
 148115.207    40.499    -2.11    5.56
 148404.691    38.816    -5.82    6.01
 148694.178    36.366    -8.46    8.67
 148983.666    31.486   -16.85   11.17
 149273.158    27.232   -14.70   11.96
 149562.651    23.198   -13.93   11.03
 149852.147    18.939   -14.71    8.72
 150141.645    16.099    -9.81    6.20
 150431.145    14.616    -5.12    3.70
 150720.648    14.301    -1.09    3.30
 151010.153    14.577     0.95    3.17
 151299.660    14.974     1.37    2.99
 151589.170    15.544     1.97    3.12
 151878.682    17.453     6.59    5.90
 152167.904    19.599     7.42    8.40
 152456.919    22.232     9.11    9.66
 152745.937    25.741    12.14   10.70
 153034.957    29.626    13.44   10.71
 153323.980    32.916    11.38    9.69
 153613.005    35.593     9.26    7.88
 153902.032    37.109     5.25    6.45
 154191.061    38.025     3.17    6.85
 154480.093    38.758     2.53    6.71
 154769.127    38.508    -0.86    6.86
 155058.164    38.527     0.07    7.02
 155347.202    38.577     0.17    7.05
 155636.243    38.453    -0.43    6.86
 155925.287    39.286     2.88    6.65
 156214.333    40.666     4.77    5.76
 156503.381    42.442     6.15    4.84
 156792.431    43.112     2.32    4.72
 157081.484    44.449     4.63    4.51
 157370.539    45.232     2.71    4.02
 157659.596    46.249     3.52    3.61
 157948.656    47.049     2.77    3.27
 158237.718    47.385     1.16    2.90
 158526.783    47.410     0.09    2.63
 158815.850    47.357    -0.18    2.39
 159104.919    47.066    -1.01    2.44
 159393.990    47.072     0.02    2.30
 159683.064    47.087     0.05    2.13
 159972.140    46.882    -0.71    2.13
 160261.219    46.582    -1.04    2.18
 160550.300    46.470    -0.39    2.50
 160839.383    46.127    -1.18    2.63
 161128.468    45.832    -1.02    2.40
 161417.556    45.792    -0.14    2.53
 161706.647    45.937     0.50    2.72
 161995.739    46.516     2.00    2.87
 162284.834    47.000     1.68    2.89
 162573.932    47.656     2.27    2.84
 162863.031    47.956     1.04    2.87
 163152.134    47.921    -0.12    2.95
 163441.238    47.887    -0.12    3.02
 163730.345    48.129     0.83    3.01
 164019.454    48.094    -0.12    3.04
 164308.566    48.250     0.54    3.17
 164597.680    48.616     1.27    2.93
 164886.796    49.198     2.02    2.85
 165175.915    49.032    -0.57    2.84
 165465.036    49.145     0.39    2.65
 165754.159    49.491     1.20    2.52
 166043.285    49.822     1.15    2.57
 166332.413    49.724    -0.34    2.59
 166621.544    49.544    -0.62    2.80
 166910.676    49.478    -0.23    2.78
 167199.812    49.543     0.22    2.92
 167488.949    49.876     1.15    3.08
 167778.090    50.402     1.82    3.27
 168067.232    51.466     3.68    2.74
 168356.377    52.043     2.00    2.39
 168645.524    52.453     1.42    1.85
 168934.674    52.250    -0.70    2.07
 169223.826    51.999    -0.87    2.24
 169512.980    51.314    -2.37    2.65
 169802.137    50.816    -1.72    2.47
 170091.296    50.382    -1.50    2.93
 170380.458    50.495     0.39    2.75
 170669.622    50.300    -0.68    2.59
 170958.788    50.422     0.42    2.30
 171247.957    50.732     1.07    2.34
 171537.128    50.921     0.65    2.44
 171826.302    50.741    -0.62    2.58
 172115.478    50.399    -1.18    2.90
 172404.656    49.786    -2.12    3.33
 172693.837    49.361    -1.47    3.15
 172983.020    49.332    -0.10    2.94
 173272.206    49.232    -0.35    2.69
 173561.394    49.025    -0.72    2.72
 173850.584    49.092     0.23    2.58
 174139.777    48.876    -0.75    3.13
 174428.972    48.267    -2.11    3.55
 174718.170    48.184    -0.29    3.81
 175007.370    47.836    -1.20    4.58
 175296.572    47.387    -1.55    4.87
 175585.777    46.991    -1.37    5.77
 175874.985    46.232    -2.62    6.14
 176164.195    46.134    -0.34    5.88
 176453.407    45.991    -0.49    6.17
 176742.621    46.181     0.66    6.02
 177031.838    46.491     1.07    5.52
 177321.058    47.508     3.52    4.02
 177610.280    48.297     2.73    2.86
 177899.504    47.816    -1.66    3.23
 178188.731    47.699    -0.40    3.24
 178477.960    46.987    -2.46    3.81
 178767.192    46.094    -3.09    4.00
 179056.426    44.716    -4.77    4.78
 179345.662    43.266    -5.01    6.26
 179634.901    42.066    -4.15    6.49
 179924.142    40.991    -3.72    7.29
 180213.386    39.622    -4.73    6.94
 180502.632    38.607    -3.51    7.37
 180791.881    38.649     0.14    7.02
 181081.132    38.888     0.83    6.46
 181370.386    39.905     3.51    5.03
 181659.642    40.876     3.36    4.54
 181948.900    41.336     1.59    4.20
 182238.161    42.416     3.73    4.27
 182527.425    42.866     1.56    4.48
 182816.690    43.566     2.42    4.24
 183105.959    44.632     3.69    3.44
 183395.229    44.956     1.12    3.18
 183684.502    45.049     0.32    2.94
 183973.778    45.991     3.26    2.86
 184263.056    45.888    -0.36    3.07
 184552.337    45.673    -0.74    3.03
 184841.620    45.390    -0.98    3.34
 185130.905    45.405     0.05    3.29
 185420.193    44.947    -1.58    3.59
 185709.484    44.347    -2.07    3.80
 185998.776    43.029    -4.56    4.88
 186288.072    40.132   -10.01    6.98
 186577.369    38.560    -5.44    7.42
 186866.670    38.411    -0.52    7.52
 187155.972    37.466    -3.27    7.57
 187445.278    36.112    -4.68    9.08
 187734.585    34.332    -6.15   10.11
 188023.896    32.961    -4.74   11.18
 188313.208    31.870    -3.77   11.41
 188602.523    29.784    -7.21   11.32
 188891.841    26.232   -12.28   10.59
 189181.161    23.986    -7.76    9.49
 189470.483    21.836    -7.43    8.35
 189759.808    19.775    -7.12    6.73
 190049.136    18.822    -3.29    5.83
 190338.466    18.082    -2.56    5.59
 190627.798    18.184     0.35    5.95
 190917.133    19.453     4.39    7.34
 191206.471    21.927     8.55    8.45
 191495.811    23.899     6.81    8.74
 191785.153    26.439     8.78    8.54
 192074.498    29.332    10.00    7.71
 192363.846    32.082     9.50    6.21
 192653.196    34.103     6.98    4.34
 192942.548    35.482     4.77    3.30
 193231.903    36.216     2.53    3.30
 193521.260    36.839     2.16    3.84
 193810.620    37.039     0.69    4.38
 194099.983    37.385     1.20    4.64
 194389.348    38.116     2.53    4.84
 194678.715    37.974    -0.49    5.04
 194968.085    38.474     1.73    4.74
 195257.457    38.649     0.61    5.49
 195546.832    38.232    -1.44    5.76
 195836.210    38.700     1.62    5.87
 196125.590    38.385    -1.09    6.27
 196414.972    38.607     0.77    6.91
 196704.357    38.859     0.87    7.18
 196993.745    38.629    -0.80    7.88
 197283.135    37.658    -3.35    8.40
 197572.527    37.284    -1.29    8.19
 197861.922    37.508     0.77    7.78
 198151.320    37.629     0.42    7.49
 198440.720    37.870     0.83    7.15
 198730.123    38.199     1.14    6.69
 199019.528    39.385     4.10    6.45
 199308.935    41.666     7.88    4.83
 199598.346    42.482     2.82    4.98
 199887.758    43.198     2.47    4.83
 200177.174    43.499     1.04    4.96
 200466.591    45.147     5.70    4.85
 200756.012    45.999     2.94    4.35
 201045.435    46.197     0.68    4.48
 201334.860    46.629     1.49    4.90
 201624.288    46.629     0.00    5.40
 201913.718    46.215    -1.43    5.49
 202203.151    44.872    -4.64    5.35
 202492.587    44.025    -2.92    5.41
 202782.025    44.399     1.29    5.44
 203071.466    44.180    -0.76    5.61
 203360.909    42.982    -4.14    6.44
 203650.355    38.932   -13.99   10.84
 203939.803    35.766   -10.94   12.77
 204229.254    31.399   -15.09   14.50
 204518.707    27.663   -12.91   14.26
 204808.163    22.673   -17.24   11.55
 205097.621    19.991    -9.27    7.98
 205387.082    19.855    -0.47    5.98
 205676.546    21.749     6.54    6.34
 205966.012    25.286    12.22    7.32
 206255.481    28.749    11.97    8.27
 206544.952    32.518    13.02    8.06
 206834.426    34.232     5.92    7.89
 207123.902    34.283     0.18    8.50
 207413.381    35.182     3.11    8.40
 207702.863    36.767     5.47    8.43
 207992.347    36.004    -2.63    8.42
 208281.833    37.099     3.78    7.89
 208571.322    37.399     1.04    7.49
 208860.814    38.410     3.49    7.63
 209150.308    40.387     6.83    7.08
 209439.805    42.594     7.62    5.65
 209729.305    43.801     4.17    4.92
 210018.807    45.146     4.65    4.14
 210308.312    46.167     3.53    3.84
 210597.819    47.146     3.38    3.19
 210887.328    47.405     0.89    4.30
 211176.841    47.646     0.83    4.74
 211466.356    47.961     1.09    4.19
 211755.873    47.478    -1.67    4.35
 212045.393    47.715     0.82    3.48
 212334.916    47.775     0.21    3.94
 212624.441    48.127     1.22    3.56
 212913.969    47.991    -0.47    3.52
 213203.500    47.516    -1.64    3.64
 213493.033    47.012    -1.74    3.86
 213782.568    47.394     1.32    3.69
 214072.106    47.839     1.54    3.47
 214361.473    47.766    -0.26    3.39
 214650.458    48.560     2.75    3.40
 214939.447    48.781     0.76    3.22
 215228.437    49.265     1.68    3.03
 215517.431    49.825     1.94    3.10
 215806.427    49.690    -0.47    3.37
 216095.425    49.572    -0.41    3.84
 216384.426    49.266    -1.06    3.82
 216673.430    49.232    -0.12    4.09
 216962.437    49.313     0.28    4.02
 217251.445    49.132    -0.63    3.99
 217540.457    48.679    -1.57    3.65
 217829.471    48.334    -1.19    3.93
 218118.488    47.836    -1.72    4.06
 218407.507    46.954    -3.05    4.12
 218696.529    46.944    -0.03    4.20
 218985.554    46.284    -2.28    3.81
 219274.581    44.939    -4.65    4.83
 219563.610    43.338    -5.54    5.58
 219852.643    43.149    -0.65    5.43
 220141.678    42.554    -2.06    5.77
 220430.715    40.232    -8.03    7.57
 220719.756    37.853    -8.23    8.62
 221008.798    34.646   -11.10    9.04
 221297.844    31.872    -9.60    9.87
 221586.892    28.283   -12.42   10.74
 221875.942    23.642   -16.06    9.65
 222164.996    19.092   -15.74    7.58
 222454.051    16.215    -9.95    5.48
 222743.110    15.046    -4.05    4.68
 223032.171    13.944    -3.81    3.18
 223321.235    13.822    -0.42    3.10
 223610.301    14.456     2.19    3.35
 223899.370    15.842     4.80    3.21
 224188.442    16.393     1.90    3.15
 224477.516    16.849     1.58    3.14
 224766.593    16.773    -0.26    3.51
 225055.672    17.616     2.91    3.32
 225344.755    18.266     2.25    4.05
 225633.839    18.934     2.31    4.60
 225922.927    19.300     1.27    5.24
 226212.017    21.043     6.03    5.58
 226501.109    22.445     4.85    6.30
 226790.205    23.658     4.20    5.99
 227079.303    25.318     5.74    5.67
 227368.403    26.099     2.70    5.56
 227657.506    28.482     8.24    7.53
 227946.612    30.684     7.62    7.99
 228235.721    33.566     9.97    8.09
 228524.832    36.249     9.28    7.81
 228813.946    38.956     9.37    6.86
 229103.062    41.495     8.78    4.65
 229392.181    42.816     4.57    3.77
 229681.303    43.146     1.14    3.87
 229970.428    43.331     0.64    4.25
 230259.555    43.499     0.58    3.97
 230548.684    43.301    -0.68    4.37
 230837.817    44.077     2.68    4.18
 231126.952    44.784     2.44    4.22
 231416.090    45.314     1.83    3.53
 231705.230    45.922     2.10    3.50
 231994.373    46.351     1.48    3.52
 232283.519    46.284    -0.23    3.50
 232572.667    45.566    -2.48    3.35
 232861.818    45.523    -0.15    3.91
 233150.972    45.499    -0.08    4.16
 233440.128    45.966     1.61    4.45
 233729.287    46.373     1.41    4.82
 234018.449    47.456     3.75    4.58
 234307.613    48.944     5.15    3.91
 234596.780    49.732     2.73    3.34
 234885.950    50.249     1.79    3.13
 235175.122    51.094     2.92    2.50
 235464.298    51.332     0.82    2.34
 235753.475    51.618     0.99    2.27
 236042.656    51.866     0.86    2.04
 236331.839    51.982     0.40    2.01
 236621.025    52.008     0.09    1.95
 236910.213    52.436     1.48    2.18
 237199.404    52.566     0.45    2.31
 237488.598    52.766     0.69    2.38
 237777.795    52.956     0.66    2.31
 238066.994    52.816    -0.49    2.57
 238356.196    52.599    -0.75    2.62
 238645.401    52.513    -0.30    2.56
 238934.608    52.066    -1.55    2.74
 239223.818    51.043    -3.54    2.83
 239513.031    49.832    -4.19    3.32
 239802.246    49.432    -1.38    3.05
 240091.464    48.453    -3.39    3.28
 240380.685    47.508    -3.27    3.77
 240669.908    47.267    -0.83    3.87
 240959.135    47.232    -0.12    3.98
 241248.364    47.066    -0.58    4.10
 241537.595    46.910    -0.54    3.90
 241826.829    46.317    -2.05    4.21
 242116.067    46.698     1.32    4.02
 242405.306    46.732     0.12    3.71
 242694.549    46.853     0.42    3.51
 242983.794    47.183     1.14    2.99
 243273.042    47.698     1.78    2.57
 243562.292    48.301     2.09    1.87
 243851.546    48.491     0.66    1.89
 244140.802    48.949     1.58    1.98
 244430.060    49.199     0.86    2.24
 244719.322    49.405     0.71    2.42
 245008.586    49.016    -1.35    2.60
 245297.853    48.750    -0.92    2.80
 245587.123    48.267    -1.67    2.90
 245876.395    47.478    -2.73    2.98
 246165.670    46.766    -2.46    2.81
 246454.948    46.052    -2.47    2.52
 246744.228    46.107     0.19    2.52
 247033.512    46.198     0.31    2.68
 247322.798    45.842    -1.23    3.07
 247612.086    45.555    -0.99    3.16
 247901.378    45.413    -0.49    3.47
 248190.672    44.809    -2.09    4.21
 248479.969    42.622    -7.56    5.72
 248769.269    41.732    -3.08    5.83
 249058.571    42.183     1.56    6.08
 249347.876    43.316     3.91    6.68
 249637.184    44.478     4.02    6.85
 249926.495    45.749     4.39    6.67
 250215.808    47.429     5.80    5.81
 250505.124    47.949     1.80    4.85
 250794.443    48.025     0.26    4.76
 251083.765    47.432    -2.05    4.87
 251373.089    46.832    -2.07    4.51
 251662.416    46.025    -2.79    3.97
 251951.746    46.163     0.48    3.47
 252241.079    46.215     0.18    3.74
 252530.414    46.675     1.59    3.58
 252819.753    47.267     2.05    3.69
 253109.093    47.766     1.72    3.78
 253398.437    48.284     1.79    3.93
 253687.784    49.080     2.75    3.51
 253977.133    49.117     0.13    3.64
 254266.485    49.216     0.34    3.72
 254555.839    49.478     0.91    3.93
 254845.197    50.057     2.00    3.96
 255134.557    50.198     0.49    4.03
 255423.920    50.147    -0.17    3.82
 255713.286    50.049    -0.34    3.53
 256002.655    49.899    -0.52    3.49
 256292.026    49.922     0.08    3.31
 256581.400    49.366    -1.92    3.47
 256870.777    48.478    -3.07    3.68
 257160.157    48.066    -1.42    3.71
 257449.539    48.249     0.63    3.46
 257738.924    48.470     0.76    3.47
 258028.312    48.549     0.27    3.24
 258317.703    48.266    -0.98    3.51
 258607.097    47.656    -2.11    3.90
 258896.493    46.629    -3.55    4.15
 259185.892    45.511    -3.86    4.52
 259475.294    44.299    -4.19    4.52
 259764.699    42.723    -5.44    4.88
 260054.106    40.724    -6.91    5.35
 260343.516    38.732    -6.88    5.32
 260632.930    37.332    -4.84    4.75
 260922.345    36.482    -2.94    4.79
 261211.764    34.893    -5.49    4.92
 261501.186    33.112    -6.16    5.11
 261790.610    31.601    -5.22    5.13
 262080.037    30.003    -5.52    5.56
 262369.467    28.332    -5.77    5.76
 262658.899    27.410    -3.19    5.41
 262948.335    26.905    -1.74    5.19
 263237.773    26.974     0.24    5.25
 263527.214    26.910    -0.22    4.65
 263816.658    27.387     1.65    4.09
 264106.105    27.822     1.50    3.62
 264395.554    28.043     0.76    3.27
 264685.007    27.870    -0.60    2.91
 264974.462    27.318    -1.91    2.89
 265263.920    25.716    -5.54    4.09
 265553.380    24.675    -3.60    4.36
 265842.844    23.749    -3.20    4.32
 266132.310    22.682    -3.69    3.79
 266421.780    22.250    -1.49    3.36
 266711.252    22.060    -0.66    2.78
 267000.726    22.544     1.67    2.43
 267290.204    22.632     0.31    2.21
 267579.685    22.396    -0.82    2.32
 267869.168    22.089    -1.06    2.32
 268158.654    22.232     0.49    2.35
 268448.143    22.456     0.77    2.26
 268737.635    22.423    -0.12    2.09
 269027.129    22.216    -0.71    2.00
 269316.627    22.419     0.70    2.09
 269606.127    22.164    -0.88    2.32
 269895.630    21.786    -1.31    2.65
 270185.136    21.039    -2.58    2.99
 270474.645    19.944    -3.78    3.65
 270764.157    18.699    -4.30    5.12
 271053.671    16.818    -6.50    5.70
 271343.189    15.286    -5.29    6.12
 271632.709    14.632    -2.26    6.26
 271922.232    14.129    -1.74    6.09
 272211.758    13.932    -0.68    6.18
 272501.286    14.566     2.19    6.54
 272790.818    15.853     4.45    6.37
 273080.352    17.025     4.05    5.69
 273369.889    18.163     3.93    5.01
 273659.430    18.396     0.80    4.76
 273948.973    18.956     1.93    3.97
 274238.518    20.149     4.12    3.16
 274528.067    20.974     2.85    2.71
 274817.619    21.470     1.71    2.89
 275107.173    21.329    -0.49    3.86
 275396.730    20.402    -3.20    5.45
 275686.290    18.982    -4.90    6.85
 275975.853    18.215    -2.65    7.55
 276265.419    18.043    -0.59    7.51
 276554.962    17.402    -2.21    7.35
 276843.913    16.632    -2.66    7.42
 277132.868    15.732    -3.11    7.36
 277421.825    15.594    -0.48    7.14
 277710.785    15.266    -1.14    6.69
 277999.748    17.092     6.32    5.88
 278288.713    17.249     0.54    4.94
 278577.682    17.537     1.00    4.08
 278866.653    17.368    -0.59    3.67
 279155.628    16.961    -1.41    3.73
 279444.605    16.599    -1.25    3.63
 279733.585    16.232    -1.27    3.60
 280022.568    15.560    -2.33    3.59
 280311.554    15.478    -0.28    3.20
 280600.542    14.582    -3.10    2.11
 280889.534    14.478    -0.36    1.82
 281178.528    15.029     1.91    2.09
 281467.525    15.025    -0.01    2.49
 281756.526    14.899    -0.44    3.13
 282045.529    14.419    -1.66    3.63
 282334.534    13.232    -4.11    3.98
 282623.543    13.663     1.49    5.32
 282912.555    14.092     1.48    5.71
 283201.569    14.495     1.39    5.96
 283490.587    15.599     3.82    5.56
 283779.607    16.652     3.64    4.98
 284068.630    16.723     0.25    4.27
 284357.656    15.577    -3.97    4.02
 284646.685    13.944    -5.65    4.35
 284935.717    11.818    -7.35    4.54
 285224.752    10.003    -6.28    4.35
 285513.790     9.870    -0.46    5.14
 285802.830    10.317     1.55    6.09
 286091.873    12.373     7.11    7.22
 286380.920    14.432     7.13    7.40
 286669.969    15.990     5.39    6.64
 286959.021    17.163     4.06    5.30
 287248.076    17.382     0.76    4.30
 287537.134    17.094    -1.00    3.72
 287826.195    16.646    -1.55    3.78
 288115.259    15.782    -2.99    3.56
 288404.325    15.368    -1.43    3.48
 288693.395    14.635    -2.53    3.63
 288982.467    13.982    -2.26    3.36
 289271.543    14.582     2.08    4.89
 289560.621    16.036     5.03    7.04
 289849.702    17.974     6.71    9.05
 290138.786    19.099     3.89    9.84
 290427.873    20.866     6.11   10.59
 290716.963    23.060     7.59   11.16
 291006.056    25.008     6.74   11.23
 291295.151    26.673     5.76   10.88
 291584.250    29.283     9.03    9.78
 291873.352    31.845     8.86    7.74
 292162.456    33.944     7.26    5.25
 292451.564    35.373     4.94    2.59
 292740.674    35.622     0.86    2.30
 293029.787    35.284    -1.17    2.50
 293318.904    35.413     0.44    2.59
 293608.023    35.594     0.63    2.75
 293897.145    34.905    -2.39    2.63
 294186.270    34.181    -2.50    2.95
 294475.398    33.491    -2.39    3.30
 294764.529    32.910    -2.01    3.40
 295053.662    32.449    -1.59    3.97
 295342.799    31.003    -5.00    4.61
 295631.939    29.601    -4.85    5.73
 295921.081    28.956    -2.23    6.08
 296210.227    28.732    -0.78    6.33
 296499.375    28.690    -0.15    6.13
 296788.527    28.499    -0.66    5.88
 297077.681    28.715     0.75    5.45
 297366.839    29.419     2.43    4.91
 297655.999    29.794     1.30    4.01
 297945.162    30.482     2.38    2.48
 298234.328    30.462    -0.07    2.47
 298523.497    30.163    -1.03    2.47
 298812.670    29.673    -1.70    2.66
 299101.845    29.198    -1.64    2.51
 299391.023    28.899    -1.04    2.46
 299680.204    29.249     1.21    2.49
 299969.387    29.449     0.69    2.50
 300258.574    29.132    -1.10    2.67
 300547.764    28.698    -1.50    3.14
 300836.957    28.066    -2.19    3.30
 301126.153    27.801    -0.91    3.21
 301415.351    27.577    -0.78    3.11
 301704.553    26.949    -2.17    2.92
 301993.758    26.266    -2.36    3.04
 302282.965    26.508     0.84    2.96
 302572.176    26.811     1.05    3.09
 302861.390    27.216     1.40    3.32
 303150.606    27.682     1.61    3.40
 303439.826    28.363     2.36    3.17
 303729.048    28.859     1.71    3.03
 304018.274    29.249     1.35    3.00
 304307.502    29.499     0.86    2.85
 304596.733    29.422    -0.27    2.50
 304885.968    28.675    -2.58    2.81
 305175.205    28.043    -2.19    2.87
 305464.446    28.060     0.06    2.62
 305753.689    28.077     0.06    2.59
 306042.935    28.199     0.42    2.86
 306332.185    27.566    -2.19    4.69
 306621.437    24.905    -9.20    8.42
 306910.692    20.932   -13.73   10.87
 307199.950    17.464   -11.99   11.50
 307489.212    13.629   -13.26   10.82
 307778.476     9.527   -14.18    8.51
 308067.743     6.699    -9.78    5.74
 308357.013     5.052    -5.69    1.47
 308646.287     4.839    -0.73    1.47
 308935.563     4.825    -0.05    1.73
 309224.842     4.792    -0.12    1.76
 309514.125     5.087     1.02    1.72
 309803.410     5.413     1.13    1.80
 310092.698     5.825     1.43    1.84
 310381.989     6.673     2.93    3.02
 310671.284     8.554     6.50    6.35
 310960.581    13.410    16.79   11.81
 311249.881    18.099    16.21   14.10
 311539.185    22.626    15.65   14.99
 311828.491    27.249    15.98   14.43
 312117.800    30.375    10.80   13.40
 312407.113    32.832     8.49   13.12
 312696.428    33.853     3.53   12.52
 312985.746    34.649     2.75   11.96
 313275.068    35.449     2.77   11.11
 313564.392    37.767     8.01    9.24
 313853.720    39.870     7.27    8.22
 314143.050    41.422     5.36    7.48
 314432.384    43.888     8.52    5.51
 314721.720    45.422     5.30    4.01
 315011.060    46.282     2.97    4.09
 315300.402    46.491     0.72    4.13
 315589.748    46.147    -1.19    4.40
 315879.096    45.462    -2.37    4.71
 316168.448    44.799    -2.29    4.91
 316457.803    43.757    -3.60    4.80
 316747.161    42.513    -4.30    5.40
 317036.521    41.422    -3.77    5.75
 317325.885    40.419    -3.47    5.89
 317615.252    40.216    -0.70    5.45
 317904.622    39.921    -1.02    5.51
 318193.995    39.818    -0.35    5.40
 318483.371    40.032     0.74    5.06
 318772.750    40.698     2.30    5.07
 319062.132    42.167     5.08    4.68
 319351.517    43.349     4.09    3.48
 319640.905    43.961     2.12    3.28
 319930.296    44.599     2.20    3.23
 320219.691    45.594     3.44    3.12
 320509.088    45.809     0.74    2.68
 320798.488    45.905     0.33    2.79
 321087.892    46.085     0.62    2.71
 321377.298    46.516     1.49    2.58
 321666.708    46.284    -0.80    2.87
 321956.120    45.198    -3.75    4.43
 322245.536    44.422    -2.68    5.27
 322534.955    43.866    -1.92    5.41
 322824.376    43.588    -0.96    5.44
 323113.801    43.882     1.02    5.47
 323403.229    44.119     0.82    5.44
 323692.660    44.323     0.71    5.13
 323982.094    44.584     0.90    4.72
