-175161.708    44.337     0.00   25.23
-174872.453    50.601    21.66   25.94
-174583.197    56.475    20.31   25.63
-174293.941    67.081    36.66   27.11
-174004.684    78.236    38.56   28.46
-173715.426    88.253    34.63   32.64
-173426.168    97.714    32.71   34.10
-173136.910   100.997    11.35   33.01
-172847.651   103.977    10.30   31.09
-172558.391   102.191    -6.18   31.22
-172269.131    97.581   -15.94   31.95
-171979.871    86.397   -38.66   29.05
-171690.610    74.764   -40.22   26.46
-171401.348    66.374   -29.01   22.74
-171112.086    57.997   -28.96   18.37
-170822.824    51.781   -21.49   15.83
-170533.560    48.445   -11.53   13.08
-170244.297    47.259    -4.10   12.38
-169955.033    53.869    22.85   20.73
-169665.768    63.147    32.08   24.95
-169376.503    71.247    28.00   25.91
-169087.237    79.414    28.23   22.94
-168797.971    81.425     6.95   18.87
-168508.704    82.286     2.97   16.70
-168219.436    84.481     7.59   14.47
-167930.168    84.339    -0.49   12.30
-167640.900    84.857     1.79   10.26
-167351.631    86.599     6.02   10.74
-167062.361    87.731     3.91   10.67
-166773.091    88.462     2.53    9.86
-166483.821    88.131    -1.15   10.38
-166194.549    86.184    -6.73   11.77
-165905.278    82.616   -12.33   13.56
-165616.005    78.497   -14.24   14.20
-165326.733    72.632   -20.27   13.07
-165037.459    69.781    -9.86   12.74
-164748.185    67.497    -7.89   14.24
-164458.911    66.408    -3.76   16.02
-164169.636    66.736     1.13   17.94
-163880.360    66.357    -1.31   21.02
-163591.084    66.843     1.68   22.66
-163301.807    66.270    -1.98   22.54
-163012.530    61.852   -15.27   23.47
-162723.252    58.891   -10.24   24.08
-162433.974    56.099    -9.65   21.73
-162144.695    51.742   -15.06   20.80
-161855.416    49.347    -8.28   18.01
-161566.136    46.810    -8.77   18.03
-161276.855    46.160    -2.25   15.40
-160987.574    46.115    -0.15   15.29
-160698.292    47.021     3.13   14.42
-160409.010    47.293     0.94   14.21
-160119.727    48.097     2.78   16.11
-159830.443    49.219     3.88   14.75
-159541.159    49.219     0.00   14.90
-159251.875    50.029     2.80   14.56
-158962.589    50.531     1.73   14.08
-158673.304    49.581    -3.28   13.93
-158384.017    47.046    -8.76   11.74
-158094.730    42.259   -16.55    9.56
-157805.443    38.974   -11.36    8.42
-157516.155    36.343    -9.09    8.50
-157226.866    32.964   -11.68    9.63
-156937.577    30.293    -9.23   10.03
-156648.287    27.264   -10.47    9.14
-156358.996    26.884    -1.31    8.29
-156069.705    24.784    -7.26    8.76
-155780.414    23.736    -3.62    8.85
-155491.122    20.869    -9.91    9.34
-155201.829    18.745    -7.34    8.94
-154912.535    16.598    -7.42    7.94
-154623.241    15.181    -4.90    7.43
-154333.947    13.956    -4.23    6.60
-154044.652    13.113    -2.91    6.23
-153755.356    12.414    -2.42    5.92
-153466.059    11.614    -2.77    5.87
-153176.762    11.563    -0.17    7.39
-152887.465    12.721     4.00   10.11
-152598.167    14.377     5.73   11.34
-152308.868    17.869    12.07   14.61
-152019.569    21.450    12.38   15.10
-151730.268    23.157     5.90   13.94
-151440.968    25.527     8.19   12.57
-151151.667    27.530     6.92   12.92
-150862.365    27.822     1.01   11.59
-150573.062    27.876     0.19   11.16
-150283.759    26.788    -3.76    7.78
-149994.456    26.529    -0.89    7.92
-149705.151    26.857     1.13    7.23
-149415.846    25.994    -2.98    7.98
-149126.541    25.253    -2.56    8.53
-148837.235    22.157   -10.70   10.05
-148547.928    20.326    -6.33   11.22
-148258.620    21.822     5.17   15.99
-147969.312    24.388     8.87   18.81
-147680.004    27.794    11.77   22.14
-147390.695    31.797    13.84   24.05
-147101.385    35.843    13.98   23.55
-146812.074    40.002    14.37   21.92
-146522.763    37.684    -8.01   20.23
-146233.451    34.081   -12.46   20.87
-145944.139    29.132   -17.10   19.04
-145654.826    22.515   -22.87   17.27
-145365.512    15.581   -23.97   13.72
-145076.198    10.581   -17.28    9.77
-144786.883     7.349   -11.17    7.66
-144497.567     4.814    -8.76    4.69
-144208.251     3.368    -5.00    2.32
-143918.934     2.874    -1.71    1.15
-143629.616     3.309     1.51    3.60
-143340.298     5.866     8.84    9.01
-143050.979     8.408     8.79   12.85
-142761.660    12.767    15.07   14.92
-142472.340    19.414    22.97   21.38
-142183.019    23.728    14.91   22.46
-141893.697    30.152    22.20   24.49
-141604.375    39.411    32.00   27.98
-141315.053    49.563    35.09   28.61
-141025.729    55.981    22.18   28.53
-140736.405    63.914    27.42   26.88
-140447.081    69.029    17.68   23.12
-140157.755    68.004    -3.54   22.06
-139868.429    62.402   -19.36   24.08
-139579.102    59.581    -9.75   23.70
-139289.775    55.360   -14.59   21.43
-139000.447    52.697    -9.20   20.74
-138711.118    49.908    -9.64   22.40
-138421.789    49.546    -1.25   22.28
-138132.459    49.089    -1.58   21.76
-137843.128    45.477   -12.48   20.44
-137553.797    42.630    -9.84   16.84
-137264.465    40.197    -8.41   14.75
-136975.132    41.027     2.87   12.87
-136685.799    41.891     2.99   13.54
-136396.465    42.391     1.73   14.27
-136107.130    43.613     4.22   14.88
-135817.795    45.598     6.86   14.64
-135528.459    41.197   -15.21   18.09
-135239.122    35.563   -19.47   17.11
-134949.785    35.493    -0.24   18.54
-134660.447    37.564     7.16   19.12
-134371.108    38.531     3.34   20.98
-134081.768    35.859    -9.23   21.49
-133792.428    36.335     1.64   20.30
-133503.087    34.253    -7.20   19.33
-133213.746    31.276   -10.29   18.86
-132924.404    26.140   -17.75   16.42
-132635.061    23.204   -10.15   15.52
-132345.717    19.357   -13.30   14.02
-132056.373    18.460    -3.10   14.13
-131767.028    18.788     1.13   14.01
-131477.682    20.339     5.36   11.70
-131188.336    22.941     8.99   10.41
-130898.989    25.529     8.94    9.85
-130609.641    28.360     9.79    8.60
-130320.292    30.706     8.11    6.43
-130030.943    31.665     3.32    6.90
-129741.593    33.269     5.54    8.13
-129452.243    35.632     8.16   10.86
-129162.891    41.801    21.32   18.39
-128873.641    47.002    17.98   22.01
-128584.443    53.753    23.34   23.09
-128295.244    58.747    17.27   22.22
-128006.044    63.197    15.39   20.51
-127716.844    64.081     3.05   17.81
-127427.643    63.920    -0.56   17.05
-127138.441    57.597   -21.86   21.00
-126849.239    50.116   -25.87   21.62
-126560.036    46.171   -13.64   21.15
-126270.832    41.479   -16.22   16.11
-125981.627    40.374    -3.82   13.89
-125692.422    43.530    10.91   15.39
-125403.216    50.974    25.74   17.09
-125114.009    57.514    22.62   17.49
-124824.802    63.411    20.39   15.00
-124535.594    66.014     9.00   16.81
-124246.385    68.547     8.76   17.80
-123957.175    70.152     5.55   17.51
-123667.965    72.869     9.39   17.87
-123378.754    73.839     3.36   18.11
-123089.542    75.733     6.55   18.15
-122800.329    76.682     3.28   17.80
-122511.116    77.219     1.85   16.89
-122221.902    75.219    -6.92   18.77
-121932.687    73.891    -4.59   19.00
-121643.472    73.747    -0.50   18.40
-121354.256    74.970     4.23   18.20
-121065.039    76.598     5.63   18.63
-120775.821    77.977     4.77   17.46
-120486.602    80.247     7.85   17.43
-120197.383    82.761     8.69   17.22
-119908.163    85.297     8.77   16.56
-119618.943    85.318     0.07   17.02
-119329.721    86.188     3.01   16.90
-119040.499    87.305     3.86   17.16
-118751.276    90.157     9.86   17.67
-118462.052    89.891    -0.92   17.30
-118172.828    88.105    -6.17   16.74
-117883.603    86.029    -7.18   18.33
-117594.377    82.701   -11.51   19.88
-117305.150    78.512   -14.49   20.11
-117015.922    71.140   -25.49   16.96
-116726.694    64.197   -24.00   16.13
-116437.465    61.632    -8.87   15.71
-116148.235    61.314    -1.10   18.42
-115859.005    62.866     5.37   20.09
-115569.774    65.425     8.85   22.31
-115280.541    67.047     5.61   22.00
-114991.309    70.081    10.49   20.83
-114702.075    76.286    21.45   18.83
-114412.841    77.545     4.35   18.55
-114123.606    78.650     3.82   18.18
-113834.370    76.857    -6.20   17.50
-113545.133    77.364     1.75   17.57
-113255.895    86.613    31.98   27.66
-112966.657    97.270    36.84   39.89
-112677.418   117.031    68.32   50.79
-112388.178   138.791    75.23   54.19
-112098.938   158.941    69.67   49.50
-111809.697   178.931    69.11   34.65
-111520.454   191.767    44.38   15.66
-111231.211   197.547    19.98    5.87
-110941.968   199.305     6.08    3.16
-110652.723   199.614     1.07    2.85
-110363.478   198.719    -3.10    5.66
-110074.232   195.664   -10.56   14.99
-109784.985   192.081   -12.39   18.25
-109495.737   186.475   -19.38   21.78
-109206.489   179.004   -25.83   25.52
-108917.240   172.684   -21.85   26.82
-108627.990   162.381   -35.62   29.96
-108338.739   151.764   -36.70   32.74
-108049.487   140.852   -37.73   33.73
-107760.235   133.408   -25.73   31.46
-107470.982   128.370   -17.42   27.06
-107181.728   125.236   -10.83   22.28
-106892.473   120.447   -16.56   16.30
-106603.217   122.909     8.51   16.71
-106313.961   125.667     9.54   18.97
-106024.703   122.152   -12.15   20.70
-105735.445   120.347    -6.24   24.27
-105446.186   115.512   -16.72   20.28
-105156.927   110.281   -18.08   19.28
-104867.666   104.546   -19.82   14.99
-104578.405   103.563    -3.40   15.29
-104289.143   104.857     4.47   15.77
-103999.880   105.581     2.50   15.59
-103710.616   105.138    -1.53   15.29
-103421.352   104.460    -2.34   15.01
-103132.086   108.106    12.60   14.80
-102842.820   109.652     5.34   15.09
-102553.553   112.597    10.18   16.02
-102264.285   117.887    18.29   18.29
-101975.017   124.225    21.91   17.10
-101685.747   133.242    31.17   17.63
-101396.477   137.774    15.67   16.60
-101107.206   140.822    10.54   15.60
-100817.934   139.397    -4.93   15.57
-100528.661   135.997   -11.75   15.55
-100239.387   131.381   -15.96   17.61
 -99950.113   127.339   -13.97   17.78
 -99660.837   121.970   -18.56   16.87
 -99371.561   117.259   -16.29   13.90
 -99082.284   114.364   -10.01   12.14
 -98793.006   113.368    -3.44   12.94
 -98503.728   113.667     1.03   14.18
 -98214.448   113.394    -0.94   15.54
 -97925.168   114.443     3.62   17.26
 -97635.887   112.797    -5.69   18.11
 -97346.605   113.297     1.73   18.36
 -97057.322   113.981     2.36   18.22
 -96768.038   115.648     5.77   19.57
 -96478.754   116.098     1.55   18.60
 -96189.468   119.714    12.50   20.71
 -95900.182   120.339     2.16   19.51
 -95610.895   122.664     8.04   19.30
 -95321.607   121.381    -4.44   17.36
 -95032.318   119.241    -7.39   15.26
 -94743.028   114.046   -17.96   14.42
 -94453.738   111.884    -7.47   14.20
 -94164.446   111.630    -0.88   14.42
 -93875.154   113.038     4.87   18.02
 -93585.861   110.314    -9.42   19.58
 -93296.567   106.770   -12.25   19.94
 -93007.272   104.247    -8.72   20.82
 -92717.976   102.140    -7.28   20.76
 -92428.680    97.343   -16.58   20.93
 -92139.382    88.177   -31.68   20.54
 -91850.084    84.184   -13.80   17.88
 -91560.785    79.822   -15.08   15.93
 -91271.485    77.236    -8.94   14.60
 -90982.184    77.391     0.54   13.63
 -90692.882    78.531     3.94   14.16
 -90403.579    84.029    19.00   14.74
 -90114.276    87.701    12.69   13.22
 -89824.971    90.546     9.83   12.82
 -89535.666    96.784    21.56   14.88
 -89246.360   103.147    21.99   16.66
 -88957.053   111.408    28.55   23.27
 -88667.745   120.464    31.30   28.39
 -88378.436   132.991    43.30   29.81
 -88089.126   143.994    38.03   29.48
 -87799.816   155.414    39.47   26.18
 -87510.504   164.564    31.63   18.19
 -87221.192   170.164    19.36    9.16
 -86931.878   169.956    -0.72    9.59
 -86642.564   162.650   -25.25   20.25
 -86353.249   150.943   -40.46   30.20
 -86063.933   137.847   -45.26   34.98
 -85774.616   125.400   -43.02   33.46
 -85485.299   114.288   -38.41   31.43
 -85195.980   101.114   -45.53   24.33
 -84906.660    92.212   -30.77   18.21
 -84617.340    86.981   -18.08   13.83
 -84328.019    83.431   -12.27   10.75
 -84038.696    80.891    -8.78   10.97
 -83749.373    75.164   -19.79   11.98
 -83460.049    71.347   -13.19   12.63
 -83170.724    69.954    -4.82   12.35
 -82881.398    71.357     4.85   13.94
 -82592.072    71.801     1.54   14.13
 -82302.744    74.331     8.74   15.01
 -82013.415    80.054    19.78   15.49
 -81724.086    86.281    21.52   14.90
 -81434.755    92.753    22.37   17.77
 -81145.424    96.515    13.00   17.56
 -80856.092    99.514    10.36   19.31
 -80566.759   104.132    15.96   18.96
 -80277.424   105.719     5.48   18.27
 -79988.089   104.938    -2.70   18.66
 -79698.753   101.827   -10.75   18.59
 -79409.417    96.681   -17.79   17.76
 -79120.079    92.781   -13.48   16.74
 -78830.740    90.288    -8.62   13.00
 -78541.400    90.813     1.82   12.88
 -78252.060    90.064    -2.59   12.57
 -77962.718    89.839    -0.78   11.84
 -77673.376    88.714    -3.89   13.22
 -77384.033    88.891     0.61   12.69
 -77094.688    87.874    -3.52   13.00
 -76805.343    85.943    -6.67   11.92
 -76515.997    83.563    -8.22   10.93
 -76226.650    81.466    -7.25   11.45
 -75937.302    79.374    -7.23   13.47
 -75647.953    78.513    -2.98   14.07
 -75358.603    76.753    -6.08   14.62
 -75069.252    73.107   -12.60   15.26
 -74779.900    67.097   -20.77   15.37
 -74490.547    62.564   -15.67   15.78
 -74201.194    60.047    -8.70   15.90
 -73911.839    58.037    -6.95   14.57
 -73622.484    58.132     0.33   14.79
 -73333.127    58.697     1.95   15.42
 -73043.769    59.682     3.40   15.62
 -72754.411    63.381    12.78   15.10
 -72465.052    68.736    18.51   13.27
 -72175.691    70.684     6.73   12.50
 -71886.330    71.563     3.04   11.34
 -71596.968    72.197     2.19   11.19
 -71307.604    73.433     4.27   11.09
 -71018.240    72.857    -1.99   11.57
 -70728.875    72.479    -1.30   11.50
 -70439.509    72.219    -0.90   11.88
 -70150.142    71.259    -3.32   12.69
 -69860.774    71.797     1.86   13.86
 -69571.405    73.447     5.70   13.92
 -69282.035    75.114     5.76   13.13
 -68992.664    77.460     8.11   12.53
 -68703.292    78.072     2.12   12.18
 -68413.919    79.322     4.32   10.99
 -68124.545    77.843    -5.11   11.59
 -67835.171    74.197   -12.60   11.22
 -67545.795    71.956    -7.75   11.16
 -67256.418    68.270   -12.74   11.35
 -66967.040    64.438   -13.24    9.37
 -66677.743    61.679    -9.54    7.80
 -66388.574    61.411    -0.93    6.75
 -66099.404    62.064     2.26    6.64
 -65810.232    62.046    -0.06    6.54
 -65521.060    62.317     0.94    6.17
 -65231.887    61.513    -2.78    6.70
 -64942.713    62.123     2.11    5.83
 -64653.538    62.629     1.75    5.54
 -64364.362    62.563    -0.23    5.76
 -64075.185    62.300    -0.91    6.06
 -63786.007    61.908    -1.35    6.43
 -63496.828    61.701    -0.72    6.79
 -63207.648    60.974    -2.51    7.07
 -62918.467    60.288    -2.37    7.33
 -62629.285    58.822    -5.07    7.69
 -62340.102    57.167    -5.72    9.27
 -62050.917    51.852   -18.38   13.91
 -61761.732    44.314   -26.07   17.65
 -61472.546    35.512   -30.44   21.48
 -61183.359    25.864   -33.36   20.46
 -60894.171    18.081   -26.91   17.17
 -60604.982    14.098   -13.77   12.21
 -60315.792    15.114     3.51   13.98
 -60026.601    19.733    15.97   19.13
 -59737.409    27.479    26.78   21.70
 -59448.216    37.974    36.29   19.48
 -59159.022    44.460    22.43   16.58
 -58869.827    49.394    17.06   12.81
 -58580.631    52.750    11.60    9.50
 -58291.434    51.614    -3.93   10.70
 -58002.236    47.219   -15.20   13.38
 -57713.036    40.208   -24.24   14.49
 -57423.836    35.774   -15.33   13.84
 -57134.635    36.397     2.16   14.01
 -56845.433    37.597     4.15   14.84
 -56556.230    38.667     3.70   14.96
 -56267.025    41.431     9.56   15.29
 -55977.820    43.960     8.75   13.36
 -55688.614    46.886    10.12   13.11
 -55399.407    47.496     2.11   14.54
 -55110.198    49.665     7.50   19.65
 -54820.989    57.581    27.37   28.48
 -54531.778    65.791    28.39   34.00
 -54242.567    75.097    32.18   35.60
 -53953.354    92.219    59.20   35.92
 -53664.141   102.645    36.05   33.85
 -53374.926   116.764    48.82   26.40
 -53085.711   123.497    23.28   21.28
 -52796.494   128.339    16.74   15.39
 -52507.277   125.545    -9.66   21.74
 -52218.058   117.631   -27.36   29.86
 -51928.838   105.869   -40.67   35.54
 -51639.617    93.187   -43.85   37.31
 -51350.395    80.925   -42.40   33.62
 -51061.173    68.777   -42.00   28.98
 -50771.949    60.714   -27.88   26.63
 -50482.724    51.598   -31.52   25.51
 -50193.498    44.197   -25.59   24.35
 -49904.271    38.157   -20.88   23.31
 -49615.042    29.684   -29.29   13.84
 -49325.813    28.305    -4.77   10.91
 -49036.583    30.977     9.24   13.06
 -48747.352    34.417    11.89   13.92
 -48458.119    38.615    14.52   12.87
 -48168.886    43.411    16.58   10.71
 -47879.652    44.305     3.09    9.64
 -47590.416    43.736    -1.97    8.19
 -47301.179    41.903    -6.34    8.60
 -47011.942    39.031    -9.93    9.05
 -46722.703    35.481   -12.27   10.12
 -46433.463    30.914   -15.79    8.69
 -46144.222    27.167   -12.95    7.76
 -45854.981    24.481    -9.29    7.69
 -45565.738    21.733    -9.50    7.13
 -45276.493    19.714    -6.98    6.99
 -44987.248    17.788    -6.66    7.56
 -44698.002    16.046    -6.02    7.85
 -44408.755    14.370    -5.79    8.11
 -44119.507    13.394    -3.37    8.06
 -43830.257    12.547    -2.93    7.66
 -43541.007    11.046    -5.19    6.21
 -43251.755    10.208    -2.90    5.94
 -42962.502     9.652    -1.92    5.54
 -42673.249     9.496    -0.54    5.05
 -42383.994    10.242     2.58    5.78
 -42094.738    10.847     2.09    6.08
 -41805.481    10.269    -2.00    6.48
 -41516.223    10.759     1.69    6.98
 -41226.964    10.581    -0.62    7.83
 -40937.703    10.563    -0.06    9.21
 -40648.442    11.433     3.01    9.81
 -40359.179    10.564    -3.00   10.15
 -40069.916     9.943    -2.15   10.07
 -39780.651    10.682     2.56    9.97
 -39491.385     8.795    -6.52    9.18
 -39202.119     8.177    -2.13    8.80
 -38912.851     7.225    -3.29    8.45
 -38623.582     7.564     1.17    9.17
 -38334.311     7.701     0.48    9.62
 -38045.040     7.440    -0.90    9.08
 -37755.768     7.174    -0.92    8.52
 -37466.494     7.908     2.54    7.73
 -37177.220     9.564     5.72    7.94
 -36887.944    11.309     6.03    7.93
 -36598.667    13.027     5.94    7.13
 -36309.390    14.322     4.48    5.98
 -36020.111    13.288    -3.58    6.95
 -35730.830    10.859    -8.39    8.07
 -35441.549     8.184    -9.25    8.28
 -35152.267     5.167   -10.43    6.89
 -34862.983     3.288    -6.50    6.04
 -34573.699     1.791    -5.17    4.51
 -34284.413     1.630    -0.56    3.34
 -33995.126     1.914     0.98    3.08
 -33705.838     2.154     0.83    3.12
 -33416.549     2.563     1.41    3.30
 -33127.259     2.908     1.19    3.34
 -32837.968     2.886    -0.08    3.37
 -32548.675     2.276    -2.11    3.32
 -32259.382     1.695    -2.01    3.32
 -31970.087     0.826    -3.00    2.89
 -31680.791    -0.006    -2.88    2.53
 -31391.494    -0.301    -1.02    2.28
 -31102.196    -0.809    -1.76    1.66
 -30812.897    -0.911    -0.35    1.53
 -30523.597    -1.006    -0.33    1.44
 -30234.295    -1.385    -1.31    0.26
 -29944.993    -1.419    -0.12    0.00
 -29655.689    -1.419     0.00    0.00
 -29366.384    -1.239     0.62    1.41
 -29077.078    -1.114     0.43    1.62
 -28787.771    -0.303     2.81    2.79
 -28498.462     0.370     2.33    3.69
 -28209.153     0.496     0.43    3.67
 -27919.842     1.377     3.05    4.07
 -27630.530     2.208     2.87    4.37
 -27341.217     2.952     2.57    4.35
 -27051.903     3.670     2.48    4.38
 -26762.588     3.497    -0.60    4.33
 -26473.272     3.241    -0.88    4.17
 -26183.954     2.855    -1.34    3.68
 -25894.635     2.314    -1.87    3.09
 -25605.316     1.997    -1.09    2.79
 -25315.994     1.736    -0.90    2.79
 -25026.672     1.756     0.07    2.62
 -24737.349     1.397    -1.24    2.68
 -24448.024     0.665    -2.53    2.63
 -24158.699     0.187    -1.65    2.51
 -23869.372    -0.319    -1.75    2.21
 -23580.044    -1.134    -2.81    1.16
 -23290.715    -1.216    -0.28    0.94
 -23001.384    -1.143     0.25    0.93
 -22712.053    -0.780     1.26    1.34
 -22422.720    -0.352     1.48    1.63
 -22133.386     0.425     2.69    2.07
 -21844.051     1.063     2.20    2.36
 -21554.715     2.460     4.83    3.16
 -21265.378     3.400     3.25    3.17
 -20976.039     4.063     2.29    3.03
 -20686.700     4.360     1.03    3.16
 -20397.359     4.167    -0.67    3.17
 -20108.017     3.529    -2.20    2.71
 -19818.673     2.728    -2.77    2.44
 -19529.329     1.981    -2.58    1.61
 -19239.983     1.597    -1.33    1.70
 -18950.636     1.370    -0.78    1.72
 -18661.288     1.339    -0.11    1.67
 -18371.939     1.647     1.06    1.76
 -18082.589     1.581    -0.23    1.64
 -17793.237     1.974     1.36    1.54
 -17503.884     2.357     1.32    1.20
 -17214.530     2.305    -0.18    1.14
 -16925.175     2.188    -0.40    1.32
 -16635.819     2.181    -0.02    1.36
 -16346.461     2.138    -0.15    1.43
 -16057.102     2.339     0.70    1.33
 -15767.742     2.513     0.60    1.30
 -15478.381     2.384    -0.44    1.33
 -15189.019     2.219    -0.57    1.45
 -14899.655     1.835    -1.33    1.56
 -14610.291     1.597    -0.82    1.66
 -14320.925     1.417    -0.62    1.70
 -14031.557     1.474     0.20    1.82
 -13742.189     1.309    -0.57    1.86
 -13452.819     1.339     0.10    2.02
 -13163.448     1.564     0.78    2.01
 -12874.076     1.843     0.96    1.98
 -12584.703     1.977     0.46    1.96
 -12295.329     2.547     1.97    2.17
 -12005.953     3.045     1.72    2.18
 -11716.576     3.274     0.79    2.29
 -11427.198     3.072    -0.70    2.32
 -11137.819     2.801    -0.94    2.48
 -10848.438     2.288    -1.77    2.29
 -10559.056     2.142    -0.50    2.45
 -10269.673     1.920    -0.77    2.38
  -9980.289     1.960     0.14    2.46
  -9690.903     2.220     0.90    2.40
  -9401.517     2.360     0.48    2.38
  -9112.129     2.423     0.22    2.17
  -8822.740     2.443     0.07    2.06
  -8533.349     3.029     2.03    3.21
  -8243.958     3.466     1.51    3.15
  -7954.565     4.063     2.06    3.35
  -7665.171     4.563     1.73    3.34
  -7375.775     5.029     1.61    3.30
  -7086.379     5.826     2.76    3.07
  -6796.981     6.138     1.08    2.80
  -6507.582     5.897    -0.83    2.26
  -6218.182     5.646    -0.87    2.46
  -5928.780     5.388    -0.89    2.93
  -5639.377     4.822    -1.95    3.49
  -5349.973     4.464    -1.24    3.71
  -5060.568     4.632     0.58    3.47
  -4771.161     4.847     0.75    3.49
  -4481.786     5.423     1.99    3.25
  -4192.648     6.132     2.45    3.05
  -3903.509     6.428     1.02    2.80
  -3614.369     7.004     1.99    3.06
  -3325.228     7.647     2.22    3.44
  -3036.085     8.115     1.62    3.94
  -2746.941     7.852    -0.91    4.37
  -2457.796     7.384    -1.62    5.09
  -2168.649     5.981    -4.85    5.53
  -1879.502     4.564    -4.90    5.87
  -1590.353     3.191    -4.75    5.40
  -1301.202     1.764    -4.93    4.71
  -1012.051     0.420    -4.65    2.78
   -722.898    -0.419    -2.90    0.00
   -433.744    -0.419     0.00    0.00
   -144.589    -0.419     0.00    0.00
    144.568    -0.419     0.00    0.00
    433.726    -0.419     0.00    0.00
    722.885    -0.419     0.00    0.00
   1012.045    -0.419     0.00    0.00
   1301.207    -0.258     0.56    1.04
   1590.370     0.681     3.25    2.69
   1879.534     1.281     2.07    2.92
   2168.699     2.443     4.02    3.33
   2457.866     3.546     3.81    3.22
   2747.034     4.411     2.99    3.01
   3036.204     5.157     2.58    2.26
   3325.374     5.531     1.30    1.70
   3614.546     6.276     2.57    2.10
   3903.719     6.349     0.25    2.59
   4192.894     6.038    -1.07    3.30
   4482.070     5.581    -1.58    3.54
   4771.247     4.958    -2.15    3.76
   5060.425     3.925    -3.57    3.64
   5349.605     2.822    -3.82    3.34
   5638.785     1.943    -3.04    2.36
   5927.968     1.756    -0.65    1.93
   6217.151     1.447    -1.07    1.95
   6506.336     0.784    -2.29    1.87
   6795.522     0.286    -1.72    1.83
   7084.709     0.029    -0.89    1.90
   7373.898     0.756     2.51    2.99
   7663.088     1.548     2.74    3.39
   7952.279     2.242     2.40    3.37
   8241.472     2.831     2.04    3.37
   8530.666     5.686     9.87    8.20
   8819.861     9.857    14.42   12.62
   9109.058    12.012     7.45   13.68
   9398.255    16.667    16.10   16.02
   9687.455    22.564    20.39   17.85
   9976.655    31.977    32.55   23.41
  10265.857    45.038    45.16   28.21
  10555.060    54.866    33.98   30.79
  10844.264    65.835    37.93   28.78
  11133.470    72.597    23.38   22.19
  11422.677    74.987     8.27   17.68
  11711.885    72.665    -8.03   18.70
  12001.095    66.357   -21.81   21.17
  12290.306    57.667   -30.05   20.84
  12579.518    50.681   -24.16   16.60
  12868.732    46.920   -13.00   12.33
  13157.947    46.952     0.11   12.71
  13447.163    47.974     3.53   12.47
  13736.381    52.131    14.37   13.71
  14025.600    53.282     3.98   11.93
  14314.820    56.400    10.78   11.58
  14604.042    56.731     1.14   11.01
  14893.265    57.184     1.57   10.47
  15182.489    56.733    -1.56   10.76
  15471.714    56.384    -1.21   10.88
  15760.941    55.481    -3.12   10.82
  16050.170    53.903    -5.46    9.88
  16339.399    53.306    -2.06    8.24
  16628.630    51.920    -4.79    6.78
  16917.862    49.902    -6.98    6.58
  17207.096    48.886    -3.51    6.70
  17496.331    50.460     5.44    6.72
  17785.567    51.114     2.26    6.78
  18074.805    49.747    -4.73    7.40
  18364.044    47.684    -7.13    8.10
  18653.285    46.977    -2.44    8.32
  18942.526    45.977    -3.46    8.48
  19231.769    44.630    -4.66    7.66
  19521.014    44.021    -2.10    7.41
  19810.260    44.297     0.95    7.67
  20099.507    44.770     1.64    8.04
  20388.755    45.598     2.86    8.52
  20678.005    47.531     6.68    8.70
  20967.256    49.247     5.93    8.49
  21256.509    50.909     5.74    8.47
  21545.763    51.991     3.74    8.39
  21835.018    52.736     2.57    7.96
  22124.275    52.072    -2.29    7.54
  22413.533    51.632    -1.52    6.70
  22702.792    51.154    -1.65    6.23
  22992.053    50.770    -1.33    5.73
  23281.315    50.339    -1.49    5.39
  23570.579    50.651     1.08    5.37
  23859.843    51.852     4.15    6.24
  24149.110    52.384     1.84    6.84
  24438.377    53.357     3.36    7.26
  24727.646    54.276     3.18    7.46
  25016.917    54.991     2.47    7.26
  25306.188    55.253     0.90    7.21
  25595.462    54.564    -2.38    7.43
  25884.736    54.381    -0.63    7.06
  26174.012    54.990     2.11    7.60
  26463.289    56.849     6.42    7.65
  26752.568    59.309     8.51    7.03
  27041.848    62.174     9.90    6.15
  27331.129    64.335     7.47    5.58
  27620.412    66.154     6.29    5.77
  27909.697    67.201     3.62    6.64
  28198.982    68.411     4.18    9.07
  28488.269    71.402    10.34   10.09
  28777.558    74.056     9.17   12.64
  29066.847    77.881    13.22   13.35
  29356.139    81.648    13.02   13.70
  29645.431    85.563    13.53   13.64
  29934.725    86.920     4.69   14.36
  30224.021    88.089     4.04   13.68
  30513.317    86.563    -5.27   13.27
  30802.616    85.990    -1.98   12.45
  31091.915    86.497     1.75   12.01
  31381.216    87.581     3.74   11.56
  31670.519    88.374     2.74   11.52
  31959.822    90.788     8.34   11.02
  32249.128    92.712     6.65    9.52
  32538.434    94.512     6.22    7.89
  32827.742    94.997     1.68    8.10
  33117.052    95.150     0.53    7.82
  33406.363    93.423    -5.97    8.25
  33695.675    92.122    -4.50    7.89
  33984.989    91.664    -1.58    7.38
  34274.304    91.892     0.79    7.32
  34563.620    92.177     0.99    7.05
  34852.938    93.650     5.09    6.04
  35142.258    95.031     4.77    5.53
  35431.578    95.253     0.77    5.81
  35720.901    94.072    -4.08    7.81
  36010.224    90.925   -10.88   11.22
  36299.549    86.857   -14.06   12.58
  36588.876    84.184    -9.24   12.23
  36878.204    81.242   -10.17   10.33
  37167.533    79.147    -7.24    8.59
  37456.864    77.925    -4.22    6.53
  37746.196    78.920     3.44    5.90
  38035.530    79.491     1.98    5.53
  38324.865    80.381     3.07    5.95
  38614.202    81.548     4.03    6.14
  38903.540    82.987     4.98    6.50
  39192.879    85.964    10.29    6.37
  39482.220    88.241     7.87    5.01
  39771.562    90.547     7.97    4.30
  40060.906    91.857     4.53    3.52
  40350.251    92.031     0.60    3.76
  40639.598    93.790     6.08    5.34
  40928.946    96.027     7.73    6.87
  41218.296    99.564    12.22    8.79
  41507.647   104.152    15.86    9.67
  41796.999   107.903    12.96    9.98
  42086.353   111.970    14.06    8.49
  42375.708   114.714     9.48    6.51
  42665.065   116.943     7.70    5.69
  42954.423   119.098     7.45    5.64
  43243.783   120.147     3.63    5.74
  43533.144   120.869     2.49    6.66
  43822.507   121.056     0.65    6.80
  44111.871   121.326     0.93    6.60
  44401.237   121.545     0.76    6.19
  44690.604   120.615    -3.22    5.40
  44979.972   119.650    -3.33    5.47
  45269.342   118.171    -5.11    5.72
  45558.713   116.391    -6.15    6.46
  45848.086   113.788    -9.00    7.53
  46137.461   112.598    -4.11    7.76
  46426.837   110.107    -8.61    8.20
  46716.214   108.014    -7.23    8.39
  47005.593   106.547    -5.07    6.81
  47294.973   106.131    -1.44    6.75
  47584.355   107.788     5.73    6.77
  47873.738   109.475     5.83    7.24
  48163.123   111.695     7.67    7.17
  48452.509   112.397     2.43    7.52
  48741.896   111.614    -2.71    8.32
  49031.286   109.335    -7.88    9.46
  49320.676   106.460    -9.93   10.99
  49610.068   104.021    -8.43   10.57
  49899.462   101.374    -9.15    9.26
  50188.857    99.712    -5.74    8.98
  50478.254    98.701    -3.49    8.58
  50767.652    98.293    -1.41    8.74
  51057.051    98.849     1.92    8.50
  51346.452    98.081    -2.65    8.60
  51635.855    97.681    -1.38    8.92
  51925.259    97.632    -0.17    9.59
  52214.664    94.714   -10.08   10.50
  52504.071    92.391    -8.03   10.01
  52793.480    89.305   -10.66    9.64
  53082.890    86.259   -10.53   10.27
  53372.302    84.767    -5.15   10.17
  53661.715    81.695   -10.61    9.35
  53951.129    79.099    -8.97    9.23
  54240.545    75.381   -12.85    9.37
  54529.963    71.701   -12.71    8.62
  54819.382    69.113    -8.94    8.71
  55108.802    67.214    -6.56    8.25
  55398.225    66.326    -3.07    8.32
  55687.648    66.701     1.30    8.72
  55977.073    67.652     3.28    9.58
  56266.500    69.269     5.59   10.93
  56555.928    71.615     8.10   11.38
  56845.358    74.547    10.13   10.67
  57134.789    77.012     8.51    8.64
  57424.222    78.349     4.62    7.71
  57713.656    78.831     1.67    6.21
  58002.812    78.943     0.39    5.80
  58291.920    78.614    -1.14    5.15
  58581.030    78.064    -1.90    5.51
  58870.142    77.977    -0.30    6.36
  59159.255    76.684    -4.47    8.26
  59448.370    72.805   -13.42   11.96
  59737.486    68.499   -14.89   13.87
  60026.603    64.684   -13.19   14.85
  60315.722    60.665   -13.90   13.07
  60604.843    58.029    -9.12   10.30
  60893.965    57.512    -1.79    9.31
  61183.089    59.871     8.16    9.80
  61472.214    63.614    12.95   10.04
  61761.341    67.097    12.05    9.31
  62050.470    70.366    11.31    7.99
  62339.600    72.529     7.48    7.94
  62628.731    74.097     5.42    7.96
  62917.864    76.818     9.41    7.42
  63206.999    79.347     8.75    6.13
  63496.135    80.839     5.16    6.96
  63785.272    83.253     8.35    6.62
  64074.411    85.423     7.50    7.50
  64363.552    88.614    11.04    7.59
  64652.694    91.147     8.76    6.22
  64941.838    92.770     5.61    5.90
  65230.984    91.964    -2.79    7.67
  65520.131    92.259     1.02    7.77
  65809.279    91.374    -3.06    8.01
  66098.429    90.004    -4.74    8.28
  66387.581    89.681    -1.12    8.78
  66676.734    88.450    -4.26    8.57
  66965.888    87.491    -3.31    9.61
  67255.045    86.047    -4.99    9.74
  67544.203    85.167    -3.04    9.13
  67833.362    85.177     0.04    9.78
  68122.523    85.302     0.43    9.18
  68411.685    86.428     3.89    8.53
  68700.849    87.309     3.05    7.54
  68990.015    86.616    -2.40    7.92
  69279.182    85.171    -5.00    8.40
  69568.351    81.886   -11.36    8.14
  69857.521    79.181    -9.35    7.87
  70146.693    75.857   -11.50    6.45
  70435.867    73.509    -8.12    7.75
  70725.042    71.064    -8.46    8.56
  71014.219    68.529    -8.77    7.38
  71303.397    68.236    -1.01    7.01
  71592.577    68.106    -0.45    7.24
  71881.758    69.236     3.91    8.17
  72170.941    70.012     2.68    8.33
  72460.126    72.012     6.92    7.69
  72749.312    74.302     7.92    7.52
  73038.499    76.943     9.13    7.54
  73327.689    79.428     8.59    8.83
  73616.880    81.908     8.58    9.33
  73906.072    84.170     7.82    8.98
  74195.266    85.581     4.88    9.27
  74484.462    87.214     5.65    9.00
  74773.659    87.764     1.90    9.44
  75062.858    89.739     6.83    9.59
  75352.058    90.719     3.39    9.68
  75641.260    92.231     5.23    9.39
  75930.464    94.360     7.36    8.35
  76219.669    95.450     3.77    7.42
  76508.876    95.425    -0.08    7.06
  76798.085    93.425    -6.92    8.02
  77087.295    91.270    -7.45    7.50
  77376.506    89.764    -5.21    6.23
  77665.720    90.047     0.98    7.47
  77954.935    92.512     8.52    9.32
  78244.151    95.225     9.38    9.53
  78533.369    97.170     6.73    8.53
  78822.589    96.632    -1.86    8.89
  79111.810    94.247    -8.24   10.71
  79401.033    90.797   -11.93   12.25
  79690.258    86.089   -16.28   10.59
  79979.484    83.759    -8.05    8.38
  80268.711    81.954    -6.24    8.56
  80557.941    81.805    -0.51    9.82
  80847.172    83.187     4.78   10.87
  81136.405    84.597     4.87   11.48
  81425.639    85.650     3.64   10.87
  81714.875    84.581    -3.70   11.42
  82004.112    84.581     0.00   11.33
  82293.351    84.161    -1.45   10.97
  82582.592    83.004    -4.00    9.92
  82871.834    82.397    -2.10    8.53
  83161.078    80.684    -5.92    7.21
  83450.324    78.791    -6.54    6.48
  83739.571    78.225    -1.96    5.90
  84028.820    77.150    -3.72    6.14
  84318.071    75.663    -5.14    6.38
  84607.323    74.360    -4.50    6.44
  84896.577    73.037    -4.58    6.12
  85185.832    73.253     0.75    6.50
  85475.089    73.615     1.25    6.86
  85764.348    72.712    -3.12    7.74
  86053.609    70.374    -8.08    8.96
  86342.871    68.167    -7.63    8.88
  86632.134    67.012    -3.99    8.41
  86921.400    66.756    -0.88    7.74
  87210.667    67.876     3.87    8.19
  87499.935    69.797     6.64    9.19
  87789.205    74.499    16.25   11.20
  88078.477    79.967    18.90   11.65
  88367.751    85.115    17.80   10.94
  88657.026    88.881    13.02    8.84
  88946.303    90.377     5.17    7.30
  89235.582    90.281    -0.33    7.03
  89524.862    89.150    -3.91    7.53
  89814.144    86.684    -8.52    7.95
  90103.427    84.477    -7.63    7.11
  90392.712    82.970    -5.21    5.46
  90681.999    80.903    -7.15    5.13
  90971.288    78.098    -9.70    5.91
  91260.578    76.140    -6.77    6.88
  91549.870    74.384    -6.07    6.84
  91839.163    70.481   -13.49    8.64
  92128.458    67.631    -9.85    8.90
  92417.755    66.716    -3.16    8.30
  92707.054    67.564     2.93    8.71
  92996.354    68.527     3.33    9.59
  93285.656    71.987    11.96   10.45
  93574.959    75.736    12.96   10.79
  93864.265    78.784    10.54    9.49
  94153.572    81.564     9.61    7.21
  94442.880    83.370     6.24    5.50
  94732.190    83.531     0.55    5.34
  95021.502    82.777    -2.60    7.00
  95310.816    81.468    -4.53    7.60
  95600.131    80.064    -4.85    7.45
  95889.448    79.547    -1.79    7.39
  96178.767    79.925     1.31    7.50
  96468.087    79.925     0.00    7.10
  96757.409    79.750    -0.61    7.24
  97046.733    78.479    -4.39    7.65
  97336.059    78.242    -0.82    7.59
  97625.386    78.021    -0.76    8.00
  97914.715    78.545     1.81    8.28
  98204.045    80.004     5.04    8.99
  98493.377    82.563     8.84    9.29
  98782.711    83.728     4.03    8.91
  99072.047    85.219     5.15    7.87
  99361.384    85.201    -0.06    8.51
  99650.723    83.701    -5.18    9.77
  99940.064    80.994    -9.36   10.16
 100229.407    78.481    -8.69    9.21
 100518.751    76.925    -5.37    8.13
 100808.097    76.314    -2.11    7.07
 101097.444    75.563    -2.60    5.58
 101386.793    75.029    -1.85    5.56
 101676.144    74.097    -3.22    5.35
 101965.497    73.784    -1.08    5.19
 102254.852    74.072     1.00    5.57
 102544.208    74.259     0.65    5.99
 102833.566    75.563     4.51    6.01
 103122.925    76.716     3.98    5.96
 103412.287    78.360     5.68    4.61
 103701.650    79.314     3.30    3.72
 103991.014    78.753    -1.94    4.68
 104280.381    78.445    -1.06    4.55
 104569.749    77.861    -2.02    4.54
 104859.119    77.397    -1.60    4.33
 105148.491    77.147    -0.86    4.20
 105437.864    77.494     1.20    3.54
 105727.239    77.431    -0.22    3.51
 106016.616    78.281     2.94    4.64
 106305.994    79.835     5.37    5.83
 106595.375    82.322     8.59    6.56
 106884.757    84.072     6.05    6.39
 107174.141    85.147     3.72    5.80
 107463.526    85.054    -0.32    5.38
 107752.913    84.497    -1.92    4.82
 108042.302    84.201    -1.02    4.19
 108331.693    84.876     2.33    4.69
 108621.085    85.597     2.49    4.91
 108910.480    85.665     0.24    5.03
 109199.876    83.994    -5.77    8.85
 109489.273    82.265    -5.98   10.18
 109778.673    80.646    -5.59   10.75
 110068.074    81.164     1.79   11.11
 110357.477    81.968     2.78   11.69
 110646.882    84.462     8.62   13.42
 110936.288    89.741    18.24   12.23
 111225.696    94.114    15.11   11.39
 111515.106    98.908    16.57    9.16
 111804.518   103.335    15.30    7.98
 112093.932   105.943     9.01    7.42
 112383.347   106.494     1.91    8.87
 112672.764   104.563    -6.67   11.86
 112962.183    99.494   -17.51   15.72
 113251.603    94.400   -17.60   17.83
 113541.025    88.150   -21.60   19.43
 113830.450    80.697   -25.75   15.92
 114119.875    76.866   -13.24   12.91
 114409.303    77.208     1.18   13.88
 114698.732    77.435     0.79   13.96
 114988.164    78.831     4.82   13.85
 115277.596    82.777    13.64   12.48
 115567.031    86.510    12.90   10.77
 115856.468    88.305     6.20   10.35
 116145.906    88.970     2.30   10.24
 116435.346    90.314     4.64    9.29
 116724.788    93.663    11.57    8.32
 117014.231    96.494     9.78    8.36
 117303.677   101.814    18.38    9.57
 117593.124   106.353    15.68   11.12
 117882.573   107.847     5.16   10.64
 118172.023   107.716    -0.45   11.74
 118461.476   105.563    -7.44   13.28
 118750.930   104.089    -5.09   14.11
 119040.386   102.264    -6.31   13.60
 119329.844    99.714    -8.81   11.57
 119619.304    99.767     0.18    9.58
 119908.765   100.781     3.50    9.72
 120198.003   103.064     7.89    9.17
 120487.081   103.107     0.15    8.75
 120776.161   105.055     6.74    9.15
 121065.243   107.408     8.14    8.28
 121354.326   108.647     4.29    8.42
 121643.412   109.089     1.53    9.02
 121932.499   109.322     0.81    9.74
 122221.588   111.891     8.89   10.02
 122510.679   114.920    10.48    9.39
 122799.771   117.481     8.86    9.32
 123088.865   119.497     6.98    9.59
 123377.962   120.281     2.71    9.48
 123667.060   118.753    -5.28   11.01
 123956.159   116.884    -6.46   12.59
 124245.261   112.597   -14.83   13.27
 124534.364   108.753   -13.30   12.71
 124823.469   104.764   -13.80   11.13
 125112.576   102.839    -6.66    9.41
 125401.685    99.357   -12.05   10.06
 125690.796    98.615    -2.56    9.67
 125979.908    98.891     0.95    9.46
 126269.022    98.745    -0.51    9.93
 126558.138    99.770     3.55   10.36
 126847.256   101.920     7.43   11.26
 127136.376   104.188     7.85   10.80
 127425.497   105.381     4.13    9.72
 127714.621   106.226     2.92    8.19
 128003.746   104.615    -5.57    9.47
 128292.873   100.208   -15.24   11.60
 128582.002    98.265    -6.72   11.26
 128871.132    96.167    -7.26   11.32
 129160.265    96.615     1.55   11.73
 129449.399    97.814     4.15   12.82
 129738.535   100.452     9.12   14.90
 130027.673   103.512    10.58   16.03
 130316.813   107.014    12.11   16.85
 130605.955   110.142    10.82   14.54
 130895.098   114.097    13.68   14.56
 131184.243   114.750     2.26   14.37
 131473.390   116.098     4.66   13.36
 131762.539   115.513    -2.02   13.30
 132051.690   117.447     6.69   13.30
 132340.843   119.581     7.38   13.76
 132629.997   124.874    18.31   14.55
 132919.154   131.964    24.52   15.12
 133208.312   137.031    17.52   12.01
 133497.472   139.721     9.30   10.21
 133786.634   140.038     1.10    9.95
 134075.798   138.184    -6.41   11.07
 134364.963   134.381   -13.15   12.42
 134654.131   130.004   -15.13   11.99
 134943.300   126.253   -12.97   10.38
 135232.471   123.701    -8.82    8.91
 135521.644   121.991    -5.91    9.10
 135810.819   121.481    -1.77    8.98
 136099.996   119.264    -7.67   10.63
 136389.174   119.031    -0.81   10.52
 136678.355   120.443     4.88    9.23
 136967.537   120.884     1.53    8.22
 137256.721   118.897    -6.87    9.51
 137545.907   117.908    -3.42   10.27
 137835.095   116.914    -3.44   10.99
 138124.285   116.943     0.10   10.58
 138413.477   115.839    -3.82   10.96
 138702.670   115.805    -0.12   10.79
 138991.866   117.667     6.44   10.73
 139281.063   119.384     5.94   10.97
 139570.262   122.046     9.21   13.03
 139859.463   128.343    21.77   13.40
 140148.666   134.206    20.27   15.13
 140437.871   138.964    16.45   15.65
 140727.077   143.613    16.08   14.09
 141016.286   147.123    12.14   11.81
 141305.496   149.021     6.56    9.36
 141594.709   148.423    -2.07    9.95
 141883.923   143.736   -16.21   11.36
 142173.139   141.682    -7.10   10.06
 142462.357   141.114    -1.97    9.99
 142751.577   141.129     0.05    9.72
 143040.799   142.908     6.15    8.76
 143330.022   145.331     8.38    8.63
 143619.248   146.142     2.81    8.91
 143908.475   146.014    -0.44    9.83
 144197.704   146.835     2.84   10.55
 144486.936   148.357     5.26   11.30
 144776.169   151.632    11.32   13.06
 145065.404   154.852    11.13   13.67
 145354.641   158.214    11.62   13.19
 145643.879   161.615    11.76   11.79
 145933.120   162.056     1.53   12.12
 146222.363   160.047    -6.94   12.99
 146511.607   157.353    -9.32   14.23
 146800.854   153.089   -14.74   15.46
 147090.102   149.477   -12.49   14.91
 147379.352   148.097    -4.77   13.72
 147668.605   147.326    -2.67   12.61
 147957.859   145.293    -7.03   11.61
 148247.115   144.115    -4.07   11.48
 148536.372   144.384     0.93   10.42
 148825.632   146.513     7.36   12.05
 149114.894   147.021     1.76   11.68
 149404.158   148.089     3.69   11.22
 149693.423   147.046    -3.60   11.24
 149982.691   147.002    -0.15   11.36
 150271.960   147.931     3.21   11.64
 150561.232   146.477    -5.02   11.52
 150850.505   143.581   -10.01   12.19
 151139.780   141.236    -8.11   13.23
 151429.057   137.753   -12.04   15.81
 151718.336   138.288     1.85   16.07
 152007.617   136.667    -5.60   16.39
 152296.900   134.122    -8.80   15.54
 152586.185   132.443    -5.80   15.49
 152875.472   133.970     5.28   14.98
 153164.760   134.438     1.62   13.81
 153454.051   134.801     1.26   14.02
 153743.344   135.919     3.87   12.79
 154032.638   137.309     4.81   12.13
 154321.935   140.886    12.36   10.89
 154611.233   141.546     2.28   11.80
 154900.533   143.822     7.87   11.34
 155189.836   146.314     8.61   12.14
 155479.140   147.014     2.42   12.29
 155768.446   148.065     3.63   13.27
 156057.754   147.634    -1.49   13.70
 156347.064   146.814    -2.84   14.10
 156636.376   146.809    -0.02   13.55
 156925.690   146.597    -0.73   13.10
 157215.006   148.089     5.16   13.14
 157504.324   149.004     3.16   12.61
 157793.644   150.937     6.68   12.72
 158082.966   154.651    12.84   11.63
 158372.290   155.464     2.81   10.59
 158661.615   155.954     1.69   10.05
 158950.943   157.581     5.62   10.34
 159240.273   159.564     6.85   11.11
 159529.604   163.509    13.64   13.02
 159818.938   168.072    15.77   12.66
 160108.273   171.822    12.96   12.02
 160397.611   175.712    13.44   10.86
 160686.950   177.699     6.87   10.25
 160976.292   178.089     1.35    9.96
 161265.635   177.839    -0.86   10.08
 161554.981   175.142    -9.32   13.08
 161844.328   173.914    -4.24   15.31
 162133.677   172.547    -4.73   16.22
 162423.029   170.452    -7.24   16.05
 162712.382   167.943    -8.67   16.46
 163001.737   165.563    -8.22   17.02
 163291.094   164.974    -2.04   16.30
 163580.454   161.360   -12.49   16.42
 163869.815   160.114    -4.31   14.68
 164159.178   157.633    -8.57   16.18
 164448.543   156.063    -5.43   15.91
 164737.910   155.038    -3.54   16.08
 165027.280   152.908    -7.36   16.30
 165316.651   150.663    -7.76   16.50
 165606.024   151.167     1.74   17.12
 165895.399   150.581    -2.03   16.51
 166184.776   148.599    -6.85   17.25
 166474.155   145.293   -11.42   18.24
 166763.536   146.565     4.40   20.02
 167052.920   147.157     2.05   18.11
 167342.305   145.931    -4.24   17.39
 167631.692   145.408    -1.81   17.74
 167921.081   148.428    10.44   18.82
 168210.472   147.581    -2.93   18.63
 168499.865   149.293     5.92   19.56
 168789.260   145.335   -13.68   21.41
 169078.657   142.879    -8.49   21.76
 169368.057   142.681    -0.69   23.31
 169657.458   140.861    -6.29   21.95
 169946.861   140.613    -0.86   23.18
 170236.266   143.747    10.83   22.68
 170525.673   142.797    -3.28   23.87
 170815.082   140.822    -6.83   22.98
 171104.494   140.160    -2.29   21.75
 171393.907   141.214     3.64   20.32
 171683.322   140.818    -1.37   22.73
 171972.739   137.777   -10.51   22.04
 172262.159   135.714    -7.13   21.80
 172551.580   134.438    -4.41   22.42
 172841.003   130.547   -13.44   21.82
 173130.429   127.460   -10.67   22.12
 173419.856   124.581    -9.95   20.97
 173709.285   123.046    -5.30   21.43
 173998.717   125.512     8.52   22.26
 174288.150   127.012     5.18   21.81
 174577.586   128.512     5.18   19.59
 174867.023   132.335    13.21   18.81
 175156.463   133.857     5.26   17.38
 175445.905   136.297     8.43   14.88
 175735.348   133.357   -10.16   14.63
 176024.794   130.089   -11.29   16.42
 176314.242   129.974    -0.40   17.12
 176603.691   130.781     2.79   19.06
 176893.143   132.105     4.58   20.94
 177182.597   134.440     8.07   19.31
 177472.053   139.443    17.28   21.13
 177761.511   140.920     5.10   21.62
 178050.971   137.897   -10.44   21.50
 178340.433   137.397    -1.73   21.78
 178629.897   135.046    -8.12   19.89
 178919.363   132.835    -7.64   17.87
 179208.831   133.317     1.67   19.03
 179498.301   131.647    -5.77   23.19
 179787.774   126.931   -16.29   23.90
 180077.248   119.960   -24.08   18.22
 180366.724   111.970   -27.60   16.84
 180656.203   111.364    -2.10   17.43
 180945.683   113.781     8.35   23.56
 181235.166   120.701    23.91   32.75
 181524.650   125.581    16.86   34.72
 181814.137   124.881    -2.42   34.93
 182103.626   122.002    -9.95   34.46
 182392.977   115.481   -22.54   34.01
 182682.025   102.581   -44.63   21.90
 182971.075    97.794   -16.56   20.57
 183260.127    91.847   -20.57   20.97
 183549.180    86.719   -17.74   19.37
 183838.236    82.219   -15.57   19.50
 184127.294    80.188    -7.03   18.71
 184416.354    77.023   -10.95   18.94
 184705.417    76.064    -3.32   17.91
 184994.481    74.548    -5.25   14.13
 185283.547    73.339    -4.18   11.75
 185572.615    70.920    -8.37   10.74
 185861.686    69.247    -5.79    9.62
 186150.758    66.374    -9.94    9.18
 186439.833    64.089    -7.90    9.33
 186728.910    60.925   -10.94    9.54
 187017.988    55.150   -19.98   10.75
 187307.069    50.305   -16.76   11.51
 187596.152    46.977   -11.51   11.00
 187885.237    44.302    -9.25    9.59
 188174.324    42.408    -6.55    8.03
 188463.413    41.764    -2.23    8.53
 188752.504    41.884     0.42   10.05
 189041.598    43.699     6.28   13.04
 189330.693    43.274    -1.47   14.76
 189619.791    42.931    -1.19   15.77
 189908.890    42.794    -0.47   17.02
 190197.992    43.458     2.30   17.57
 190487.096    44.477     3.53   17.29
 190776.202    46.081     5.55   16.06
 191065.310    48.231     7.44   15.87
 191354.420    50.122     6.54   15.73
 191643.532    50.701     2.01   15.45
 191932.646    46.714   -13.79   17.91
 192221.763    45.686    -3.56   18.38
 192510.881    43.814    -6.47   17.90
 192800.002    40.801   -10.42   16.97
 193089.124    39.276    -5.28   16.14
 193378.249    34.847   -15.32   14.75
 193667.376    32.314    -8.76   14.46
 193956.505    33.164     2.94   15.16
 194245.636    31.632    -5.30   15.42
 194534.769    31.433    -0.69   14.54
 194823.905    31.614     0.63   14.48
 195113.042    31.616     0.01   14.38
 195402.182    32.055     1.52   13.79
 195691.324    31.339    -2.48   13.44
 195980.467    31.481     0.49   13.39
 196269.613    32.647     4.03   12.86
 196558.761    34.954     7.98   12.32
 196847.912    36.253     4.49   10.79
 197137.064    36.212    -0.14    8.67
 197426.218    35.892    -1.11    7.24
 197715.375    35.464    -1.48    7.06
 198004.534    35.532     0.24    7.14
 198293.694    33.632    -6.57    6.90
 198582.857    32.684    -3.28    6.51
 198872.022    31.481    -4.16    6.31
 199161.190    30.839    -2.22    6.62
 199450.359    31.745     3.13    7.11
 199739.531    33.270     5.28    6.97
 200028.704    34.391     3.88    6.91
 200317.880    35.063     2.33    6.50
 200607.058    35.797     2.54    5.83
 200896.238    35.031    -2.65    6.13
 201185.420    33.115    -6.62    8.33
 201474.604    27.264   -20.23   12.07
 201763.791    21.331   -20.52   13.16
 202052.980    16.650   -16.19   12.64
 202342.170    11.897   -16.43   10.20
 202631.363     8.377   -12.17    7.25
 202920.558     5.814    -8.86    3.67
 203209.755     5.313    -1.73    2.58
 203498.955     5.477     0.57    2.68
 203788.156     5.293    -0.64    2.46
 204077.360     4.914    -1.31    1.45
 204366.566     4.952     0.13    1.62
 204655.774     4.977     0.09    1.67
 204944.984     4.964    -0.05    1.65
 205234.196     5.054     0.31    1.68
 205523.411     6.745     5.84    6.53
 205812.628    11.747    17.30   14.52
 206101.846    16.004    14.72   17.19
 206391.067    23.920    27.37   20.11
 206680.290    30.045    21.18   19.61
 206969.516    37.447    25.59   18.86
 207258.743    45.667    28.42   18.45
 207547.973    49.761    14.16   20.65
 207837.205    53.847    14.13   21.36
 208126.439    57.440    12.42   21.21
 208415.675    60.719    11.33   18.76
 208704.913    62.960     7.75   15.67
 208994.154    63.281     1.11   13.90
 209283.396    63.615     1.15   13.19
 209572.641    62.214    -4.84   11.76
 209861.888    62.598     1.33   11.56
 210151.138    62.384    -0.74   13.36
 210440.389    64.347     6.79   16.24
 210729.643    65.481     3.92   17.05
 211018.899    65.903     1.46   17.17
 211308.156    65.616    -0.99   17.14
 211597.417    64.012    -5.55   18.45
 211886.679    62.004    -6.94   19.44
 212175.944    57.667   -15.00   21.60
 212465.210    51.368   -21.78   25.10
 212754.479    43.891   -25.85   25.37
 213043.750    38.081   -20.09   24.64
 213333.024    35.357    -9.42   22.97
 213622.299    34.114    -4.30   19.49
 213911.577    35.351     4.28   18.11
 214200.857    39.736    15.16   16.67
 214490.139    46.847    24.58   17.03
 214779.423    50.045    11.05   16.79
 215068.710    53.339    11.39   15.30
 215357.999    51.695    -5.68   15.92
 215647.290    53.431     6.00   16.82
 215936.583    56.646    11.12   18.67
 216225.878    60.116    12.00   19.79
 216515.176    61.869     6.06   20.02
 216804.476    65.305    11.88   19.13
 217093.778    63.548    -6.07   19.84
 217383.082    60.712    -9.81   20.68
 217672.388    57.954    -9.53   22.25
 217961.697    52.886   -17.52   21.57
 218251.008    48.777   -14.20   20.21
 218540.321    46.253    -8.73   18.64
 218829.636    48.614     8.16   21.51
 219118.954    54.499    20.34   23.12
 219408.274    61.132    22.93   21.78
 219697.596    64.152    10.44   19.86
 219986.920    65.414     4.36   19.10
 220276.246    60.115   -18.32   18.00
 220565.575    55.974   -14.31   16.93
 220854.906    51.947   -13.92   13.68
 221144.239    49.012   -10.15   12.54
 221433.574    48.857    -0.54   13.13
 221722.912    45.667   -11.02   12.75
 222012.252    44.613    -3.64   13.22
 222301.594    42.736    -6.49   12.10
 222590.938    42.970     0.81   12.25
 222880.285    44.839     6.46   13.88
 223169.634    46.616     6.14   15.04
 223458.985    49.903    11.36   14.61
 223748.338    51.164     4.36   13.83
 224037.693    51.663     1.72   16.25
 224327.051    54.388     9.42   18.76
 224616.411    52.615    -6.13   18.67
 224905.773    53.174     1.93   19.18
 225195.138    53.767     2.05   19.07
 225484.505    54.181     1.43   19.65
 225773.874    51.615    -8.87   17.30
 226063.245    53.174     5.39   14.35
 226352.619    53.089    -0.29   13.78
 226641.994    54.847     6.07   16.28
 226931.372    54.712    -0.47   16.71
 227220.753    53.150    -5.40   15.00
 227510.135    53.276     0.44   13.33
 227799.520    50.598    -9.25   11.12
 228088.907    48.797    -6.22   10.98
 228378.297    48.801     0.01   11.19
 228667.688    49.914     3.85   11.38
 228957.082    51.548     5.65   12.86
 229246.478    54.072     8.72   13.70
 229535.877    58.114    13.97   15.06
 229825.277    63.098    17.22   16.49
 230114.680    65.384     7.90   16.33
 230404.085    66.947     5.40   17.71
 230693.493    70.529    12.38   18.23
 230982.903    73.546    10.43   18.93
 231272.315    72.045    -5.19   18.65
 231561.729    69.810    -7.72   18.51
 231851.146    68.970    -2.90   17.78
 232140.565    67.181    -6.18   15.53
 232429.986    66.925    -0.88   14.02
 232719.409    67.545     2.14   13.89
 233008.835    70.397     9.86   15.19
 233298.263    73.288     9.99   15.41
 233587.693    75.797     8.67   15.12
 233877.126    79.293    12.08   15.00
 234166.561    81.667     8.20   13.32
 234455.998    81.684     0.06   12.70
 234745.438    80.322    -4.71   11.96
 235034.879    79.990    -1.15   11.83
 235324.324    78.529    -5.05   12.39
 235613.770    75.598   -10.13   11.25
 235903.219    74.353    -4.30   11.45
 236192.670    74.123    -0.79   11.41
 236482.123    74.629     1.75   11.47
 236771.578    75.954     4.58   11.72
 237061.036    74.750    -4.16   10.77
 237350.496    75.247     1.72   13.50
 237639.959    80.684    18.78   22.67
 237929.424    89.208    29.45   30.77
 238218.891    95.864    23.00   36.85
 238508.360   103.129    25.10   42.24
 238797.832   108.527    18.65   44.08
 239087.306   119.597    38.24   44.79
 239376.782   125.721    21.16   39.99
 239666.261   131.761    20.87   36.54
 239955.742   136.276    15.60   31.53
 240245.225   145.477    31.79   29.16
 240534.711   155.276    33.85   23.66
 240824.199   162.633    25.42   26.10
 241113.689   167.397    16.46   27.27
 241403.182   173.598    21.42   27.64
 241692.677   182.531    30.86   29.11
 241982.174   192.997    36.15   34.50
 242271.673   207.599    50.44   42.78
 242561.175   226.920    66.74   49.11
 242850.680   249.874    79.29   54.00
 243140.186   264.089    49.10   46.55
 243429.695   268.699    15.93   43.16
 243719.206   266.699    -6.91   43.57
 244008.720   263.770   -10.12   40.14
 244298.236   264.072     1.04   36.24
 244587.732   262.646    -4.92   33.44
 244876.749   260.394    -7.79   30.77
 245165.768   255.499   -16.94   35.47
 245454.790   255.667     0.58   36.79
 245743.814   248.736   -23.98   36.83
 246032.840   246.728    -6.95   34.88
 246321.868   243.784   -10.19   30.49
 246610.899   243.947     0.56   27.86
 246899.933   242.072    -6.49   28.07
 247188.968   238.701   -11.66   34.01
 247478.006   233.564   -17.78   38.11
 247767.046   217.598   -55.24   50.31
 248056.089   195.499   -76.46   60.69
 248345.134   167.425   -97.13   61.57
 248634.181   138.208  -101.09   52.49
 248923.230   119.849   -63.52   44.43
 249212.282   105.564   -49.42   33.78
 249501.337    94.452   -38.45   14.04
 249790.393    91.682    -9.58    8.68
 250079.452    91.381    -1.04    9.88
 250368.514    91.072    -1.07   10.07
 250657.577    92.242     4.05   10.82
 250946.643    94.428     7.56   10.67
 251235.712    94.987     1.93   10.96
 251524.783    94.065    -3.19   11.52
 251813.856    91.493    -8.90   13.51
 252102.931    87.364   -14.28   16.32
 252392.009    81.456   -20.44   18.08
 252681.089    77.355   -14.19   16.52
 252970.172    73.131   -14.61   13.55
 253259.257    70.997    -7.38   11.00
 253548.344    70.736    -0.90   10.39
 253837.434    73.788    10.56   12.34
 254126.526    77.038    11.25   14.51
 254415.620    79.546     8.68   16.67
 254704.717    82.468    10.11   18.96
 254993.816    84.264     6.21   20.65
 255282.918    85.984     5.95   19.14
 255572.022    87.818     6.34   18.47
 255861.128    88.201     1.33   16.63
 256150.237    90.040     6.36   17.21
 256439.348    93.684    12.61   17.65
 256728.461    97.857    14.43   16.46
 257017.577    99.960     7.28   15.29
 257306.696   102.300     8.09   12.04
 257595.816   103.794     5.17    9.69
 257884.939   107.314    12.18   15.67
 258174.065   121.646    49.57   43.05
 258463.192   141.756    69.56   63.72
 258752.322   166.425    85.33   73.79
 259041.455   186.276    68.66   70.19
 259330.590   199.496    45.73   61.54
 259619.727   208.564    31.36   50.66
 259908.867   201.925   -22.96   52.32
 260198.009   181.443   -70.84   46.83
 260487.154   168.115   -46.10   37.67
 260776.301   156.417   -40.46   34.19
 261065.450   146.040   -35.89   31.01
 261354.602   139.167   -23.77   28.29
 261643.756   136.191   -10.29   28.06
 261932.913   129.879   -21.83   27.07
 262222.072   127.496    -8.24   21.49
 262511.233   128.681     4.10   18.76
 262800.397   129.997     4.55   18.69
 263089.563   139.794    33.88   32.69
 263378.732   155.089    52.90   45.87
 263667.903   163.397    28.73   45.10
 263957.076   169.391    20.73   43.73
 264246.252   173.335    13.64   43.52
 264535.430   186.450    45.35   44.66
 264824.611   193.852    25.60   44.38
 265113.794   194.477     2.16   42.55
 265402.980   198.420    13.63   40.31
 265692.167   206.122    26.63   38.32
 265981.358   217.281    38.59   36.29
 266270.551   223.647    22.02   35.01
 266559.746   226.167     8.71   31.44
 266848.944   226.331     0.57   28.59
 267138.144   228.897     8.88   30.78
 267427.346   232.494    12.44   33.40
 267716.551   239.314    23.58   38.76
 268005.759   250.343    38.14   44.28
 268294.968   262.719    42.79   45.79
 268584.181   272.236    32.91   45.17
 268873.395   274.650     8.35   44.11
 269162.612   275.417     2.65   43.28
 269451.832   273.839    -5.45   40.99
 269741.054   269.881   -13.69   38.39
 270030.278   262.977   -23.87   34.13
 270319.505   255.886   -24.52   30.48
 270608.735   247.097   -30.39   30.66
 270897.967   244.397    -9.33   29.80
 271187.201   248.236    13.27   30.92
 271476.437   245.528    -9.36   27.29
 271765.677   242.529   -10.37   23.47
 272054.918   243.682     3.99   24.84
 272344.162   247.647    13.71   25.35
 272633.409   250.368     9.40   24.03
 272922.658   250.563     0.68   23.72
 273211.909   242.714   -27.14   12.95
 273501.163   244.774     7.12   15.81
 273790.419   247.081     7.98   16.14
 274079.678   255.954    30.68   22.14
 274368.939   260.529    15.82   23.18
 274658.203   275.394    51.39   31.71
 274947.469   292.497    59.13   41.11
 275236.738   306.931    49.90   42.57
 275526.009   315.408    29.31   40.91
 275815.282   320.064    16.10   37.15
 276104.559   328.031    27.54   29.93
 276393.837   335.546    25.98   27.41
 276683.118   335.937     1.35   28.71
 276972.401   337.443     5.21   28.97
 277261.687   340.147     9.35   27.25
 277550.976   343.181    10.49   25.73
 277840.267   346.309    10.82   25.60
 278129.560   347.563     4.33   24.64
 278418.856   345.142    -8.37   23.85
 278708.154   345.236     0.33   22.48
 278997.455   350.264    17.38   23.25
 279286.758   356.335    20.99   24.89
 279576.064   361.004    16.14   26.19
 279865.372   358.753    -7.78   25.21
 280154.683   355.647   -10.74   26.74
 280443.996   350.822   -16.68   35.93
 280733.312   340.302   -36.36   45.71
 281022.630   324.167   -55.77   53.31
 281311.951   300.615   -81.41   53.12
 281601.274   286.339   -49.34   51.68
 281890.600   269.647   -57.70   43.83
 282179.928   261.197   -29.21   34.64
 282469.259   256.081   -17.69   29.77
 282758.592   261.364    18.26   40.59
 283047.928   265.991    15.99   44.10
 283337.266   267.650     5.73   43.69
 283626.607   266.646    -3.47   42.13
 283915.950   263.852    -9.66   34.15
 284205.296   257.531   -21.84   26.86
 284494.644   252.545   -17.23   20.50
 284783.995   250.852    -5.85   18.01
 285073.348   251.140     1.00   18.72
 285362.704   252.827     5.83   22.43
 285652.062   253.387     1.94   22.62
 285941.423   249.686   -12.79   22.49
 286230.786   247.031    -9.18   21.66
 286520.152   243.331   -12.79   17.60
 286809.520   237.903   -18.76   14.22
 287098.891   233.818   -14.12   11.64
 287388.264   234.302     1.67   12.76
 287677.640   234.357     0.19   12.64
 287967.019   234.002    -1.23   13.00
 288256.400   233.431    -1.97   13.15
 288545.783   234.667     4.27   13.46
 288835.169   235.794     3.89   12.69
 289124.558   233.174    -9.05   13.92
 289413.949   228.288   -16.89   13.51
 289703.342   223.650   -16.03   14.02
 289992.738   217.960   -19.66   14.63
 290282.137   213.597   -15.08   14.60
 290571.538   208.167   -18.76   12.35
 290860.942   204.564   -12.45   10.58
 291150.348   203.063    -5.18   10.71
 291439.757   203.581     1.79   10.61
 291729.168   204.532     3.29   10.88
 292018.582   207.114     8.92   10.66
 292307.999   209.941     9.77   10.70
 292597.418   212.458     8.70   12.11
 292886.839   214.098     5.67   11.65
 293176.263   215.021     3.19   11.78
 293465.690   216.801     6.15   11.04
 293755.119   218.564     6.09   11.06
 294044.551   221.908    11.56   14.70
 294333.985   224.496     8.94   16.20
 294623.422   224.896     1.38   17.04
 294912.861   227.460     8.86   17.59
 295202.303   231.869    15.23   21.15
 295491.747   236.856    17.23   20.78
