-147958.877   120.776     0.00   14.24
-147669.678   121.409     2.19   16.26
-147380.477   119.972    -4.97   17.13
-147091.276   119.194    -2.69   17.93
-146802.074   116.452    -9.48   20.44
-146512.870   112.647   -13.16   24.14
-146223.666   106.486   -21.31   26.39
-145934.460   101.556   -17.05   27.85
-145645.254    94.090   -25.81   27.92
-145356.047    90.409   -12.73   27.98
-145066.838    83.902   -22.50   26.39
-144777.628    76.436   -25.82   26.44
-144488.418    73.021   -11.81   27.77
-144199.206    63.636   -32.45   24.72
-143909.994    56.303   -25.35   17.52
-143620.780    56.732     1.48   17.55
-143331.565    60.686    13.67   21.77
-143042.350    64.869    14.46   24.45
-142753.133    72.186    25.30   25.79
-142463.915    77.461    18.24   24.20
-142174.696    82.596    17.76   23.56
-141885.476    81.814    -2.70   23.28
-141596.255    82.252     1.51   21.34
-141307.033    82.625     1.29   19.75
-141017.810    88.794    21.33   17.36
-140728.586    93.236    15.36   16.84
-140439.361    95.202     6.80   17.18
-140150.135    98.839    12.58   16.22
-139860.908   103.019    14.45   12.56
-139571.680   104.986     6.80   10.78
-139282.450   105.521     1.85   11.02
-138993.220   105.021    -1.73   11.17
-138703.988   103.020    -6.92   10.57
-138414.756    99.444   -12.36    9.88
-138125.522    97.033    -8.34   10.43
-137836.288    96.054    -3.38    9.86
-137547.052    96.185     0.45    9.36
-137257.815    96.715     1.83    9.46
-136968.578    97.263     1.89    9.36
-136679.339   100.297    10.49   10.14
-136390.099   102.573     7.87   10.06
-136100.858   104.608     7.03    9.66
-135811.616   104.935     1.13   10.54
-135522.373   104.728    -0.72   10.74
-135233.128   104.052    -2.34   10.90
-134943.883   102.504    -5.35   10.77
-134654.637   101.586    -3.18    9.87
-134365.389   102.988     4.85    8.91
-134076.141   105.521     8.76   10.37
-133786.891   109.302    13.07   12.35
-133497.641   112.342    10.51   12.08
-133208.389   115.478    10.84   11.27
-132919.136   116.756     4.42   11.36
-132629.882   116.263    -1.71   12.67
-132340.627   113.274   -10.33   14.27
-132051.371   108.495   -16.52   13.85
-131762.114   103.536   -17.14   10.59
-131472.856   100.970    -8.87    8.16
-131183.597    99.579    -4.81    8.45
-130894.336    97.637    -6.72    8.00
-130605.075    96.319    -4.55    8.14
-130315.812    94.477    -6.37    7.77
-130026.548    92.590    -6.52    8.06
-129737.284    89.919    -9.23    8.51
-129448.018    87.539    -8.23    7.89
-129158.751    85.156    -8.24    7.52
-128869.483    83.647    -5.21    6.75
-128580.214    83.749     0.35    6.68
-128290.943    85.018     4.39    8.27
-128001.672    87.251     7.72    9.21
-127712.399    89.952     9.34    9.61
-127423.126    92.539     8.94    9.10
-127133.851    94.307     6.11    8.77
-126844.575    95.236     3.21    8.29
-126555.298    96.402     4.03    7.64
-126266.020    98.728     8.04    7.74
-125976.741   101.202     8.55    8.03
-125687.461   102.302     3.80    7.75
-125398.180   101.579    -2.50    8.79
-125108.897   101.477    -0.35   10.16
-124819.614   100.073    -4.85   11.03
-124530.329    97.774    -7.95   12.43
-124241.043    96.269    -5.20   13.00
-123951.756    92.349   -13.55   10.81
-123662.468    91.702    -2.23   10.97
-123373.179    91.619    -0.29   11.34
-123083.889    90.245    -4.75   10.51
-122794.597    89.539    -2.44    9.93
-122505.305    90.797     4.35   11.65
-122216.011    91.493     2.41   13.67
-121926.716    91.659     0.57   15.12
-121637.420    91.376    -0.98   15.34
-121348.123    90.608    -2.66   17.16
-121058.825    90.777     0.59   18.22
-120769.525    92.307     5.29   18.66
-120480.225    93.586     4.42   17.00
-120190.923    91.719    -6.45   17.33
-119901.621    88.935    -9.62   19.01
-119612.317    84.780   -14.36   20.34
-119323.012    78.269   -22.51   22.33
-119033.705    70.851   -25.64   20.35
-118744.398    64.552   -21.77   13.52
-118455.090    63.280    -4.40   10.54
-118165.780    65.108     6.32   13.21
-117876.469    71.286    21.35   18.94
-117587.157    80.715    32.59   23.44
-117297.844    91.552    37.46   22.99
-117008.530   101.004    32.67   21.47
-116719.215   108.797    26.94   17.60
-116429.898   113.720    17.02   15.64
-116140.581   113.325    -1.37   16.21
-115851.262   109.586   -12.93   18.57
-115561.942   106.002   -12.39   19.50
-115272.621   100.870   -17.74   19.48
-114983.298    95.667   -17.99   19.10
-114693.975    89.054   -22.86   18.02
-114404.650    82.263   -23.47   12.87
-114115.324    80.236    -7.01   11.45
-113825.997    76.395   -13.27   10.77
-113536.669    75.694    -2.42   11.86
-113247.340    75.886     0.66   13.74
-112958.010    77.863     6.83   18.36
-112668.678    81.243    11.68   20.03
-112379.345    87.156    20.44   24.33
-112090.011    92.647    18.98   25.02
-111800.676    98.039    18.63   22.74
-111511.340   100.163     7.34   20.40
-111222.002    99.512    -2.25   18.68
-110932.664    99.573     0.21   17.26
-110643.324    97.807    -6.10   15.25
-110353.983    97.088    -2.49   11.37
-110064.641    98.381     4.47   12.42
-109775.297    98.732     1.21   13.53
-109485.953    98.573    -0.55   12.12
-109196.607    99.264     2.39   12.87
-108907.260   100.090     2.86   12.41
-108617.912   100.832     2.56   12.46
-108328.562   100.401    -1.49   11.48
-108039.212   100.677     0.95   10.06
-107749.860    99.769    -3.14    9.57
-107460.507    99.173    -2.06    9.64
-107171.153    98.569    -2.09   10.13
-106881.798    98.185    -1.33   11.53
-106592.441    97.642    -1.87   11.45
-106303.084    98.469     2.86   10.84
-106013.725   100.478     6.94   12.23
-105724.365   103.715    11.19   14.91
-105435.003   106.970    11.25   15.76
-105145.641   107.625     2.26   14.68
-104856.277   107.698     0.25   13.85
-104566.912   104.698   -10.37   14.30
-104277.546   101.036   -12.66   13.01
-103988.179    97.590   -11.91   11.70
-103698.810    94.071   -12.16    8.98
-103409.441    93.672    -1.38    9.30
-103120.070    95.274     5.54   10.66
-102830.698    97.247     6.82   10.65
-102541.324    97.427     0.62    9.60
-102251.950    96.502    -3.20    9.54
-101962.574    96.245    -0.89   10.16
-101673.197    95.359    -3.06   10.69
-101383.819    93.512    -6.38    9.59
-101094.439    92.952    -1.93    9.28
-100805.058    94.854     6.57   11.47
-100515.677    98.812    13.68   11.13
-100226.293   100.369     5.38   11.14
 -99936.909   100.297    -0.25   11.51
 -99647.524    98.646    -5.71   12.27
 -99358.137    96.369    -7.87   12.37
 -99068.749    94.802    -5.41   13.48
 -98779.359    91.108   -12.77   14.62
 -98489.969    87.667   -11.89   14.35
 -98200.577    85.952    -5.92   15.60
 -97911.184    85.224    -2.52   14.84
 -97621.790    84.772    -1.56   15.47
 -97332.395    82.211    -8.85   16.31
 -97042.998    83.363     3.98   16.55
 -96753.600    83.386     0.08   14.78
 -96464.201    86.814    11.85   14.30
 -96174.800    89.536     9.40   14.83
 -95885.399    94.088    15.73   18.27
 -95596.172   105.159    38.28   19.60
 -95307.039   111.280    21.17   19.94
 -95017.904   116.056    16.52   18.10
 -94728.769   118.297     7.75   16.48
 -94439.632   116.797    -5.19   16.81
 -94150.493   112.461   -15.00   19.63
 -93861.354   107.728   -16.37   20.09
 -93572.213   102.125   -19.38   19.52
 -93283.071    98.775   -11.59   18.09
 -92993.928    94.436   -15.01   16.11
 -92704.783    91.452   -10.32   14.76
 -92415.637    90.268    -4.10   15.33
 -92126.490    88.263    -6.94   16.71
 -91837.342    85.552    -9.37   17.80
 -91548.192    81.332   -14.60   17.07
 -91259.042    79.019    -8.00   17.51
 -90969.889    75.625   -11.74   16.38
 -90680.736    72.142   -12.04   15.03
 -90391.581    69.917    -7.69   13.81
 -90102.426    69.086    -2.88   13.03
 -89813.268    69.536     1.56   12.40
 -89524.110    73.832    14.86   15.14
 -89234.950    80.800    24.10   18.97
 -88945.789    90.542    33.69   21.26
 -88656.627    97.608    24.44   20.87
 -88367.464   105.715    28.04   18.15
 -88078.299   106.769     3.64   18.15
 -87789.133   107.215     1.54   17.96
 -87499.965   105.685    -5.29   19.26
 -87210.797   105.020    -2.30   19.07
 -86921.627   106.142     3.88   18.88
 -86632.456   105.052    -3.77   18.46
 -86343.283   106.018     3.34   18.18
 -86054.109   109.274    11.26   16.61
 -85764.934   110.800     5.28   16.84
 -85475.758   109.756    -3.61   16.50
 -85186.580   106.477   -11.34   18.03
 -84897.402   105.986    -1.70   17.16
 -84608.221   104.836    -3.98   17.65
 -84319.040   103.004    -6.33   18.72
 -84029.857   102.524    -1.66   18.81
 -83740.673   102.732     0.72   18.75
 -83451.488   105.711    10.30   16.67
 -83162.301   105.969     0.89   16.03
 -82873.113   105.257    -2.46   15.90
 -82583.924   101.444   -13.19   18.34
 -82294.733   100.728    -2.47   17.94
 -82005.541    99.797    -3.22   18.60
 -81716.348    97.608    -7.57   18.50
 -81427.154    94.297   -11.45   17.85
 -81137.958    90.495   -13.15   18.61
 -80848.761    87.642    -9.86   19.08
 -80559.562    85.131    -8.68   18.66
 -80270.363    81.936   -11.05   18.55
 -79981.162    77.352   -15.85   18.27
 -79691.959    73.051   -14.87   18.29
 -79402.756    68.216   -16.72   17.84
 -79113.551    64.935   -11.34   18.44
 -78824.344    63.469    -5.07   17.86
 -78535.137    59.410   -14.03   16.45
 -78245.928    55.280   -14.28   15.41
 -77956.718    50.228   -17.47   12.87
 -77667.506    46.573   -12.64    9.71
 -77378.293    45.642    -3.22    9.34
 -77089.079    45.986     1.19    9.68
 -76799.864    48.886    10.03   13.31
 -76510.647    52.780    13.46   15.38
 -76221.429    59.902    24.62   17.39
 -75932.209    65.792    20.37   18.03
 -75642.988    72.952    24.76   18.11
 -75353.766    79.259    21.80   19.35
 -75064.543    84.563    18.34   18.95
 -74775.318    90.069    19.04   19.42
 -74486.092    95.149    17.56   17.51
 -74196.864    99.647    15.55   15.50
 -73907.635   101.452     6.24   15.46
 -73618.405   101.252    -0.69   15.90
 -73329.174   102.065     2.81   14.59
 -73039.941   100.637    -4.94   15.94
 -72750.707    95.869   -16.48   18.00
 -72461.471    90.970   -16.94   19.27
 -72172.234    88.162    -9.71   18.61
 -71882.996    84.190   -13.73   18.90
 -71593.756    81.219   -10.27   19.09
 -71304.515    78.487    -9.45   19.02
 -71015.273    75.590   -10.01   19.97
 -70726.029    69.241   -21.95   20.69
 -70436.784    61.613   -26.37   18.79
 -70147.538    56.630   -17.23   15.31
 -69858.290    54.003    -9.08   12.05
 -69569.041    52.952    -3.63   11.15
 -69279.791    55.054     7.27   14.07
 -68990.539    60.297    18.13   16.69
 -68701.286    65.969    19.61   18.59
 -68412.032    71.866    20.39   19.73
 -68122.776    76.590    16.33   18.47
 -67833.518    78.504     6.62   17.92
 -67544.260    81.689    11.01   17.13
 -67255.000    84.069     8.23   15.98
 -66965.739    84.308     0.83   15.83
 -66676.476    83.461    -2.93   15.67
 -66387.212    82.163    -4.49   15.71
 -66097.946    81.918    -0.85   15.98
 -65808.680    77.065   -16.78   16.99
 -65519.411    70.630   -22.25   16.55
 -65230.142    64.269   -21.99   13.09
 -64940.871    59.233   -17.41    9.92
 -64651.599    55.039   -14.50    8.15
 -64362.325    53.901    -3.93    8.25
 -64073.050    53.194    -2.44    8.20
 -63783.773    52.625    -1.97    8.47
 -63494.496    50.832    -6.20    9.70
 -63205.216    47.139   -12.77   11.02
 -62915.936    45.899    -4.29   11.81
 -62626.654    43.003   -10.01   12.11
 -62337.370    40.625    -8.22   11.71
 -62048.086    39.122    -5.19   12.61
 -61758.799    39.402     0.97   14.91
 -61469.512    38.814    -2.03   16.76
 -61180.223    39.694     3.04   18.21
 -60890.933    39.054    -2.21   18.61
 -60601.641    37.647    -4.86   18.62
 -60312.348    36.033    -5.58   17.30
 -60023.053    32.613   -11.82   15.49
 -59733.757    31.252    -4.70   13.57
 -59444.460    29.613    -5.67   12.53
 -59155.161    28.259    -4.68   13.34
 -58865.861    27.852    -1.40   14.45
 -58576.559    26.286    -5.42   14.26
 -58287.256    24.987    -4.49   14.80
 -57997.952    22.399    -8.95   13.62
 -57708.646    20.769    -5.63   12.70
 -57419.339    18.834    -6.69    9.94
 -57130.031    17.493    -4.63    7.29
 -56840.721    16.769    -2.50    6.97
 -56551.409    15.631    -3.93    6.75
 -56262.096    14.986    -2.23    6.88
 -55972.782    13.435    -5.36    6.06
 -55683.466    12.552    -3.05    5.88
 -55394.149    12.376    -0.61    6.03
 -55104.831    11.573    -2.78    5.78
 -54815.511    10.970    -2.09    5.85
 -54526.189    10.470    -1.73    5.25
 -54236.867    10.247    -0.77    5.50
 -53947.542     9.986    -0.90    5.34
 -53658.217    10.834     2.93    6.88
 -53368.890    11.590     2.61    7.55
 -53079.561    12.566     3.37    8.28
 -52790.231    15.543    10.29   10.51
 -52500.900    19.052    12.13   13.16
 -52211.567    22.690    12.57   13.66
 -51922.233    26.882    14.49   13.28
 -51632.897    32.590    19.73   12.24
 -51343.560    37.436    16.75   10.69
 -51054.222    40.866    11.86   10.49
 -50764.882    43.936    10.61    9.91
 -50475.540    45.763     6.31    8.74
 -50186.197    45.970     0.72    8.30
 -49896.853    43.060   -10.06   10.88
 -49607.507    38.852   -14.54   12.76
 -49318.160    36.952    -6.57   12.70
 -49028.812    35.763    -4.11   11.76
 -48739.461    35.817     0.19   12.40
 -48450.110    38.542     9.42   13.62
 -48160.757    41.521    10.30   14.21
 -47871.403    46.274    16.43   12.34
 -47582.047    50.102    13.23    9.80
 -47292.689    52.575     8.55    7.78
 -47003.331    54.363     6.18    8.90
 -46713.970    56.342     6.84   10.13
 -46424.609    58.452     7.29   12.27
 -46135.245    59.657     4.16   13.45
 -45845.881    62.329     9.23   13.60
 -45556.515    64.461     7.37   14.44
 -45267.147    64.969     1.76   14.94
 -44977.778    63.202    -6.11   13.96
 -44688.408    63.756     1.91   14.69
 -44399.036    63.802     0.16   14.28
 -44109.662    67.669    13.36   16.74
 -43820.287    73.401    19.81   18.04
 -43530.911    78.702    18.32   16.68
 -43241.533    81.783    10.65   15.98
 -42952.154    82.383     2.08   15.85
 -42662.773    82.051    -1.15   15.54
 -42373.391    79.817    -7.72   16.57
 -42084.007    74.145   -19.60   17.24
 -41794.622    68.711   -18.78   18.64
 -41505.235    63.452   -18.17   18.39
 -41215.847    58.575   -16.85   16.52
 -40926.457    53.125   -18.83   12.27
 -40637.066    51.546    -5.46    9.76
 -40347.673    52.677     3.91   10.74
 -40058.279    56.363    12.74   12.83
 -39768.883    61.362    17.27   15.30
 -39479.486    61.752     1.35   15.84
 -39190.088    61.100    -2.25   15.89
 -38900.688    61.724     2.16   16.08
 -38611.286    59.952    -6.12   15.82
 -38321.883    58.102    -6.39   14.94
 -38032.478    54.613   -12.06   15.62
 -37743.072    50.336   -14.78   12.38
 -37453.665    47.642    -9.31   10.32
 -37164.256    46.521    -3.87   10.06
 -36874.845    46.866     1.19   10.32
 -36585.433    48.037     4.05   10.17
 -36296.019    49.342     4.51    9.63
 -36006.604    53.435    14.14    9.41
 -35717.188    58.546    17.66   11.33
 -35427.770    62.952    15.23   14.21
 -35138.350    68.069    17.68   15.54
 -34848.929    72.952    16.87   15.12
 -34559.506    76.122    10.95   14.36
 -34270.082    79.819    12.77   12.28
 -33980.657    82.251     8.40   10.71
 -33691.229    79.596    -9.17   12.98
 -33401.925    79.245    -1.21   12.76
 -33112.820    79.088    -0.54   12.09
 -32823.714    78.100    -3.42   12.27
 -32534.606    75.531    -8.88   12.81
 -32245.497    71.002   -15.67   14.34
 -31956.386    65.381   -19.44   14.55
 -31667.274    61.823   -12.31   14.89
 -31378.160    57.036   -16.56   12.67
 -31089.045    53.257   -13.07    9.39
 -30799.928    50.280   -10.30    6.46
 -30510.810    50.797     1.79    6.34
 -30221.690    51.325     1.83    5.67
 -29932.569    51.173    -0.53    6.39
 -29643.446    49.920    -4.33    8.05
 -29354.322    48.173    -6.04    9.01
 -29065.196    47.113    -3.66    9.32
 -28776.068    45.969    -3.96    8.99
 -28486.939    45.866    -0.36    8.18
 -28197.809    45.854    -0.04    7.67
 -27908.677    46.849     3.44    7.56
 -27619.543    48.452     5.55    6.95
 -27330.408    47.883    -1.97    7.94
 -27041.271    47.849    -0.12    8.29
 -26752.133    48.136     0.99    8.40
 -26462.993    48.478     1.18    8.46
 -26173.852    49.186     2.45    7.87
 -25884.709    51.256     7.16    7.10
 -25595.564    53.711     8.49    7.23
 -25306.418    56.136     8.39    6.29
 -25017.271    57.512     4.76    5.58
 -24728.122    58.071     1.93    5.25
 -24438.971    57.792    -0.97    6.03
 -24149.819    57.090    -2.43    5.98
 -23860.665    55.732    -4.70    5.84
 -23571.510    54.173    -5.39    5.94
 -23282.353    53.136    -3.59    5.82
 -22993.195    52.401    -2.54    5.85
 -22704.035    51.851    -1.90    6.28
 -22414.873    50.794    -3.65    6.98
 -22125.710    49.308    -5.14    8.28
 -21836.546    48.084    -4.24    9.78
 -21547.379    47.461    -2.15    9.82
 -21258.212    46.002    -5.04   10.03
 -20969.042    44.917    -3.75    9.99
 -20679.871    44.359    -1.93    9.84
 -20390.699    46.056     5.87    7.32
 -20101.525    46.410     1.22    7.33
 -19812.349    45.743    -2.31    6.77
 -19523.172    44.794    -3.28    6.50
 -19233.993    44.419    -1.30    6.66
 -18944.813    42.435    -6.86    7.49
 -18655.631    38.581   -13.32   10.84
 -18366.447    32.369   -21.48   14.38
 -18077.262    26.569   -20.06   16.16
 -17788.076    20.935   -19.48   15.84
 -17498.887    17.900   -10.50   13.56
 -17209.698    16.274    -5.62   10.91
 -16920.506    17.952     5.80   11.66
 -16631.313    22.674    16.33   13.97
 -16342.119    28.969    21.77   14.37
 -16052.922    34.381    18.71   11.64
 -15763.725    38.393    13.87   10.28
 -15474.525    41.470    10.64    9.44
 -15185.324    42.821     4.67    8.41
 -14896.122    43.366     1.88    8.17
 -14606.918    44.521     3.99    7.00
 -14317.712    44.297    -0.78    7.04
 -14028.505    43.556    -2.56    7.63
 -13739.296    42.319    -4.28    8.32
 -13450.085    41.573    -2.58    8.38
 -13160.873    39.819    -6.06    9.00
 -12871.659    38.689    -3.91    9.14
 -12582.444    33.970   -16.32   12.14
 -12293.227    28.313   -19.56   13.88
 -12004.008    24.186   -14.27   13.71
 -11714.788    20.342   -13.29   12.13
 -11425.566    17.702    -9.13   10.17
 -11136.343    16.039    -5.75    7.80
 -10847.118    17.202     4.02    8.47
 -10557.891    18.241     3.59    8.73
 -10268.663    19.386     3.96    8.25
  -9979.433    19.177    -0.72    8.70
  -9690.202    16.766    -8.33    8.91
  -9400.969    14.321    -8.45    9.01
  -9111.734    11.819    -8.65    9.44
  -8822.498     8.870   -10.19    8.56
  -8533.260     6.125    -9.49    7.30
  -8244.020     3.619    -8.66    4.59
  -7954.779     3.004    -2.13    3.33
  -7665.536     2.851    -0.53    3.42
  -7376.292     2.596    -0.88    3.11
  -7087.046     2.156    -1.52    2.77
  -6797.798     1.887    -0.93    2.70
  -6508.549     1.198    -2.38    1.99
  -6219.298     0.802    -1.37    1.33
  -5930.045     0.918     0.40    1.35
  -5640.791     0.839    -0.27    1.36
  -5351.535     0.786    -0.19    1.33
  -5062.277     1.002     0.75    1.58
  -4773.018     1.056     0.18    1.63
  -4483.757     0.845    -0.73    1.29
  -4194.495     0.702    -0.49    1.16
  -3905.231     0.664    -0.13    0.98
  -3615.965     0.559    -0.36    0.88
  -3326.698     0.502    -0.20    0.87
  -3037.429     0.542     0.14    0.93
  -2748.158     0.902     1.25    1.38
  -2458.886     1.297     1.36    2.04
  -2169.612     1.602     1.05    2.22
  -1880.336     1.452    -0.52    2.18
  -1591.059     1.504     0.18    2.23
  -1301.780     1.159    -1.19    1.83
  -1012.500     0.625    -1.85    1.36
   -723.217     0.346    -0.96    1.02
   -433.933     0.090    -0.88    0.63
   -144.648    -0.048    -0.48    0.00
    144.639    -0.048     0.00    0.00
    433.928    -0.048     0.00    0.00
    723.219     1.461     5.21    5.23
   1012.511     4.586    10.80    8.43
   1301.805     7.102     8.70    9.20
   1591.100     9.865     9.55    9.20
   1880.397    12.108     7.75    8.41
   2169.696    13.241     3.92    7.55
   2458.997    13.088    -0.53    7.06
   2748.299    10.836    -7.79    7.27
   3037.603     9.142    -5.85    6.87
   3326.909     6.241   -10.03    5.39
   3616.216     4.514    -5.97    4.67
   3905.525     3.186    -4.59    3.98
   4194.835     2.329    -2.96    3.53
   4484.148     1.745    -2.02    3.07
   4773.461     1.352    -1.36    2.56
   5062.777     1.233    -0.41    2.39
   5352.094     1.444     0.73    2.58
   5641.413     1.935     1.70    3.00
   5930.734     1.886    -0.17    2.91
   6220.056     2.067     0.63    3.31
   6509.381     1.654    -1.43    3.22
   6798.706     2.236     2.01    3.51
   7088.034     1.814    -1.46    3.43
   7377.363     1.526    -1.00    3.46
   7666.694     1.702     0.61    3.52
   7956.026     2.902     4.14    4.58
   8245.360     4.401     5.18    4.98
   8534.696     4.792     1.35    5.36
   8824.034     4.886     0.33    5.88
   9113.373     5.119     0.81    5.94
   9402.714     4.902    -0.75    5.94
   9692.057     4.470    -1.50    5.57
   9981.401     4.452    -0.06    5.36
  10270.748     3.586    -3.00    4.61
  10560.095     3.159    -1.47    4.33
  10849.445     3.236     0.26    4.09
  11138.796     2.636    -2.07    3.83
  11428.149     1.797    -2.90    3.24
  11717.504     1.745    -0.18    3.24
  12006.860     1.642    -0.36    3.25
  12296.218     1.395    -0.85    2.80
  12585.578     1.228    -0.58    2.77
  12874.940     0.902    -1.13    2.34
  13164.303     0.745    -0.54    2.32
  13453.668     0.865     0.41    2.21
  13743.035     0.968     0.36    2.29
  14032.403     1.086     0.41    2.35
  14321.773     1.169     0.29    2.42
  14611.145     0.865    -1.05    2.54
  14900.519     0.642    -0.77    2.44
  15189.894     0.352    -1.00    2.20
  15479.271     0.274    -0.27    1.96
  15768.650     0.586     1.08    2.20
  16058.030     1.159     1.98    2.92
  16347.413     1.383     0.77    2.84
  16636.797     1.863     1.66    3.43
  16926.182     3.286     4.92    4.27
  17215.570     4.002     2.47    4.29
  17504.959     4.694     2.39    4.52
  17794.350     5.427     2.53    5.24
  18083.743     6.366     3.25    5.57
  18373.137     6.569     0.70    5.38
  18662.533     5.719    -2.94    5.03
  18951.931     5.436    -0.98    4.99
  19241.331     5.386    -0.17    5.08
  19530.732     4.728    -2.27    5.00
  19820.135     4.186    -1.87    4.15
  20109.540     3.401    -2.71    3.99
  20398.947     3.543     0.49    4.02
  20688.355     2.920    -2.15    3.61
  20977.765     2.810    -0.38    3.65
  21267.177     3.487     2.34    4.11
  21556.591     3.720     0.81    4.85
  21846.006     4.264     1.88    4.98
  22135.423     4.664     1.38    4.64
  22424.842     5.552     3.07    5.38
  22714.263     6.452     3.11    5.09
  23003.685     7.707     4.33    4.87
  23293.110     9.352     5.69    5.17
  23582.535    10.834     5.12    4.94
  23871.963    11.468     2.19    5.07
  24161.393    11.918     1.55    4.57
  24450.824    11.866    -0.18    4.37
  24740.257    11.194    -2.32    4.37
  25029.692    10.228    -3.34    4.20
  25319.128     9.641    -2.03    4.44
  25608.567     9.780     0.48    5.04
  25898.007     9.780     0.00    5.44
  26187.449     9.866     0.30    5.35
  26476.893     9.519    -1.20    5.66
  26766.338     9.493    -0.09    6.07
  27055.785    10.177     2.36    6.88
  27345.234    11.402     4.24    7.54
  27634.685    11.827     1.47    6.89
  27924.138    13.677     6.39    7.40
  28213.592    13.836     0.55    7.10
  28503.048    15.020     4.09    7.61
  28792.463    17.149     7.36    8.21
  29081.534    18.756     5.56    8.21
  29370.608    20.952     7.60    8.84
  29659.683    22.711     6.08    9.96
  29948.760    24.706     6.90   10.38
  30237.838    26.252     5.35   10.68
  30526.919    28.280     7.01   10.47
  30816.001    29.002     2.50    9.45
  31105.085    28.935    -0.23    9.64
  31394.171    28.727    -0.72    9.69
  31683.259    28.236    -1.70    9.23
  31972.348    27.952    -0.98    8.84
  32261.439    27.664    -1.00    8.65
  32550.532    28.566     3.12    8.45
  32839.627    28.495    -0.25    8.96
  33128.724    31.780    11.36    8.81
  33417.822    33.002     4.23    8.12
  33706.922    32.802    -0.69    8.89
  33996.024    31.935    -3.00    9.73
  34285.128    29.728    -7.63   10.55
  34574.234    26.280   -11.93   11.87
  34863.341    22.936   -11.57   11.12
  35152.450    19.478   -11.96    9.52
  35441.562    16.269   -11.10    8.46
  35730.674    13.642    -9.09    7.26
  36019.789    12.303    -4.63    6.72
  36308.906    11.736    -1.96    5.73
  36598.024    11.186    -1.90    5.03
  36887.144     9.743    -4.99    4.40
  37176.266     8.812    -3.22    4.47
  37465.390     8.142    -2.32    4.89
  37754.516     7.090    -3.64    5.38
  38043.643     5.401    -5.84    5.62
  38332.772     3.313    -7.22    5.08
  38621.903     1.332    -6.85    3.63
  38911.036     0.159    -4.05    2.60
  39200.171    -0.479    -2.21    1.76
  39489.308    -1.014    -1.85    0.18
  39778.446    -0.916     0.34    0.50
  40067.586    -0.892     0.08    0.52
  40356.728    -0.798     0.33    0.84
  40645.872    -0.905    -0.37    0.52
  40935.018    -0.910    -0.02    0.51
  41224.165     0.036     3.27    3.81
  41513.315     2.359     8.04    6.65
  41802.466     5.116     9.54    7.98
  42091.619     7.863     9.50    8.24
  42380.774    10.642     9.61    7.28
  42669.931    12.487     6.38    5.83
  42959.090    12.920     1.50    4.48
  43248.250    12.502    -1.44    4.06
  43537.412    12.194    -1.07    4.17
  43826.577    11.569    -2.16    4.01
  44115.743    11.689     0.42    3.75
  44404.910    11.904     0.74    3.82
  44694.080    12.136     0.80    3.78
  44983.252    12.886     2.59    4.02
  45272.425    13.410     1.81    4.46
  45561.600    15.637     7.70    6.50
  45850.778    18.088     8.48    7.46
  46139.957    21.401    11.46    7.87
  46429.137    24.084     9.28    6.23
  46718.320    25.936     6.40    4.04
  47007.505    26.987     3.64    2.80
  47296.691    27.401     1.43    2.46
  47585.880    27.177    -0.78    2.49
  47875.070    27.486     1.07    2.55
  48164.262    27.885     1.38    2.59
  48453.456    28.402     1.79    2.78
  48742.652    28.625     0.77    2.68
  49031.849    28.987     1.25    2.69
  49321.049    28.493    -1.71    3.22
  49610.250    28.186    -1.06    3.52
  49899.453    28.114    -0.25    4.16
  50188.659    28.654     1.87    3.89
  50477.866    28.556    -0.34    3.66
  50767.075    28.800     0.84    3.37
  51056.285    29.142     1.18    2.84
  51345.498    28.411    -2.53    4.24
  51634.713    27.625    -2.72    4.59
  51923.929    27.142    -1.67    3.91
  52213.148    27.073    -0.24    3.37
  52502.368    26.469    -2.09    3.28
  52791.590    26.543     0.25    3.09
  53080.814    26.435    -0.37    3.23
  53370.040    26.952     1.79    2.46
  53659.268    26.810    -0.49    2.63
  53948.497    25.728    -3.74    4.84
  54237.729    24.236    -5.16    6.26
  54526.962    22.207    -7.02    7.60
  54816.198    19.823    -8.24    8.08
  55105.435    17.756    -7.15    7.94
  55394.674    14.054   -12.80    8.18
  55683.915    11.159   -10.01    8.21
  55973.158     8.743    -8.35    8.37
  56262.403     6.198    -8.80    6.80
  56551.650     5.918    -0.97    6.74
  56840.899     6.563     2.23    7.51
  57130.149     8.391     6.32    9.53
  57419.402    11.592    11.07   11.38
  57708.656    14.769    10.98   12.15
  57997.913    17.652     9.97   11.55
  58287.171    21.681    13.93    9.52
  58576.431    23.774     7.23    7.97
  58865.693    23.851     0.27    8.06
  59154.957    23.883     0.11    7.81
  59444.223    22.886    -3.45    8.15
  59733.491    21.436    -5.01    8.69
  60022.761    19.763    -5.78    9.32
  60312.032    18.780    -3.40    9.71
  60601.306    18.487    -1.01    9.85
  60890.581    18.336    -0.52    9.85
  61179.859    17.664    -2.32    9.51
  61469.138    16.274    -4.80    8.84
  61758.420    15.659    -2.13    8.07
  62047.703    15.145    -1.78    7.09
  62336.988    15.461     1.09    6.23
  62626.275    15.769     1.07    5.06
  62915.564    17.227     5.04    5.18
  63204.855    19.577     8.13    4.35
  63494.148    21.021     4.99    3.45
  63783.443    21.902     3.04    2.86
  64072.740    22.194     1.01    2.39
  64362.038    22.723     1.83    2.17
  64651.339    23.073     1.21    2.17
  64940.642    23.090     0.06    2.16
  65229.946    23.245     0.54    2.47
  65519.253    22.786    -1.59    3.24
  65808.561    22.215    -1.97    3.92
  66097.872    19.677    -8.77    7.07
  66387.184    16.402   -11.32    8.87
  66676.498    13.488   -10.07    9.79
  66965.814    10.608    -9.96    9.60
  67255.133     6.821   -13.09    8.39
  67544.453     3.852   -10.26    6.19
  67833.775     2.559    -4.47    4.87
  68123.099     1.417    -3.95    1.58
  68412.425     2.817     4.84    4.33
  68701.753     5.647     9.78    6.58
  68991.083     7.805     7.46    7.42
  69280.415    10.468     9.21    7.46
  69569.749    11.935     5.07    7.09
  69859.085    13.325     4.80    5.60
  70148.422    14.345     3.53    4.28
  70437.762    14.870     1.82    4.43
  70727.104    15.719     2.93    5.10
  71016.448    17.486     6.11    5.83
  71305.793    19.487     6.92    6.47
  71595.141    22.220     9.45    5.75
  71884.491    24.800     8.92    7.29
  72173.842    27.521     9.41    8.64
  72463.196    29.805     7.89    9.78
  72752.551    31.495     5.84   10.56
  73041.909    33.198     5.89   11.05
  73331.268    34.521     4.57   11.28
  73620.630    36.625     7.27   11.18
  73909.993    38.133     5.21   10.93
  74199.359    39.952     6.29   10.17
  74488.726    42.003     7.09    8.73
  74778.096    43.608     5.54    7.00
  75067.467    44.113     1.75    6.17
  75356.841    43.968    -0.50    5.75
  75646.216    43.169    -2.76    7.08
  75935.593    41.719    -5.01    7.56
  76224.973    40.637    -3.74    7.34
  76514.354    39.452    -4.09    7.19
  76803.737    38.190    -4.36    6.68
  77093.123    36.478    -5.92    6.22
  77382.510    35.802    -2.33    4.92
  77671.900    34.314    -5.14    3.85
  77961.291    33.056    -4.35    3.58
  78250.684    32.332    -2.50    3.30
  78540.080    32.152    -0.62    3.32
  78829.477    32.152     0.00    3.20
  79118.876    31.866    -0.99    3.17
  79408.278    31.569    -1.03    3.04
  79697.681    31.549    -0.07    2.89
  79987.087    30.071    -5.11    5.08
  80276.494    27.886    -7.55    6.63
  80565.904    25.069    -9.73    9.10
  80855.315    22.919    -7.43    9.20
  81144.728    21.847    -3.70    8.94
  81434.144    20.257    -5.49    9.03
  81723.561    19.659    -2.07    9.72
  82012.981    18.756    -3.12   10.52
  82302.402    20.165     4.87   10.55
  82591.826    20.900     2.54   10.82
  82881.252    19.952    -3.27   11.00
  83170.679    19.560    -1.36   11.18
  83460.109    16.694    -9.90   12.02
  83749.541    14.190    -8.65   12.00
  84038.974     9.802   -15.16   10.55
  84328.410     5.745   -14.02    7.31
  84617.848     3.794    -6.74    5.81
  84907.287     2.020    -6.13    3.06
  85196.729     1.090    -3.21    0.40
  85486.173     0.968    -0.42    0.13
  85775.619     1.125     0.54    0.94
  86065.067     1.573     1.55    1.92
  86354.517     2.401     2.86    3.34
  86643.969     4.866     8.52    6.67
  86933.423     8.067    11.06    9.58
  87222.879    11.194    10.80   10.69
  87512.337    13.573     8.22   10.24
  87801.797    14.970     4.82   10.25
  88091.259    14.224    -2.58   10.88
  88380.724    13.346    -3.03   11.31
  88670.190    10.866    -8.57   10.86
  88959.658     7.852   -10.41    9.87
  89249.129     5.303    -8.81    8.01
  89538.601     2.866    -8.42    5.42
  89828.076     1.269    -5.52    1.72
  90117.552     0.952    -1.09    0.00
  90407.031     0.952     0.00    0.00
  90696.512     0.952     0.00    0.00
  90985.994     1.504     1.91    3.82
  91275.106     1.685     0.62    4.46
  91564.149     2.146     1.60    5.42
  91853.193     2.346     0.69    5.49
  92142.240     2.521     0.61    4.74
  92431.289     3.952     4.95    7.35
  92720.339     4.745     2.74    9.20
  93009.392     5.602     2.96   10.33
  93298.447     6.736     3.92   11.77
  93587.504     7.136     1.38   12.18
  93876.563     6.702    -1.50   12.13
  94165.624     4.918    -6.17   10.38
  94454.687     3.902    -3.51    8.49
  94743.753     1.263    -9.13    2.36
  95032.820     0.952    -1.07    0.00
  95321.889     0.952     0.00    0.00
  95610.961     0.952     0.00    0.00
  95900.034     0.952     0.00    0.00
  96189.110     0.952     0.00    0.00
  96478.187     1.402     1.56    2.81
  96767.267     2.376     3.37    5.85
  97056.349     4.136     6.09    8.61
  97345.433     6.952     9.74   11.22
  97634.519     9.619     9.22   12.84
  97923.607    12.152     8.76   14.19
  98212.697    15.325    10.98   14.51
  98501.789    17.723     8.29   14.02
  98790.884    18.444     2.49   13.55
  99079.980    19.194     2.59   12.19
  99369.078    20.556     4.71   12.35
  99658.179    22.832     7.87   12.01
  99947.282    23.608     2.69   11.66
 100236.387    23.745     0.48   11.36
 100525.493    24.366     2.15   10.44
 100814.602    25.142     2.68    9.72
 101103.713    25.108    -0.12    9.35
 101392.827    25.968     2.98    9.38
 101681.942    26.749     2.70    9.34
 101971.059    27.952     4.16    9.08
 102260.179    28.268     1.09    9.02
 102549.300    29.125     2.96    8.41
 102838.424    30.002     3.04    7.37
 103127.550    30.369     1.27    6.98
 103416.677    30.356    -0.05    6.94
 103705.807    31.720     4.72    6.50
 103994.940    32.852     3.92    5.27
 104284.074    32.180    -2.32    6.87
 104573.210    31.402    -2.69    7.83
 104862.349    30.116    -4.45    8.60
 105151.489    29.970    -0.51    9.30
 105440.632    29.461    -1.76    9.49
 105729.777    29.496     0.12    9.30
 106018.923    30.986     5.15    8.67
 106308.072    32.786     6.23    7.21
 106597.224    33.819     3.57    6.14
 106886.377    34.819     3.46    4.47
 107175.532    35.023     0.70    4.62
 107464.690    35.269     0.85    4.79
 107753.849    35.573     1.05    3.96
 108043.011    36.186     2.12    4.22
 108332.175    36.800     2.12    4.21
 108621.341    37.366     1.96    4.19
 108910.509    38.159     2.74    4.09
 109199.680    38.881     2.50    3.94
 109488.852    39.569     2.38    4.29
 109778.027    40.732     4.02    4.13
 110067.203    41.636     3.13    3.98
 110356.382    42.642     3.48    3.82
 110645.563    42.399    -0.84    4.12
 110934.746    41.019    -4.77    5.93
 111223.931    38.952    -7.15    7.25
 111513.119    36.152    -9.68    8.70
 111802.308    33.849    -7.97    8.54
 112091.500    34.039     0.66    7.96
 112380.694    34.125     0.30    7.83
 112669.890    36.073     6.74    8.52
 112959.088    38.706     9.11    7.65
 113248.288    40.918     7.65    6.14
 113537.491    42.190     4.40    5.17
 113826.695    42.095    -0.33    5.87
 114115.902    41.071    -3.54    6.32
 114405.111    41.001    -0.24    6.35
 114694.322    41.376     1.30    6.23
 114983.535    40.613    -2.64    6.12
 115272.751    40.987     1.29    5.58
 115561.968    40.814    -0.60    5.36
 115851.188    41.436     2.15    5.80
 116140.410    41.852     1.44    6.78
 116429.634    42.001     0.51    6.98
 116718.860    41.506    -1.71    8.25
 117008.089    39.836    -5.77   11.02
 117297.319    38.128    -5.91   12.02
 117586.552    36.517    -5.57   11.95
 117875.787    34.902    -5.59   11.23
 118165.024    35.207     1.05   11.10
 118454.263    36.512     4.51    9.56
 118743.504    37.794     4.44    8.95
 119032.748    39.569     6.14    6.09
 119321.994    40.071     1.74    5.34
 119611.242    41.411     4.63    4.40
 119900.492    41.190    -0.77    4.61
 120189.744    40.863    -1.13    4.53
 120478.999    40.529    -1.16    4.72
 120768.255    39.745    -2.71    4.78
 121057.514    39.493    -0.87    4.55
 121346.775    39.851     1.24    4.41
 121636.039    41.257     4.86    3.93
 121925.304    42.228     3.36    3.51
 122214.572    42.220    -0.03    3.76
 122503.841    41.536    -2.37    3.93
 122793.113    40.461    -3.72    4.02
 123082.388    39.510    -3.29    4.45
 123371.664    38.573    -3.24    4.65
 123660.943    37.849    -2.50    4.30
 123950.223    37.756    -0.32    4.09
 124239.506    38.020     0.91    3.98
 124528.792    38.069     0.17    4.53
 124818.079    38.689     2.14    4.98
 125107.369    39.349     2.28    4.78
 125396.660    39.780     1.49    4.45
 125685.954    41.579     6.22    4.82
 125975.251    42.493     3.16    4.68
 126264.549    43.073     2.00    4.66
 126553.850    42.664    -1.41    4.94
 126843.153    42.702     0.13    4.97
 127132.458    42.019    -2.36    4.99
 127421.765    40.968    -3.63    5.69
 127711.075    41.139     0.59    5.56
 128000.386    41.619     1.66    5.89
 128289.700    42.251     2.18    6.06
 128579.016    43.224     3.36    5.55
 128868.335    42.902    -1.11    6.12
 129157.655    43.190     1.00    6.39
 129446.978    43.065    -0.43    6.04
 129736.303    42.637    -1.48    6.12
 130025.631    41.869    -2.65    5.17
 130314.960    41.506    -1.25    5.42
 130604.292    41.791     0.99    4.92
 130893.626    42.102     1.08    4.62
 131182.962    41.202    -3.11    4.80
 131472.300    38.832    -8.19    6.00
 131761.641    36.832    -6.91    7.49
 132050.984    34.003    -9.78    7.53
 132340.329    29.952   -14.00    9.28
 132629.676    26.307   -12.60   11.58
 132919.026    21.495   -16.63   12.47
 133208.378    15.810   -19.65   11.74
 133497.732    12.257   -12.28   11.06
 133787.088     7.504   -16.43    6.79
 134076.447     5.362    -7.40    3.96
 134365.808     5.383     0.07    4.90
 134655.171     8.108     9.41   10.62
 134944.536    10.814     9.35   13.12
 135233.904    14.677    13.35   15.61
 135523.274    17.502     9.77   16.62
 135812.646    18.021     1.79   16.79
 136102.020    17.686    -1.16   16.64
 136391.397    15.810    -6.48   14.49
 136680.775    13.314    -8.62   13.47
 136970.156    10.652    -9.20   11.91
 137259.540     7.851    -9.68    9.32
 137548.925     4.686   -10.94    3.48
 137838.313     4.274    -1.42    2.41
 138127.703     6.504     7.71    8.08
 138417.096     9.268     9.55   11.28
 138706.491    12.579    11.44   13.68
 138995.888    14.149     5.42   14.43
 139285.287    13.901    -0.86   13.77
 139574.688    14.769     3.00   14.28
 139864.092    12.056    -9.38   12.23
 140153.498    10.274    -6.16   11.75
 140442.906     6.386   -13.44    7.12
 140732.317     5.086    -4.49    3.96
 141021.730     5.636     1.90    4.91
 141311.145     6.625     3.42    6.13
 141600.562     7.935     4.53    8.68
 141889.982     8.711     2.68    8.82
 142179.404    10.477     6.10    9.34
 142468.828    13.269     9.65   12.14
 142758.255    17.970    16.24   16.11
 143047.683    22.478    15.57   19.52
 143337.114    28.780    21.77   20.82
 143626.548    34.269    18.97   20.72
 143915.983    39.579    18.35   18.99
 144205.421    46.019    22.25   13.45
 144494.862    49.090    10.61    8.83
 144784.304    46.865    -7.69   10.97
 145073.749    42.119   -16.40   15.93
 145363.196    39.702    -8.35   16.46
 145652.646    39.791     0.31   16.42
 145942.097    37.058    -9.44   16.32
 146231.551    37.004    -0.18   16.40
 146521.008    38.444     4.97   16.32
 146810.466    41.332     9.98   15.93
 147099.927    46.362    17.38   11.49
 147389.390    47.556     4.12   10.67
 147678.856    47.487    -0.24   10.21
 147968.324    47.314    -0.60    9.41
 148257.794    48.736     4.91    8.11
 148547.266    49.719     3.40    7.63
 148836.741    50.694     3.37    7.37
 149126.218    52.286     5.50    7.54
 149415.698    54.113     6.31    7.73
 149705.179    56.728     9.03    6.94
 149994.663    59.219     8.60    6.45
 150284.150    60.546     4.58    6.33
 150573.639    62.870     8.03    5.15
 150863.129    64.024     3.98    5.02
 151152.623    64.596     1.98    4.69
 151442.118    64.918     1.11    4.05
 151731.616    65.067     0.51    4.06
 152021.117    65.468     1.39    3.80
 152310.619    65.004    -1.60    4.08
 152600.124    64.269    -2.54    4.50
 152889.631    62.899    -4.73    5.15
 153179.141    61.051    -6.38    5.67
 153468.368    59.119    -6.68    6.12
 153757.381    57.436    -5.82    6.18
 154046.395    55.073    -8.18    6.83
 154335.412    54.399    -2.33    7.32
 154624.432    53.902    -1.72    7.20
 154913.453    54.211     1.07    7.45
 155202.477    55.133     3.19    7.09
 155491.504    54.902    -0.80    6.89
 155780.532    54.314    -2.03    7.18
 156069.563    53.332    -3.40    7.77
 156358.597    52.814    -1.79    7.29
 156647.633    51.608    -4.17    8.77
 156936.671    50.280    -4.60   11.43
 157225.711    47.286   -10.36   12.66
 157514.754    44.745    -8.79   12.43
 157803.799    43.777    -3.35   12.05
 158092.846    42.936    -2.91   11.58
 158381.896    42.802    -0.46   11.36
 158670.948    44.543     6.02   10.93
 158960.002    48.461    13.56   10.11
 159249.059    51.228     9.57    9.72
 159538.118    52.352     3.89    9.87
 159827.180    53.211     2.97   10.15
 160116.244    53.100    -0.38    9.68
 160405.310    52.745    -1.23    9.02
 160694.378    53.749     3.47    8.26
 160983.449    54.220     1.63    8.01
 161272.522    54.436     0.75    8.24
 161561.598    55.543     3.83    7.96
 161850.676    55.901     1.24    7.55
 162139.756    56.719     2.83    7.17
 162428.839    56.383    -1.16    6.73
 162717.924    55.832    -1.91    6.52
 163007.012    55.122    -2.46    5.45
 163296.101    56.529     4.87    4.89
 163585.194    57.887     4.70    4.45
 163874.288    57.794    -0.32    4.56
 164163.385    58.552     2.62    4.04
 164452.484    58.654     0.35    4.73
 164741.586    57.904    -2.59    5.66
 165030.690    57.686    -0.76    5.90
 165319.796    57.319    -1.27    6.08
 165608.905    56.349    -3.36    6.83
 165898.016    57.479     3.91    8.01
 166187.130    59.952     8.56    9.45
 166476.246    64.071    14.25    9.86
 166765.364    67.379    11.44   10.88
 167054.485    70.619    11.21   10.07
 167343.608    74.488    13.38    8.95
 167632.733    76.647     7.47    8.68
 167921.861    77.280     2.19   10.11
 168210.991    77.936     2.27   11.33
 168500.124    79.177     4.29   12.36
 168789.259    79.694     1.79   13.42
 169078.396    79.625    -0.24   14.79
 169367.536    78.021    -5.55   16.02
 169656.678    74.536   -12.06   17.48
 169945.823    71.763    -9.59   17.67
 170234.970    69.136    -9.09   16.03
 170524.119    66.672    -8.52   13.52
 170813.271    64.728    -6.72   10.94
 171102.425    65.625     3.10   10.75
 171391.582    67.817     7.58   12.36
 171680.741    71.427    12.49   13.93
 171969.902    73.720     7.93   14.93
 172259.066    75.625     6.59   15.66
 172548.232    76.410     2.72   15.61
 172837.401    76.308    -0.35   15.29
 173126.572    76.352     0.15   14.94
 173415.745    75.108    -4.30   14.53
 173704.921    75.352     0.85   14.17
 173994.099    72.075   -11.33   13.02
 174283.280    73.478     4.85   13.06
 174572.463    72.886    -2.05   12.23
 174861.649    72.152    -2.54   10.56
 175150.837    71.669    -1.67    9.14
 175440.027    71.349    -1.11    8.72
 175729.220    72.393     3.61    8.50
 176018.415    74.090     5.87    8.31
 176307.613    74.952     2.98    8.68
 176596.813    76.436     5.13    9.63
 176886.015    77.970     5.31    9.75
 177175.220    79.619     5.70   10.93
 177464.428    80.185     1.96   10.15
 177753.637    81.243     3.66    9.76
 178042.850    82.036     2.74    9.13
 178332.064    83.102     3.69    8.52
 178621.281    84.056     3.30    7.62
 178910.501    83.496    -1.93    7.47
 179199.723    82.308    -4.11    8.22
 179488.947    81.088    -4.22    9.01
 179778.174    81.565     1.65    9.14
 180067.403    81.694     0.44    9.22
 180356.635    82.332     2.21    9.54
 180645.869    84.177     6.38    9.60
 180935.106    84.521     1.19   10.63
 181224.345    84.756     0.81   10.25
 181513.587    85.108     1.22   10.85
 181802.830    85.987     3.04   11.46
 182092.077    86.556     1.97   11.77
 182381.326    85.642    -3.16   12.37
 182670.577    86.678     3.58   12.68
 182959.831    87.470     2.74   12.57
 183249.087    85.619    -6.40   13.24
 183538.346    84.917    -2.43   12.74
 183827.607    82.177    -9.48   13.24
 184116.871    81.086    -3.77   12.51
 184406.137    80.386    -2.42   11.83
 184695.405    79.678    -2.45   11.21
 184984.676    80.077     1.38   11.27
 185273.950    82.419     8.10   12.14
 185563.226    81.847    -1.98   12.85
 185852.504    82.313     1.61   12.35
 186141.785    82.674     1.25   12.31
 186431.068    80.263    -8.33   12.56
 186720.354    77.546    -9.39   11.29
 187009.642    72.356   -17.94   14.06
 187298.933    68.036   -14.93   15.81
 187588.226    62.819   -18.03   15.05
 187877.522    61.036    -6.16   14.25
 188166.820    60.386    -2.25   14.25
 188456.121    62.759     8.21   15.28
 188745.424    67.569    16.63   17.22
 189034.730    75.349    26.89   15.43
 189324.038    78.702    11.59   12.63
 189613.348    80.105     4.85   11.80
 189902.661    80.308     0.70   11.32
 190191.977    79.745    -1.95   10.82
 190481.295    79.479    -0.92   10.67
 190770.616    78.786    -2.40   10.81
 191059.939    77.918    -3.00   10.33
 191349.264    78.669     2.59   10.27
 191638.592    79.159     1.69   11.51
 191927.923    81.601     8.44   11.66
 192217.256    84.264     9.20   11.86
 192506.591    88.257    13.80   13.88
 192795.929    87.386    -3.01   14.39
 193085.270    87.918     1.84   13.59
 193374.613    87.659    -0.89   13.59
 193663.959    86.470    -4.11   14.42
 193953.307    81.935   -15.67   15.85
 194242.657    76.723   -18.01   14.09
 194532.010    73.642   -10.65   10.73
 194821.366    72.613    -3.56   10.52
 195110.724    73.917     4.50   10.93
 195400.084    75.732     6.27   11.89
 195689.447    79.468    12.91   13.10
 195978.813    83.156    12.74   11.77
 196268.181    85.002     6.38   12.17
 196557.552    85.245     0.84   11.73
 196846.925    83.918    -4.59   12.83
 197136.301    83.647    -0.94   12.70
 197425.679    82.139    -5.21   13.20
 197715.060    80.049    -7.22   12.35
 198004.443    76.549   -12.10   10.15
 198293.829    77.069     1.80   10.99
 198583.217    75.777    -4.47   12.66
 198872.608    74.775    -3.46   13.17
 199162.001    72.819    -6.76   13.26
 199451.397    71.419    -4.84   12.83
 199740.795    71.159    -0.90   13.33
 200030.196    73.619     8.50   13.64
 200319.600    75.918     7.95   15.24
 200609.006    79.020    10.72   12.68
 200898.414    80.759     6.01   12.86
 201187.825    83.502     9.48   13.17
 201477.239    84.720     4.21   13.84
 201766.655    86.478     6.07   13.99
 202056.074    87.711     4.26   14.85
 202345.495    88.821     3.84   14.56
 202634.919    91.521     9.33   15.21
 202924.345    91.866     1.19   15.34
 203213.774    89.125    -9.47   16.41
 203503.205    87.257    -6.45   16.11
 203792.639    84.886    -8.19   15.84
 204082.076    84.245    -2.21   15.26
 204371.515    79.802   -15.35   14.82
 204660.957    80.524     2.49   14.63
 204950.401    82.659     7.38   17.67
 205239.848    84.769     7.29   19.43
 205529.297    87.512     9.48   19.95
 205818.749    87.838     1.13   19.38
 206108.203    88.131     1.01   18.88
 206397.660    82.452   -19.62   20.44
 206687.120    77.780   -16.14   20.35
 206976.582    71.452   -21.86   18.09
 207266.046    63.821   -26.36   17.12
 207555.514    60.125   -12.77   13.93
 207844.983    56.602   -12.17   16.19
 208134.456    54.830    -6.12   16.39
 208423.931    51.346   -12.04   16.51
 208713.408    45.536   -20.07   15.50
 209002.888    42.136   -11.75   15.49
 209292.371    37.119   -17.33   13.62
 209581.856    32.847   -14.76   10.17
 209871.344    30.173    -9.24    7.43
 210160.834    28.245    -6.66    3.98
 210450.327    27.625    -2.15    3.45
 210739.823    28.569     3.26    3.88
 211029.321    30.814     7.76    6.24
 211318.822    33.573     9.53    8.38
 211608.325    36.659    10.66    9.56
 211897.831    40.269    12.47   10.57
 212187.339    44.088    13.19   11.28
 212476.851    48.519    15.31   11.01
 212766.364    52.349    13.23   11.30
 213055.880    58.373    20.81   12.77
 213345.399    63.323    17.10   13.95
 213634.921    63.336     0.04   15.54
 213924.445    64.646     4.53   18.23
 214213.971    65.345     2.42   18.99
 214503.501    65.573     0.79   19.87
 214793.032    62.952    -9.05   17.98
 215082.567    59.452   -12.09   15.68
 215372.104    56.952    -8.63   16.30
 215661.478    55.901    -3.63   16.76
 215950.461    53.039    -9.90   16.24
 216239.446    52.812    -0.78   14.88
 216528.434    54.369     5.39   14.46
 216817.424    54.444     0.26   14.64
 217106.417    53.314    -3.91   14.10
 217395.413    54.102     2.73   13.43
 217684.411    54.952     2.94   13.82
 217973.412    56.590     5.67   13.72
 218262.416    58.885     7.94   13.95
 218551.422    60.969     7.21   12.66
 218840.430    65.018    14.01   13.48
 219129.442    68.812    13.13   13.84
 219418.456    72.619    13.17   15.95
 219707.472    77.142    15.65   17.48
 219996.491    80.356    11.12   17.94
 220285.513    83.702    11.58   17.74
 220574.537    83.219    -1.67   18.34
 220863.564    83.659     1.52   17.21
 221152.594    85.742     7.21   16.74
 221441.626    84.536    -4.17   17.72
 221730.661    82.529    -6.94   17.98
 222019.698    80.493    -7.04   17.30
 222308.738    79.436    -3.66   16.37
 222597.781    79.685     0.86   15.33
 222886.826    79.207    -1.65   14.24
 223175.874    77.866    -4.64   15.75
 223464.924    78.280     1.43   16.14
 223753.977    78.573     1.01   17.12
 224043.033    79.487     3.16   17.67
 224332.092    80.487     3.46   17.50
 224621.153    78.037    -8.48   16.48
 224910.216    77.952    -0.29   15.87
 225199.283    79.952     6.92   14.73
 225488.352    79.469    -1.67   14.19
 225777.423    77.391    -7.19   12.89
 226066.498    78.090     2.42   13.53
 226355.574    78.536     1.54   12.76
 226644.654    80.715     7.54   14.23
 226933.736    84.052    11.54   14.94
 227222.821    84.452     1.38   14.76
 227511.908    86.349     6.56   13.56
 227800.998    87.659     4.53   14.09
 228090.091    90.495     9.81   14.11
 228379.187    93.952    11.96   14.08
 228668.285    95.401     5.01   14.76
 228957.385    96.436     3.58   15.35
 229246.489    97.794     4.70   16.69
 229535.595    99.236     4.99   16.17
 229824.703   100.036     2.77   15.83
 230113.815   100.452     1.44   16.24
 230402.929   102.002     5.36   17.14
 230692.045   101.745    -0.89   17.43
 230981.164   103.800     7.11   17.23
 231270.286   104.901     3.81   16.10
 231559.411   105.149     0.86   15.00
 231848.538   104.985    -0.57   14.07
 232137.668   105.391     1.41   12.51
 232426.801   107.418     7.01   12.65
 232715.936   107.524     0.37   11.50
 233005.074   108.444     3.18   11.85
 233294.215   109.173     2.52   12.73
 233583.358   106.936    -7.74   14.09
 233872.504   103.556   -11.69   14.43
 234161.653   102.672    -3.06   14.03
 234450.804   101.152    -5.25   13.80
 234739.958   101.487     1.16   13.10
 235029.115   102.686     4.15   12.05
 235318.274   104.886     7.61   12.09
 235607.436   109.108    14.60   10.34
 235896.601   110.780     5.78   10.12
 236185.768   113.814    10.49    9.17
 236474.938   115.247     4.96    8.60
 236764.111   115.245    -0.01    8.11
 237053.286   114.190    -3.65    9.90
 237342.465   112.849    -4.64   10.20
 237631.646   110.902    -6.73   11.28
 237920.829   110.710    -0.66   12.41
 238210.015   109.512    -4.15   12.86
 238499.204   109.918     1.41   13.40
 238788.396   110.409     1.69   13.79
 239077.590   111.728     4.56   14.12
 239366.787   111.886     0.54   12.27
 239655.987   110.052    -6.34    9.10
 239945.189   110.823     2.67    8.46
 240234.394   112.073     4.32    7.82
 240523.602   112.202     0.45    7.95
 240812.813   112.882     2.35    7.56
 241102.026   114.985     7.27    8.16
 241391.242   118.444    11.96    9.40
 241680.461   120.732     7.91   10.64
 241969.682   124.190    11.96   10.83
 242258.906   126.851     9.20   10.77
 242548.133   127.502     2.25   10.47
 242837.362   128.608     3.82    9.36
 243126.595   129.723     3.86    9.13
 243415.830   130.819     3.79    9.54
 243705.067   130.654    -0.57    9.28
 243994.308   130.037    -2.13    9.54
 244283.551   128.177    -6.43    9.87
 244572.797   127.346    -2.87    9.93
 244862.045   125.539    -6.25   10.35
 245151.296   125.536    -0.01   10.47
 245440.550   124.470    -3.69   11.18
 245729.807   121.882    -8.95   11.45
 246019.067   120.280    -5.54   10.22
 246308.329   118.536    -6.03   10.62
 246597.594   118.280    -0.88   10.63
 246886.861   116.159    -7.33   11.15
 247176.132   113.832    -8.05   12.15
 247465.405   111.436    -8.28   13.06
 247754.681   110.849    -2.03   12.07
 248043.959   110.051    -2.76   11.48
 248333.241   110.677     2.16   12.43
 248622.525   112.539     6.44   13.73
 248911.812   116.512    13.73   14.52
 249201.101   122.452    20.54   13.47
 249490.394   122.428    -0.09   13.90
 249779.689   123.108     2.35   14.04
 250068.986   119.819   -11.37   16.93
 250358.287   118.381    -4.97   17.70
 250647.590   116.308    -7.16   16.86
 250936.896   112.935   -11.66   13.45
 251226.205   113.552     2.13   11.95
 251515.517   115.395     6.37   12.45
 251804.831   117.268     6.47   11.89
 252094.148   120.419    10.89   13.60
 252383.468   126.780    21.99   13.63
 252672.791   131.065    14.81   15.43
 252962.116   135.559    15.53   14.72
 253251.444   140.969    18.70   16.02
 253540.775   145.866    16.93   15.02
 253830.109   143.131    -9.45   14.06
 254119.445   143.243     0.39   13.76
 254408.784   141.969    -4.40   14.86
 254698.126   139.086    -9.97   14.98
 254987.471   135.366   -12.86   13.42
 255276.818   133.185    -7.54   12.50
 255566.169   131.886    -4.49   11.84
 255855.522   129.711    -7.52    9.62
 256144.877   128.869    -2.91    8.94
 256434.236   130.563     5.85    9.11
 256723.597   132.039     5.10    8.93
 257012.961   133.314     4.41    8.82
 257302.328   135.694     8.22    9.07
 257591.698   136.018     1.12    8.50
 257881.071   135.177    -2.91    7.46
 258170.446   135.152    -0.08    7.55
 258459.824   134.601    -1.90    6.65
 258749.205   133.376    -4.23    6.41
 259038.588   131.856    -5.25    6.55
 259327.975   130.552    -4.50    6.85
 259617.364   129.264    -4.45    8.08
 259906.756   127.882    -4.77    8.95
 260196.151   127.556    -1.13    8.91
 260485.548   130.037     8.57   11.24
 260774.949   131.386     4.66   12.43
 261064.352   135.130    12.94   14.35
 261353.758   137.504     8.20   14.97
 261643.167   142.919    18.71   13.79
 261932.578   145.023     7.27   13.65
 262221.993   144.149    -3.02   14.24
 262511.410   144.817     2.31   13.47
 262800.830   144.800    -0.06   14.44
 263090.253   143.478    -4.57   14.37
 263379.678   144.677     4.14   13.62
 263669.107   145.269     2.05   13.08
 263958.538   148.763    12.07   13.46
 264247.972   152.485    12.86   13.53
 264537.409   155.136     9.16   12.11
 264826.849   154.479    -2.27   11.09
 265116.291   153.478    -3.46   11.62
 265405.736   151.797    -5.81   11.54
 265695.185   150.116    -5.81   12.08
 265984.635   147.642    -8.55   11.45
 266274.089   143.586   -14.01    8.87
 266563.546   141.539    -7.07    8.71
 266853.005   140.830    -2.45    9.36
 267142.467   140.084    -2.58    8.84
 267431.933   139.486    -2.07    8.46
 267721.400   140.149     2.29    8.73
 268010.871   142.023     6.47    8.94
 268300.345   143.935     6.61    9.13
 268589.821   147.336    11.75    9.09
 268879.300   150.156     9.74    8.98
 269168.782   152.352     7.59    8.87
 269458.267   155.659    11.42    9.36
 269747.755   159.297    12.57   10.28
 270037.246   162.608    11.44   10.62
 270326.739   165.559    10.20   12.40
 270616.235   168.362     9.68   12.35
 270905.734   170.952     8.95   11.98
 271195.236   171.563     2.11   11.24
 271484.741   170.228    -4.61   11.18
 271774.249   168.352    -6.48   11.62
 272063.759   166.036    -8.00   11.51
 272353.272   163.702    -8.06   10.15
 272642.789   160.739   -10.24    9.89
 272932.308   158.159    -8.91    8.92
 273221.829   156.736    -4.92    8.60
 273511.354   155.694    -3.60    8.07
 273800.882   155.297    -1.37    8.41
 274090.412   155.369     0.25    8.92
 274379.946   155.383     0.05    8.91
 274669.482   152.090   -11.37   12.21
 274959.021   150.167    -6.64   13.26
 275248.563   149.739    -1.48   13.67
 275538.107   150.613     3.02   13.99
 275827.655   147.802    -9.71   14.60
 276117.205   146.349    -5.02   15.42
 276406.759   145.881    -1.62   16.26
 276696.315   147.319     4.97   16.12
 276985.874   146.935    -1.33   15.95
 277275.436   147.236     1.04   15.95
 277565.001   146.512    -2.50   15.48
 277854.554   148.590     7.18   14.68
 278143.502   148.263    -1.13   15.21
 278432.453   147.211    -3.64   15.43
 278721.407   147.133    -0.27   14.78
 279010.363   148.504     4.75   15.90
 279299.322   151.020     8.71   16.82
 279588.284   151.006    -0.05   17.32
 279877.249   154.852    13.31   17.71
 280166.217   159.969    17.71   14.93
 280455.188   162.596     9.09   14.43
 280744.162   166.165    12.35   12.51
 281033.138   166.060    -0.37   12.61
 281322.118   165.579    -1.66   11.90
 281611.100   166.186     2.10   12.04
 281900.085   166.436     0.87   11.56
 282189.073   168.710     7.87   11.03
 282478.064   169.694     3.40   11.26
 282767.058   171.552     6.43   10.95
 283056.055   174.601    10.55   10.18
 283345.054   175.805     4.16    9.58
 283634.057   176.652     2.93    9.12
 283923.062   178.436     6.17    8.49
 284212.070   178.677     0.83    9.32
 284501.081   179.363     2.38    8.36
 284790.095   181.002     5.67    8.56
 285079.112   180.177    -2.86   11.09
 285368.132   180.215     0.13   12.92
 285657.155   181.019     2.78   12.56
 285946.180   180.763    -0.89   12.03
 286235.209   182.625     6.44   11.64
 286524.240   183.745     3.88   11.84
 286813.275   184.182     1.51   11.67
 287102.312   187.314    10.84   12.71
 287391.352   190.836    12.18   12.21
 287680.395   192.470     5.65   11.74
 287969.441   193.452     3.40   11.18
 288258.490   195.149     5.87   11.44
 288547.541   196.819     5.78   11.05
 288836.596   197.149     1.14   11.73
 289125.654   194.531    -9.06   11.31
 289414.714   193.194    -4.63   11.43
 289703.778   193.502     1.07   10.87
 289992.844   193.495    -0.03    9.98
 290281.913   194.297     2.77    9.39
 290570.985   194.487     0.66    8.67
 290860.060   195.224     2.55    9.48
 291149.138   195.391     0.58    9.30
 291438.219   197.402     6.96    8.29
 291727.303   198.051     2.24    8.63
 292016.390   198.834     2.71    9.27
 292305.479   201.836    10.38   12.31
 292594.572   204.194     8.16   14.34
 292883.668   209.444    18.16   14.59
 293172.766   214.274    16.71   15.49
 293461.867   218.369    14.16   14.82
 293750.972   223.802    18.79   12.84
 294040.079   226.496     9.32   10.70
 294329.189   226.202    -1.02   10.74
 294618.302   225.167    -3.58   12.18
 294907.418   223.033    -7.38   13.68
 295196.537   217.819   -18.04   16.97
 295485.659   211.269   -22.66   18.46
 295774.784   205.194   -21.01   16.93
 296063.912   203.090    -7.28   15.62
 296353.043   200.952    -7.39   16.64
 296642.177   199.512    -4.98   16.14
 296931.313   197.162    -8.13   16.71
 297220.453   194.987    -7.52   17.98
 297509.595   191.987   -10.38   18.77
 297798.741   189.245    -9.48   20.30
 298087.889   186.073   -10.97   21.84
 298377.041   180.018   -20.94   22.92
 298666.195   172.918   -24.56   22.33
 298955.353   163.263   -33.39   22.68
 299244.513   158.314   -17.11   21.06
 299533.676   156.297    -6.98   19.98
 299822.842   154.598    -5.88   19.43
 300112.012   153.563    -3.58   17.62
 300401.184   152.495    -3.69   16.13
 300690.359   151.539    -3.31   16.86
 300979.537   154.211     9.24   15.99
 301268.718   160.952    23.31   16.61
 301557.902   163.752     9.68   17.37
 301847.089   165.581     6.33   18.50
 302136.279   166.901     4.56   17.79
 302425.472   168.719     6.29   17.52
 302714.668   169.040     1.11   16.71
 303003.867   168.069    -3.36   17.08
 303293.068   162.918   -17.81   17.42
 303582.273   162.986     0.23   17.90
 303871.481   160.105    -9.96   16.62
 304160.692   158.393    -5.92   15.32
 304449.906   157.302    -3.77   16.25
 304739.122   156.280    -3.54   16.03
 305028.342   155.678    -2.08   17.80
 305317.565   157.319     5.67   17.57
 305606.791   157.023    -1.03   17.43
 305896.019   157.461     1.52   17.54
 306185.251   158.573     3.85   18.34
 306474.486   160.969     8.28   18.86
 306763.723   164.952    13.77   18.82
 307052.964   166.569     5.59   18.41
 307342.208   168.832     7.82   15.88
 307631.454   174.444    19.40   13.55
 307920.704   176.903     8.50   13.16
 308209.957   179.519     9.04   11.77
 308499.212   182.346     9.77   11.71
 308788.471   185.366    10.44   11.61
 309077.732   187.090     5.96   11.71
 309366.997   187.902     2.81   11.26
 309656.265   189.207     4.51   11.16
 309945.535   190.198     3.43   11.67
 310234.809   191.194     3.44   12.07
 310524.086   192.263     3.70   12.08
 310813.366   192.728     1.61   12.75
 311102.648   194.805     7.18   13.64
 311391.934   197.231     8.39   14.80
 311681.223   200.159    10.12   14.67
 311970.514   202.444     7.90   14.00
 312259.809   203.202     2.62   13.70
 312549.107   204.652     5.01   12.29
 312838.408   206.698     7.07   11.75
 313127.712   206.619    -0.27   11.44
 313417.019   206.706     0.30   10.61
 313706.328   206.023    -2.36   10.74
 313995.641   206.286     0.91   10.52
 314284.957   205.177    -3.83   10.74
 314574.276   202.920    -7.80   12.13
 314863.598   199.519   -11.75   11.24
 315152.923   196.732    -9.63   11.70
 315442.251   193.090   -12.59   11.70
 315731.582   190.452    -9.12   11.59
 316020.916   187.493   -10.23   11.61
 316310.254   185.252    -7.75   12.08
 316599.594   183.018    -7.72   12.19
 316888.937   180.156    -9.89   12.61
 317178.283   178.542    -5.58   13.14
 317467.633   174.836   -12.81   15.36
 317756.985   168.297   -22.60   16.97
 318046.340   163.182   -17.68   16.92
 318335.699   160.297    -9.97   15.09
 318625.060   158.401    -6.55   15.19
 318914.425   160.556     7.45   17.48
 319203.792   166.728    21.33   21.60
 319493.163   173.133    22.13   21.94
 319782.537   178.418    18.27   19.72
 320071.914   179.436     3.52   19.63
 320361.293   178.345    -3.77   20.39
 320650.676   175.935    -8.33   19.58
 320940.062   173.719    -7.66   18.96
 321229.451   169.969   -12.96   17.06
 321518.843   165.130   -16.72   15.33
 321808.238   161.649   -12.03   12.14
 322097.636   158.579   -10.61   12.90
 322387.038   156.763    -6.28   14.00
 322676.442   156.087    -2.34   15.09
 322965.849   154.475    -5.57   15.50
