-302881.517   209.868     0.00   11.71
-302592.239   207.494    -8.21   11.63
-302302.962   206.944    -1.90   11.14
-302013.686   206.634    -1.07   10.87
-301724.410   207.365     2.53   11.20
-301435.136   207.538     0.60   10.73
-301145.863   206.082    -5.03   10.33
-300856.591   204.839    -4.30   10.34
-300567.320   204.474    -1.26   10.05
-300278.050   203.254    -4.22    9.87
-299988.780   201.554    -5.88   10.60
-299699.512   199.927    -5.63   11.08
-299410.245   199.188    -2.56   10.94
-299120.979   197.331    -6.42   11.19
-298831.714   194.958    -8.20   11.41
-298542.450   192.978    -6.84   10.42
-298253.187   190.737    -7.75    9.14
-297963.925   190.388    -1.21    9.34
-297674.664   189.807    -2.01    9.48
-297385.404   189.104    -2.43    9.53
-297096.145   187.737    -4.73    9.93
-296806.887   187.093    -2.23    9.68
-296517.630   185.838    -4.34    9.35
-296228.374   186.178     1.18    9.77
-295939.119   186.961     2.71   10.54
-295649.865   187.611     2.25   10.31
-295360.612   187.104    -1.75   10.36
-295071.360   185.754    -4.67    9.40
-294782.109   184.787    -3.34    9.99
-294492.859   184.720    -0.23   10.19
-294203.610   184.094    -2.17    9.72
-293914.362   181.954    -7.40    7.92
-293625.115   181.547    -1.41    7.84
-293335.868   182.554     3.48    8.69
-293046.623   182.599     0.15    9.25
-292757.379   184.892     7.93   10.42
-292468.136   184.703    -0.66   11.42
-292178.894   183.323    -4.77   10.98
-291889.653   181.377    -6.73   10.90
-291600.413   179.754    -5.61    9.95
-291311.173   179.907     0.53   10.69
-291021.935   180.513     2.10   10.91
-290732.698   179.220    -4.47    9.17
-290443.462   179.238     0.06    9.66
-290154.226   180.804     5.41   11.07
-289864.992   179.918    -3.06   10.59
-289575.758   179.772    -0.51   10.80
-289286.526   177.806    -6.80   11.54
-288997.295   175.161    -9.14   12.15
-288708.064   173.432    -5.98   12.18
-288418.835   172.171    -4.36   11.29
-288129.606   170.478    -5.85   10.13
-287840.378   169.289    -4.11    9.82
-287551.152   168.263    -3.55    9.93
-287261.926   168.521     0.89    9.86
-286972.701   169.638     3.86    9.41
-286683.478   170.651     3.50    9.55
-286394.255   172.229     5.46    8.55
-286105.033   172.808     2.00    7.71
-285815.812   174.483     5.79    6.66
-285526.592   174.246    -0.82    6.39
-285237.373   174.771     1.82    6.28
-284948.155   174.787     0.06    6.72
-284658.938   175.469     2.36    6.55
-284369.722   175.619     0.52    7.30
-284080.507   174.927    -2.39    7.33
-283791.292   174.328    -2.07    7.52
-283502.079   175.492     4.02    8.27
-283212.867   177.047     5.38    8.81
-282923.655   178.483     4.96    9.47
-282634.445   180.736     7.79    9.89
-282345.235   179.835    -3.12    9.83
-282056.027   178.907    -3.21   10.75
-281766.819   177.704    -4.16   10.83
-281477.612   175.185    -8.71   10.14
-281188.406   174.842    -1.19    9.91
-280899.201   174.771    -0.24    8.99
-280609.998   175.841     3.70    9.86
-280320.795   178.590     9.51   11.12
-280031.592   182.229    12.58   11.89
-279742.391   183.665     4.97   11.78
-279453.191   185.565     6.57   11.95
-279163.992   187.634     7.15   11.17
-278874.793   188.131     1.72   11.10
-278585.596   189.530     4.84   10.56
-278296.399   189.513    -0.06   10.36
-278007.204   188.565    -3.28   10.76
-277718.009   188.210    -1.22   11.29
-277428.815   185.836    -8.21   10.96
-277139.622   185.454    -1.32   11.47
-276850.430   185.021    -1.50   12.17
-276561.239   182.474    -8.81   12.43
-276272.049   179.392   -10.66   12.58
-275982.860   176.314   -10.65   11.78
-275693.672   174.737    -5.45   11.27
-275404.484   174.345    -1.36   10.90
-275115.298   173.858    -1.68    9.89
-274825.986   171.703    -7.45    8.38
-274536.606   171.410    -1.01    9.16
-274247.227   171.161    -0.86    9.59
-273957.848   172.656     5.17   10.77
-273668.471   175.565    10.05   12.00
-273379.094   177.365     6.22   12.52
-273089.718   178.933     5.42   13.60
-272800.343   181.021     7.22   13.04
-272510.970   182.869     6.39   13.17
-272221.597   185.212     8.10   15.63
-271932.224   184.454    -2.62   16.06
-271642.853   186.018     5.40   16.24
-271353.483   185.013    -3.47   15.89
-271064.113   186.704     5.84   16.92
-270774.745   188.856     7.44   17.05
-270485.377   191.206     8.12   17.44
-270196.010   190.915    -1.01   17.42
-269906.645   194.154    11.19   17.71
-269617.280   191.611    -8.79   16.52
-269327.915   192.980     4.73   15.24
-269038.552   193.054     0.26   14.43
-268749.190   191.354    -5.88   13.38
-268459.828   188.841    -8.69   11.44
-268170.468   188.397    -1.53   12.39
-267881.108   186.421    -6.83   12.00
-267591.749   184.144    -7.87   11.28
-267302.391   182.722    -4.92   11.46
-267013.034   182.604    -0.41   12.05
-266723.678   182.790     0.64   11.84
-266434.322   183.568     2.69   12.66
-266144.968   181.478    -7.22   11.10
-265855.614   181.054    -1.47   11.49
-265566.261   179.687    -4.73   11.04
-265276.909   180.461     2.68   11.36
-264987.558   179.530    -3.22   11.45
-264698.208   177.910    -5.60   11.67
-264408.859   177.558    -1.22   11.90
-264119.510   177.703     0.50   12.70
-263830.163   178.754     3.63   12.49
-263540.816   178.823     0.24   12.66
-263251.470   177.386    -4.97   11.64
-262962.125   178.213     2.86   11.22
-262672.781   179.054     2.91   10.73
-262383.438   179.197     0.49   10.78
-262094.095   177.522    -5.79   11.00
-261804.754   178.047     1.82   11.48
-261515.413   177.904    -0.49   11.51
-261226.073   177.685    -0.76   12.65
-260936.734   178.197     1.77   11.96
-260647.396   179.306     3.83   12.49
-260358.058   180.444     3.93   12.57
-260068.722   179.982    -1.60   12.58
-259779.386   177.381    -8.99   10.94
-259490.051   174.820    -8.85    9.97
-259200.717   173.789    -3.56    8.61
-258911.384   172.288    -5.19    9.56
-258622.051   172.201    -0.30    8.90
-258332.720   170.099    -7.26    9.63
-258043.389   168.354    -6.03    9.55
-257754.059   166.890    -5.06    9.41
-257464.730   166.054    -2.89    9.54
-257175.402   164.558    -5.17    9.68
-256886.075   162.348    -7.64    8.92
-256596.748   162.289    -0.20    8.45
-256307.422   162.771     1.67    8.33
-256018.097   164.754     6.86    9.66
-255728.773   167.035     7.88    8.54
-255439.450   167.538     1.74    8.61
-255150.128   168.147     2.11    8.86
-254860.806   167.017    -3.91    9.24
-254571.485   164.381    -9.11   10.09
-254282.165   163.449    -3.22    9.53
-253992.846   161.737    -5.92    9.42
-253703.528   160.565    -4.05    8.85
-253414.210   160.890     1.12    8.35
-253124.894   161.789     3.11    8.53
-252835.578   164.885    10.70    8.95
-252546.263   166.521     5.65    9.17
-252256.948   166.344    -0.61    9.73
-251967.635   167.381     3.59    9.55
-251678.322   168.772     4.80    9.86
-251389.010   168.885     0.39   10.10
-251099.699   169.358     1.63   11.21
-250810.389   169.026    -1.15   12.20
-250521.079   170.668     5.68   12.27
-250231.771   172.665     6.90   11.73
-249942.463   172.704     0.14   11.19
-249653.156   173.026     1.11   10.91
-249363.849   172.377    -2.24   10.69
-249074.544   171.772    -2.09   10.97
-248785.239   171.912     0.49   10.56
-248495.935   171.454    -1.58   10.03
-248206.632   170.297    -4.00    9.58
-247917.330   169.071    -4.24    9.31
-247628.028   168.088    -3.40    9.79
-247338.727   169.082     3.44   10.83
-247049.428   169.634     1.91   10.27
-246760.128   169.978     1.19   10.96
-246470.830   170.181     0.70   10.50
-246181.532   169.823    -1.23   10.36
-245892.235   169.873     0.17   10.54
-245602.939   171.004     3.91    9.95
-245313.644   171.568     1.95    9.79
-245024.350   171.400    -0.58    9.50
-244735.056   170.737    -2.29    9.91
-244445.763   170.331    -1.41    9.93
-244156.471   171.134     2.78   10.04
-243867.179   169.944    -4.11    9.60
-243577.889   167.421    -8.72    9.48
-243288.599   165.388    -7.03    9.67
-242999.310   162.335   -10.55   11.23
-242710.021   160.897    -4.97   11.51
-242420.734   158.071    -9.77   11.18
-242131.447   157.088    -3.40   10.35
-241842.161   157.967     3.04   10.74
-241552.875   159.161     4.13   11.20
-241263.591   160.737     5.45   11.74
-240974.307   163.500     9.55   10.27
-240685.024   165.272     6.13   10.10
-240395.742   165.704     1.49    9.80
-240106.460   168.721    10.43   11.33
-239817.180   171.404     9.28   11.84
-239527.900   173.720     8.01   11.38
-239238.620   176.058     8.08   12.34
-238949.342   178.365     7.97   12.94
-238660.064   181.116     9.51   12.87
-238370.787   183.161     7.07   13.83
-238081.511   188.771    19.39   20.78
-237792.235   198.220    32.66   25.87
-237502.960   205.047    23.60   26.21
-237213.686   215.358    35.64   34.00
-236924.413   222.621    25.11   34.12
-236635.141   225.348     9.43   31.71
-236345.869   228.195     9.84   30.07
-236056.598   225.496    -9.33   29.81
-235767.327   221.421   -14.09   31.88
-235478.058   211.404   -34.63   27.50
-235188.789   201.004   -35.95   23.47
-234899.521   191.496   -32.87   19.48
-234610.253   184.397   -24.54   17.21
-234320.987   179.203   -17.96   15.15
-234031.721   174.822   -15.14   11.89
-233742.455   172.651    -7.51   10.27
-233453.191   171.082    -5.42    8.82
-233163.927   169.996    -3.76    9.76
-232874.664   170.427     1.49    9.53
-232585.402   170.547     0.42    9.62
-232296.140   170.304    -0.84    9.66
-232006.879   170.054    -0.86    8.76
-231717.619   169.772    -0.98    9.14
-231428.360   170.504     2.53    8.99
-231139.101   171.736     4.26    8.00
-230849.843   170.461    -4.41    8.17
-230560.586   169.438    -3.54    8.45
-230271.329   167.381    -7.11    9.46
-229982.073   164.804    -8.91   10.79
-229692.818   162.540    -7.83   10.67
-229403.563   160.306    -7.72    9.98
-229114.310   160.076    -0.79   10.27
-228825.057   159.088    -3.42    9.96
-228535.804   159.093     0.02   10.27
-228246.553   159.530     1.51   10.05
-227957.302   161.504     6.83   10.45
-227668.051   163.105     5.53    9.80
-227378.802   164.304     4.15    9.45
-227089.553   167.466    10.93    9.90
-226800.305   169.754     7.91    9.89
-226511.057   171.687     6.68    9.15
-226221.811   172.588     3.12    9.17
-225932.564   173.188     2.07    9.19
-225643.319   172.875    -1.08    9.22
-225354.074   171.459    -4.89    9.05
-225064.830   170.254    -4.17    8.93
-224775.587   169.000    -4.34    8.25
-224486.344   167.856    -3.95    7.89
-224197.102   166.737    -3.87    7.82
-223907.861   166.138    -2.07    8.13
-223618.621   166.619     1.66    8.06
-223329.381   165.944    -2.33    8.72
-223040.141   165.754    -0.66    9.30
-222750.903   166.736     3.40    8.94
-222461.665   167.871     3.92    9.07
-222172.428   170.138     7.84    8.61
-221883.191   170.638     1.73    9.21
-221593.956   171.875     4.28    9.66
-221304.720   172.451     1.99    9.44
-221015.486   171.871    -2.00    9.87
-220726.252   172.203     1.15    9.44
-220437.019   173.338     3.92    9.41
-220147.786   172.704    -2.19    9.78
-219858.555   172.772     0.24    9.48
-219569.323   173.668     3.10    9.35
-219280.093   176.996    11.51   10.88
-218990.863   178.754     6.08   10.94
-218701.634   180.030     4.41   11.68
-218412.405   181.651     5.60   11.81
-218123.178   183.358     5.90   12.17
-217833.950   182.961    -1.37   12.74
-217544.724   182.787    -0.60   12.20
-217255.498   180.568    -7.67   12.22
-216966.273   180.958     1.35   11.74
-216677.048   180.193    -2.64   10.61
-216387.824   176.651   -12.25   12.93
-216098.601   173.938    -9.38   11.81
-215809.378   172.687    -4.33   10.83
-215520.156   172.525    -0.56   10.82
-215230.935   172.772     0.86   10.53
-214941.714   173.513     2.56   10.84
-214652.494   176.701    11.02   11.53
-214363.275   181.504    16.61   12.45
-214074.056   185.574    14.07   13.56
-213784.838   186.461     3.07   14.74
-213495.621   189.873    11.80   14.79
-213206.404   193.582    12.82   14.40
-212917.187   195.771     7.57   14.16
-212627.921   199.288    12.16   13.40
-212338.570   200.838     5.36   13.73
-212049.220   201.704     3.00   13.49
-211759.870   200.996    -2.45   13.18
-211470.521   198.856    -7.39   12.72
-211181.173   196.565    -7.92   13.72
-210891.825   193.738    -9.77   14.90
-210602.478   193.321    -1.44   15.85
-210313.132   194.236     3.16   16.47
-210023.786   195.619     4.78   17.47
-209734.441   195.772     0.53   20.42
-209445.096   194.885    -3.06   21.14
-209155.753   194.992     0.37   21.41
-208866.409   195.771     2.69   23.81
-208577.067   194.875    -3.10   27.51
-208287.724   194.281    -2.05   27.07
-207998.383   193.924    -1.23   27.98
-207709.042   190.110   -13.18   27.69
-207419.702   183.948   -21.30   21.52
-207130.362   180.924   -10.45   16.91
-206841.023   181.308     1.33   18.66
-206551.685   183.348     7.05   20.34
-206262.347   183.203    -0.50   24.30
-205973.010   187.541    15.00   27.34
-205683.673   190.375     9.79   28.44
-205394.337   194.185    13.17   30.52
-205105.002   196.634     8.46   29.94
-204815.667   198.651     6.97   27.66
-204526.333   199.938     4.45   27.47
-204237.000   202.754     9.74   26.25
-203947.667   199.204   -12.27   23.74
-203658.334   194.504   -16.24   23.27
-203369.002   192.823    -5.81   21.97
-203079.671   188.377   -15.37   22.13
-202790.341   184.438   -13.62   22.55
-202501.011   177.951   -22.42   21.93
-202211.681   171.105   -23.66   21.92
-201922.352   162.720   -28.98   22.63
-201633.024   155.653   -24.43   20.39
-201343.697   149.004   -22.98   20.08
-201054.370   144.721   -14.80   19.43
-200765.043   142.047    -9.24   19.81
-200475.717   137.822   -14.60   15.18
-200186.392   133.421   -15.21   11.98
-199897.067   130.821    -8.99    9.18
-199607.743   130.188    -2.19    9.27
-199318.419   129.978    -0.72    9.55
-199029.096   129.161    -2.83    9.37
-198739.774   128.203    -3.31    8.84
-198450.452   129.054     2.94   10.19
-198161.131   131.415     8.16   15.65
-197871.810   136.088    16.15   20.64
-197582.490   136.377     1.00   20.78
-197293.170   137.140     2.64   21.29
-197003.851   136.588    -1.91   21.07
-196714.533   133.858    -9.44   19.71
-196425.215   133.312    -1.89   18.61
-196135.898   130.171   -10.86   15.43
-195846.581   128.632    -5.32   12.81
-195557.265   130.410     6.15   13.39
-195267.949   129.076    -4.61   10.97
-194978.634   131.246     7.50   13.40
-194689.320   133.805     8.85   13.58
-194400.006   133.038    -2.65   14.38
-194110.692   131.254    -6.16   14.80
-193821.379   133.058     6.23   15.21
-193532.067   134.871     6.27   17.23
-193242.755   139.116    14.67   22.11
-192953.444   142.246    10.82   23.47
-192664.133   145.568    11.48   23.99
-192374.823   155.306    33.66   23.68
-192085.514   158.616    11.44   21.47
-191796.205   157.272    -4.65   21.76
-191506.896   152.361   -16.97   21.10
-191217.588   148.030   -14.97   20.47
-190928.281   145.547    -8.58   18.95
-190638.974   143.772    -6.14   15.48
-190349.668   143.013    -2.62   10.65
-190060.362   142.426    -2.03   10.87
-189771.057   143.721     4.47   10.78
-189481.752   144.821     3.80   11.01
-189192.448   145.308     1.68   13.06
-188903.144   144.065    -4.30   14.03
-188613.841   144.154     0.31   14.28
-188324.538   142.720    -4.96   14.24
-188035.236   143.788     3.69   15.40
-187745.935   143.094    -2.40   17.17
-187456.634   139.616   -12.02   18.81
-187167.333   136.013   -12.46   18.71
-186878.033   129.348   -23.04   18.50
-186588.734   121.104   -28.49   16.94
-186299.435   119.410    -5.86   17.74
-186010.137   115.432   -13.75   17.07
-185720.839   116.421     3.42   18.38
-185431.541   120.093    12.69   20.82
-185142.245   123.000    10.05   20.09
-184852.948   128.161    17.84   16.64
-184563.652   129.488     4.59   13.93
-184274.357   128.298    -4.11   12.63
-183985.062   128.229    -0.24   12.10
-183695.768   129.754     5.27   14.31
-183406.474   131.517     6.09   15.73
-183117.181   135.788    14.76   17.34
-182827.888   139.018    11.16   16.87
-182538.596   143.121    14.18   15.51
-182249.304   144.333     4.19   15.05
-181960.013   145.158     2.85   15.24
-181670.722   147.988     9.78   16.82
-181381.432   149.621     5.65   16.85
-181092.142   152.703    10.65   18.59
-180802.853   156.290    12.40   20.28
-180513.564   158.638     8.12   19.58
-180224.276   161.822    11.01   20.62
-179934.988   160.754    -3.69   23.19
-179645.701   157.415   -11.54   24.62
-179356.414   153.540   -13.40   24.66
-179067.128   150.004   -12.22   24.11
-178777.842   144.461   -19.16   24.09
-178488.557   139.321   -17.77   21.08
-178199.272   137.924    -4.83   18.80
-177909.987   133.720   -14.53   13.41
-177620.703   130.461   -11.26   13.49
-177331.420   124.634   -20.15   12.61
-177042.137   121.066   -12.33   13.79
-176752.855   116.703   -15.08   14.55
-176463.573   113.110   -12.42   13.89
-176174.291   111.185    -6.65   13.13
-175885.010   110.474    -2.46   13.36
-175595.730   111.835     4.71   14.38
-175306.450   112.854     3.52   15.66
-175017.170   115.738     9.97   19.82
-174727.891   116.665     3.21   22.05
-174438.612   117.203     1.86   22.15
-174149.334   119.671     8.53   22.19
-173860.056   121.203     5.29   22.63
-173570.779   122.967     6.10   21.98
-173281.502   124.220     4.33   20.72
-172992.226   128.030    13.17   19.98
-172702.950   130.667     9.11   19.91
-172413.674   130.348    -1.10   19.64
-172124.400   131.902     5.37   21.50
-171835.125   132.737     2.89   20.71
-171545.851   134.854     7.32   19.46
-171256.577   135.808     3.30   17.72
-170967.304   135.704    -0.36   16.56
-170678.032   135.254    -1.55   16.89
-170388.759   133.992    -4.37   16.90
-170099.488   130.885   -10.74   13.75
-169810.216   129.433    -5.02   12.16
-169520.945   130.009     1.99   12.20
-169231.675   131.737     5.98   14.83
-168942.405   135.538    13.14   17.18
-168653.135   139.017    12.03   18.71
-168363.866   142.018    10.37   18.33
-168074.598   142.871     2.95   17.69
-167785.329   141.129    -6.02   16.48
-167496.061   139.787    -4.64   16.00
-167206.794   135.297   -15.52   14.31
-166917.527   129.551   -19.86   16.59
-166628.261   120.737   -30.47   16.27
-166338.995   114.478   -21.64   15.55
-166049.729   111.297   -11.00   13.03
-165760.464   111.875     2.00   13.56
-165471.199   113.109     4.27   14.34
-165181.935   115.671     8.86   14.48
-164892.671   119.361    12.76   13.39
-164603.407   123.212    13.31   11.54
-164314.144   128.323    17.67   10.44
-164024.882   130.197     6.48   10.25
-163735.619   131.547     4.67   10.18
-163446.358   133.704     7.45   11.44
-163157.096   135.565     6.43   11.63
-162867.835   136.415     2.94   11.24
-162578.575   138.704     7.91   10.75
-162289.315   138.924     0.76   10.81
-162000.055   139.082     0.55   10.16
-161710.796   140.461     4.77   10.08
-161421.537   141.439     3.38    9.59
-161132.278   139.388    -7.09   11.18
-160843.020   136.704    -9.28   13.34
-160553.763   133.404   -11.41   14.59
-160264.505   133.702     1.03   14.65
-159975.249   133.358    -1.19   14.58
-159685.992   134.892     5.30   14.28
-159396.736   141.789    23.84   16.18
-159107.480   143.836     7.08   14.68
-158818.225   141.668    -7.50   16.68
-158528.970   139.331    -8.08   17.22
-158239.716   136.254   -10.64   16.37
-157950.462   135.449    -2.78   15.49
-157661.208   132.093   -11.60   12.70
-157371.955   129.856    -7.73   13.70
-157082.702   126.517   -11.54   16.63
-156793.450   123.772    -9.49   17.76
-156504.198   119.237   -15.68   17.90
-156214.946   117.602    -5.65   16.41
-155925.695   119.704     7.27   18.91
-155636.444   122.577     9.93   21.22
-155347.193   126.397    13.21   20.58
-155057.943   133.021    22.90   17.10
-154768.693   132.737    -0.98   16.61
-154479.444   131.853    -3.06   16.70
-154190.195   128.571   -11.35   14.55
-153900.946   126.341    -7.71   13.50
-153611.698   124.941    -4.84   11.61
-153322.450   125.147     0.71   12.04
-153033.203   126.054     3.14   13.22
-152743.956   126.071     0.06   13.37
-152454.709   124.888    -4.09   16.14
-152165.463   122.161    -9.43   18.07
-151876.217   120.540    -5.60   18.69
-151586.971   118.551    -6.88   19.00
-151297.726   114.858   -12.77   16.84
-151008.481   113.404    -5.02   16.04
-150719.236   114.924     5.25   15.63
-150429.984   115.439     1.78   14.29
-150140.662   114.582    -2.96   12.71
-149851.341   114.737     0.54   12.27
-149562.021   115.838     3.80   10.91
-149272.701   116.144     1.06   10.83
-148983.381   115.432    -2.46   10.83
-148694.061   115.134    -1.03   10.69
-148404.742   115.754     2.15   11.17
-148115.423   117.213     5.04   11.42
-147826.105   119.371     7.46   10.38
-147536.787   121.867     8.63   10.44
-147247.469   123.185     4.56   10.23
-146958.152   123.065    -0.42    9.79
-146668.835   123.093     0.10    9.38
-146379.518   122.789    -1.05    8.71
-146090.202   124.787     6.91    8.94
-145800.886   125.892     3.82    9.53
-145511.570   129.013    10.79   11.88
-145222.255   131.703     9.30   11.50
-144932.940   131.410    -1.01   11.46
-144643.625   132.571     4.01   12.08
-144354.311   131.410    -4.01   11.03
-144064.997   131.854     1.54   10.29
-143775.683   132.272     1.44    9.82
-143486.370   133.910     5.66    9.11
-143197.057   136.131     7.68    8.88
-142907.744   136.822     2.39    9.02
-142618.432   137.504     2.36    9.67
-142329.120   139.070     5.41    9.93
-142039.808   141.323     7.79   10.19
-141750.497   145.737    15.26   13.13
-141461.186   152.521    23.45   18.74
-141171.875   158.109    19.32   22.01
-140882.565   164.806    23.15   26.15
-140593.255   175.571    37.21   31.84
-140303.945   185.316    33.68   33.43
-140014.636   183.071    -7.76   33.58
-139725.327   183.348     0.96   33.87
-139436.018   182.047    -4.49   33.42
-139146.710   180.026    -6.99   32.32
-138857.401   179.444    -2.01   32.55
-138568.094   172.138   -25.25   27.22
-138278.786   175.720    12.38   30.60
-137989.479   185.371    33.36   37.34
-137700.172   195.381    34.60   44.22
-137410.866   194.403    -3.38   46.45
-137121.559   188.554   -20.22   48.01
-136832.253   186.134    -8.37   49.39
-136542.948   177.607   -29.47   50.65
-136253.642   164.771   -44.37   45.04
-135964.337   154.158   -36.69   32.83
-135675.032   157.547    11.72   37.54
-135385.728   159.308     6.09   39.37
-135096.424   161.918     9.02   40.61
-134807.120   156.822   -17.62   40.96
-134517.816   152.004   -16.65   40.72
-134228.513   147.565   -15.35   39.41
-133939.210   138.754   -30.45   34.37
-133649.907   130.471   -28.63   36.54
-133360.605   123.254   -24.95   36.45
-133071.303   113.394   -34.08   28.03
-132782.001   106.702   -23.13   24.97
-132492.700    99.272   -25.68   12.96
-132203.398   100.461     4.11   12.83
-131914.097   107.513    24.38   16.60
-131624.797   110.885    11.66   15.84
-131335.496   113.841    10.21   14.93
-131046.196   119.168    18.42   15.00
-130756.896   123.306    14.30   19.07
-130467.597   126.228    10.10   22.10
-130178.297   127.121     3.09   22.46
-129888.998   127.323     0.70   23.38
-129599.700   131.638    14.91   24.24
-129310.401   133.004     4.72   23.50
-129021.103   134.185     4.08   23.82
-128731.805   134.088    -0.34   21.98
-128442.507   137.178    10.68   22.33
-128153.210   141.689    15.59   22.70
-127863.913   138.611   -10.64   20.99
-127574.616   135.410   -11.07   19.66
-127285.319   133.461    -6.73   17.80
-126996.023   132.254    -4.17   17.43
-126706.727   130.820    -4.96   16.31
-126417.431   129.668    -3.98   15.41
-126128.135   130.121     1.57   16.02
-125838.840   133.158    10.50   19.16
-125549.545   133.088    -0.24   20.86
-125260.250   131.938    -3.98   23.07
-124970.956   130.427    -5.22   23.68
-124681.661   127.504   -10.10   25.82
-124392.367   124.288   -11.12   28.30
-124103.074   116.873   -25.63   30.47
-123813.780   109.375   -25.92   27.57
-123524.487   103.534   -20.19   22.88
-123235.194   100.171   -11.62   19.27
-122945.901    99.614    -1.93   20.62
-122656.608   101.088     5.09   21.72
-122367.316   103.013     6.66   23.40
-122078.024   103.804     2.73   23.77
-121788.732   101.321    -8.58   22.57
-121499.440    99.978    -4.64   20.59
-121210.149    98.996    -3.40   20.80
-120920.858    93.986   -17.32   20.00
-120631.567    89.820   -14.40   20.31
-120342.276    84.954   -16.82   19.70
-120052.986    82.688    -7.84   17.94
-119763.696    83.772     3.75   22.43
-119474.406    90.165    22.10   31.50
-119185.116   104.254    48.70   42.91
-118895.826   120.392    55.78   48.46
-118606.537   131.371    37.95   47.83
-118317.248   142.341    37.92   48.05
-118027.959   162.513    69.73   45.97
-117738.670   170.892    28.97   44.45
-117449.382   177.478    22.77   44.22
-117160.094   179.263     6.17   42.67
-116870.806   179.116    -0.51   41.92
-116581.518   173.263   -20.23   43.33
-116292.231   160.272   -44.91   47.20
-116002.943   144.088   -55.94   47.83
-115713.656   128.400   -54.23   41.31
-115424.369   118.804   -33.17   34.21
-115135.083   110.288   -29.44   23.01
-114845.796   110.736     1.55   20.76
-114556.510   118.392    26.46   23.98
-114267.224   125.280    23.81   25.63
-113977.938   130.788    19.04   27.16
-113688.652   131.988     4.15   28.31
-113399.367   132.392     1.40   28.84
-113110.081   137.237    16.75   30.51
-112820.796   142.316    17.56   32.46
-112531.512   146.009    12.77   32.65
-112242.227   147.042     3.57   35.03
-111952.942   151.547    15.57   34.35
-111663.658   161.059    32.88   35.27
-111374.374   164.807    12.95   36.48
-111085.090   169.127    14.93   36.95
-110795.807   169.071    -0.19   39.55
-110506.523   170.388     4.55   37.53
-110217.240   169.471    -3.17   36.90
-109927.957   161.415   -27.85   37.62
-109638.674   156.653   -16.46   35.96
-109349.391   146.703   -34.40   35.58
-109060.108   142.371   -14.97   36.54
-108770.826   134.558   -27.01   35.79
-108481.544   128.053   -22.49   30.28
-108192.262   123.838   -14.57   26.11
-107902.980   123.486    -1.21   22.60
-107613.698   121.529    -6.77   20.11
-107324.417   123.521     6.89   19.64
-107035.135   125.331     6.26   19.61
-106745.854   126.461     3.91   19.50
-106456.573   126.927     1.61   19.08
-106167.292   128.907     6.85   20.51
-105878.012   131.331     8.38   26.08
-105588.731   134.561    11.17   29.91
-105299.451   137.212     9.16   30.19
-105010.171   137.683     1.63   30.64
-104720.891   134.687   -10.36   32.34
-104431.611   134.496    -0.66   31.66
-104142.332   128.640   -20.24   31.54
-103853.052   124.203   -15.34   27.78
-103563.773   117.030   -24.79   23.00
-103274.494   113.496   -12.22   22.90
-102985.215   111.547    -6.73   24.43
-102695.936   111.804     0.89   26.19
-102406.657   111.534    -0.93   28.92
-102117.378   104.871   -23.03   30.97
-101828.100    96.842   -27.76   29.58
-101538.822    91.860   -17.22   30.70
-101249.544    85.967   -20.37   32.81
-100960.266    81.371   -15.89   31.41
-100670.988    75.890   -18.95   27.06
-100381.710    71.333   -15.75   21.99
-100092.433    71.272    -0.21   20.61
 -99803.156    76.454    17.92   25.53
 -99513.878    79.858    11.77   27.65
 -99224.601    81.787     6.67   28.00
 -98935.324    81.944     0.54   26.53
 -98646.048    80.551    -4.82   25.57
 -98356.771    78.611    -6.70   25.78
 -98067.494    73.138   -18.92   23.67
 -97778.218    68.377   -16.46   21.12
 -97488.942    65.530    -9.84   17.38
 -97199.666    66.178     2.24   18.84
 -96910.390    68.667     8.60   21.36
 -96621.114    72.530    13.36   21.01
 -96331.838    74.992     8.51   17.10
 -96042.562    76.483     5.16   14.26
 -95753.287    78.853     8.19   12.33
 -95464.012    82.272    11.82   15.96
 -95174.736    87.534    18.19   19.88
 -94885.461    87.754     0.76   19.73
 -94596.186    86.492    -4.36   20.43
 -94306.911    84.476    -6.97   21.89
 -94017.637    83.720    -2.61   23.33
 -93728.362    80.483   -11.19   24.16
 -93439.087    78.451    -7.03   23.83
 -93149.813    77.623    -2.86   25.33
 -92860.539    85.571    27.48   31.15
 -92571.265    95.154    33.13   34.83
 -92281.991   110.616    53.45   31.19
 -91992.717   118.879    28.56   25.19
 -91703.443   121.381     8.65   22.87
 -91414.169   119.858    -5.27   22.84
 -91124.895   112.918   -23.99   26.03
 -90835.622   103.026   -34.20   25.99
 -90546.348    96.076   -24.02   20.78
 -90257.075    94.772    -4.51   19.16
 -89967.802    94.151    -2.15   17.84
 -89678.529    94.508     1.24   16.73
 -89389.256    95.720     4.19   15.50
 -89099.983    98.171     8.47   13.17
 -88810.710    97.220    -3.29   11.99
 -88521.437    95.561    -5.73   10.02
 -88232.165    96.154     2.05   10.39
 -87942.876    98.188     7.03   10.16
 -87653.584    97.410    -2.69   11.32
 -87364.293    95.254    -7.45   13.09
 -87075.001    93.513    -6.02   12.91
 -86785.710    91.026    -8.60   12.35
 -86496.419    86.599   -15.30   11.62
 -86207.127    84.361    -7.74   11.78
 -85917.836    82.306    -7.10   11.26
 -85628.545    79.772    -8.76   11.05
 -85339.254    77.375    -8.28   12.40
 -85049.963    73.254   -14.24   14.52
 -84760.673    72.394    -2.98   14.67
 -84471.382    73.375     3.39   15.68
 -84182.091    72.602    -2.67   16.59
 -83892.801    72.933     1.14   16.87
 -83603.510    74.754     6.30   17.71
 -83314.220    77.279     8.73   19.40
 -83024.929    79.975     9.32   19.60
 -82735.639    80.907     3.22   20.77
 -82446.349    78.667    -7.74   21.52
 -82157.059    76.358    -7.98   20.85
 -81867.769    74.304    -7.10   19.54
 -81578.479    73.154    -3.98   18.84
 -81289.189    71.867    -4.45   19.50
 -80999.899    69.683    -7.55   20.35
 -80710.609    69.088    -2.06   21.00
 -80421.319    68.193    -3.09   19.66
 -80132.030    69.279     3.75   19.68
 -79842.740    67.059    -7.67   19.51
 -79553.450    63.254   -13.15   21.33
 -79264.161    59.059   -14.50   21.07
 -78974.871    55.165   -13.46   22.71
 -78685.582    50.988   -14.44   20.95
 -78396.292    46.449   -15.69   19.12
 -78107.003    45.804    -2.23   19.32
 -77817.714    46.127     1.12   20.07
 -77528.425    49.526    11.75   23.05
 -77239.135    52.670    10.87   23.56
 -76949.846    58.030    18.53   22.16
 -76660.557    60.958    10.12   20.01
 -76371.268    63.195     7.73   18.42
 -76081.979    63.444     0.86   18.15
 -75792.690    63.978     1.85   17.44
 -75503.401    60.806   -10.97   15.72
 -75214.112    60.788    -0.06   15.70
 -74924.823    60.687    -0.35   15.34
 -74635.534    60.288    -1.38   14.98
 -74346.245    62.582     7.93   14.26
 -74056.957    61.544    -3.59   15.34
 -73767.668    58.951    -8.96   16.92
 -73478.379    56.571    -8.23   17.70
 -73189.090    53.787    -9.63   19.99
 -72899.802    49.076   -16.28   22.28
 -72610.513    45.306   -13.03   20.79
 -72321.224    43.009    -7.94   18.71
 -72031.936    41.892    -3.86   16.85
 -71742.647    44.213     8.02   16.62
 -71453.359    47.910    12.78   16.67
 -71164.070    54.203    21.75   15.24
 -70874.782    58.530    14.96   16.29
 -70585.493    63.554    17.37   16.52
 -70296.205    66.754    11.06   15.46
 -70006.916    68.927     7.51   13.95
 -69717.628    68.504    -1.46   12.99
 -69428.339    68.254    -0.86   12.32
 -69139.051    67.185    -3.70   11.32
 -68849.762    64.821    -8.17   10.13
 -68560.474    64.804    -0.06    9.56
 -68271.185    64.004    -2.77    9.78
 -67981.897    63.308    -2.41   10.38
 -67692.609    63.599     1.01   11.07
 -67403.320    63.461    -0.48   11.05
 -67114.032    63.871     1.42   11.51
 -66824.743    63.099    -2.67   11.67
 -66535.455    65.410     7.99   10.15
 -66246.166    65.204    -0.71   10.57
 -65956.878    64.456    -2.59   10.53
 -65667.590    62.521    -6.69   11.59
 -65378.301    60.568    -6.75   11.82
 -65089.013    57.427   -10.86   11.88
 -64799.724    54.449   -10.29   11.05
 -64510.436    52.204    -7.76   10.65
 -64221.147    50.921    -4.44   10.27
 -63931.859    50.272    -2.24   10.09
 -63642.570    49.924    -1.20    9.70
 -63353.282    49.721    -0.70    9.77
 -63063.993    48.772    -3.28    9.53
 -62774.705    49.466     2.40    9.80
 -62485.416    49.875     1.41    9.49
 -62196.128    50.621     2.58    9.47
 -61906.839    50.038    -2.02    8.76
 -61617.550    48.151    -6.52   10.22
 -61328.262    45.254   -10.01   11.64
 -61038.973    43.986    -4.38   10.49
 -60749.684    42.871    -3.86   10.01
 -60460.395    42.604    -0.92    8.79
 -60171.107    42.904     1.04    8.21
 -59881.818    42.772    -0.46    8.71
 -59592.529    42.629    -0.49    8.03
 -59303.240    39.738   -10.00   11.49
 -59013.951    35.220   -15.62   14.75
 -58724.662    32.504    -9.39   14.65
 -58435.373    31.619    -3.06   13.81
 -58146.084    29.875    -6.03   13.68
 -57856.795    31.099     4.23   14.36
 -57567.506    34.082    10.31   13.91
 -57278.217    37.574    12.07   11.98
 -56988.928    40.651    10.64    8.60
 -56699.639    42.772     7.33    8.00
 -56410.349    42.616    -0.54    8.25
 -56121.060    42.254    -1.25    8.27
 -55831.771    41.045    -4.18    8.66
 -55542.481    39.670    -4.75    9.11
 -55253.192    36.365   -11.42   11.54
 -54963.902    34.368    -6.90   12.89
 -54674.613    31.806    -8.86   12.36
 -54385.323    31.154    -2.25   13.25
 -54096.033    31.568     1.43   12.62
 -53806.744    32.371     2.78   12.54
 -53517.454    31.058    -4.54   13.75
 -53228.164    29.875    -4.09   14.62
 -52938.874    25.986   -13.44   16.33
 -52649.584    23.588    -8.29   15.55
 -52360.294    18.504   -17.57   13.68
 -52071.004    17.547    -3.31   12.74
 -51781.714    18.821     4.40   12.45
 -51492.424    21.614     9.65   11.91
 -51203.133    25.771    14.37    9.66
 -50913.843    28.071     7.95    8.96
 -50624.552    29.838     6.11    7.84
 -50335.262    30.971     3.92    6.65
 -50045.971    30.289    -2.36    6.72
 -49756.681    27.788    -8.64    8.34
 -49467.390    24.703   -10.67    8.51
 -49178.099    22.331    -8.20    8.87
 -48888.808    19.454    -9.94    9.61
 -48599.517    16.053   -11.76   10.33
 -48310.226    14.638    -4.89    9.77
 -48020.935    13.754    -3.05    9.29
 -47731.644    14.077     1.12    8.81
 -47442.352    14.388     1.07    7.80
 -47153.061    14.365    -0.08    7.04
 -46863.770    14.823     1.59    6.68
 -46574.478    14.667    -0.54    7.02
 -46285.186    14.992     1.12    6.23
 -45995.895    13.754    -4.28    6.23
 -45706.603    11.512    -7.75    6.57
 -45417.311    10.254    -4.35    6.46
 -45128.019     9.576    -2.35    6.32
 -44838.727     8.354    -4.22    6.49
 -44549.434     7.358    -3.44    6.20
 -44260.142     6.672    -2.37    5.72
 -43970.850     5.927    -2.58    4.72
 -43681.557     6.254     1.13    6.05
 -43392.265     6.134    -0.42    6.27
 -43102.972     5.651    -1.67    6.11
 -42813.679     6.115     1.60    6.40
 -42524.386     5.530    -2.02    6.44
 -42235.093     7.088     5.38    9.20
 -41945.800     9.030     6.71   11.05
 -41656.507     9.496     1.61   11.08
 -41367.213    11.361     6.45   11.37
 -41077.920    11.471     0.38   10.75
 -40788.626    10.902    -1.97   10.56
 -40499.332    10.947     0.16   10.35
 -40210.038     9.772    -4.06    9.72
 -39920.745     8.805    -3.34    8.84
 -39631.450     8.822     0.06    9.12
 -39342.156     7.738    -3.75    9.22
 -39052.862     7.461    -0.96    9.18
 -38763.568     8.772     4.53    9.83
 -38474.273     8.930     0.55   10.04
 -38184.978     7.988    -3.26    9.83
 -37895.683     6.871    -3.86    9.36
 -37606.389     5.927    -3.26    8.46
 -37317.093     5.958     0.11    8.55
 -37027.798     5.772    -0.64    8.01
 -36738.503     6.263     1.70    8.53
 -36449.207     6.890     2.17    8.75
 -36159.912     7.088     0.68    8.21
 -35870.616     7.328     0.83    7.90
 -35581.320     8.647     4.56    7.53
 -35292.024     8.348    -1.04    7.26
 -35002.728     7.030    -4.55    6.34
 -34713.432     6.738    -1.01    6.34
 -34424.135     6.443    -1.02    6.84
 -34134.839     6.289    -0.53    7.05
 -33845.542     5.449    -2.90    7.03
 -33556.245     6.165     2.47    7.91
 -33266.948     5.625    -1.87    7.78
 -32977.651     4.890    -2.54    7.67
 -32688.354     3.754    -3.93    6.80
 -32399.056     2.099    -5.72    5.51
 -32109.759     0.754    -4.65    4.26
 -31820.461     0.161    -2.05    3.00
 -31531.163    -0.159    -1.11    2.38
 -31241.865    -0.344    -0.64    2.26
 -30952.567    -0.856    -1.77    1.16
 -30663.268    -0.871    -0.05    1.12
 -30373.970    -0.901    -0.10    1.16
 -30084.671    -0.711     0.66    1.19
 -29795.372    -0.787    -0.26    1.19
 -29506.073    -0.711     0.26    1.13
 -29216.774    -0.832    -0.42    1.16
 -28927.475    -0.866    -0.12    1.12
 -28638.175    -0.849     0.06    1.23
 -28348.876    -0.529     1.11    2.33
 -28059.576     0.280     2.80    4.45
 -27770.276     1.213     3.23    5.33
 -27480.975     2.579     4.72    6.93
 -27191.675     3.358     2.69    7.20
 -26902.375     4.672     4.54    7.68
 -26613.074     6.466     6.20    8.64
 -26323.773     7.254     2.72    8.99
 -26034.472     7.632     1.30    8.35
 -25745.193     7.220    -1.42    8.29
 -25455.931     7.195    -0.09    7.90
 -25166.669     6.582    -2.12    7.58
 -24877.406     5.148    -4.96    7.14
 -24588.143     3.065    -7.20    5.82
 -24298.881     1.348    -5.94    4.21
 -24009.618     0.808    -1.87    3.84
 -23720.354     0.432    -1.30    3.20
 -23431.091     0.066    -1.27    2.34
 -23141.827     0.110     0.15    2.77
 -22852.563     1.246     3.93    4.81
 -22563.299     1.858     2.12    5.49
 -22274.035     3.116     4.35    6.52
 -21984.771     3.551     1.50    6.36
 -21695.506     3.619     0.23    6.39
 -21406.241     4.464     2.92    6.76
 -21116.976     4.897     1.50    6.66
 -20827.711     6.188     4.46    7.22
 -20538.446     6.947     2.63    7.13
 -20249.180     7.656     2.45    7.45
 -19959.914     9.004     4.66    7.45
 -19670.648     9.737     2.53    8.22
 -19381.382    10.229     1.70    8.40
 -19092.115    11.326     3.79    9.05
 -18802.849    12.443     3.86    9.87
 -18513.582    13.161     2.48   10.04
 -18224.315    14.438     4.41    9.98
 -17935.048    16.432     6.90    9.19
 -17645.780    17.147     2.47    8.36
 -17356.512    17.551     1.40    7.20
 -17067.244    17.203    -1.20    5.96
 -16777.976    16.538    -2.30    5.39
 -16488.708    17.104     1.96    4.67
 -16199.439    17.684     2.00    3.71
 -15910.170    17.634    -0.17    4.30
 -15620.901    17.668     0.12    4.20
 -15331.632    16.854    -2.81    4.80
 -15042.363    16.517    -1.17    4.52
 -14753.093    16.571     0.19    4.45
 -14463.823    16.582     0.04    4.63
 -14174.553    16.754     0.60    4.52
 -13885.282    16.438    -1.09    4.49
 -13596.012    17.271     2.88    4.50
 -13306.741    18.448     4.07    4.16
 -13017.470    18.403    -0.15    4.41
 -12728.198    18.547     0.50    4.40
 -12438.927    18.636     0.31    4.34
 -12149.655    18.461    -0.60    4.07
 -11860.383    18.820     1.24    3.67
 -11571.111    18.996     0.61    3.39
 -11281.838    19.116     0.42    3.75
 -10992.565    19.513     1.37    3.56
 -10703.292    20.568     3.65    3.28
 -10414.019    21.171     2.08    3.40
 -10124.746    22.013     2.91    3.21
  -9835.472    21.904    -0.38    4.16
  -9546.198    21.469    -1.51    5.01
  -9256.924    20.392    -3.72    5.89
  -8967.649    19.722    -2.32    6.10
  -8678.374    18.856    -2.99    5.96
  -8389.099    18.538    -1.10    5.37
  -8099.824    18.361    -0.61    5.44
  -7810.548    19.841     5.11    3.40
  -7521.273    19.838    -0.01    3.44
  -7231.996    18.671    -4.03    5.48
  -6942.720    18.174    -1.72    5.42
  -6653.444    17.496    -2.34    5.83
  -6364.167    17.604     0.38    6.48
  -6074.890    16.965    -2.21    7.18
  -5785.612    15.921    -3.61    8.08
  -5496.335    14.873    -3.62    8.83
  -5207.057    13.306    -5.42    9.32
  -4917.778    12.720    -2.02    9.52
  -4628.500    11.668    -3.64    9.76
  -4339.221    10.538    -3.91    9.62
  -4049.942     8.907    -5.64    9.71
  -3760.663     7.121    -6.17    9.73
  -3471.383     4.365    -9.53    9.23
  -3182.104     2.754    -5.57    8.74
  -2892.823     0.907    -6.39    7.66
  -2603.543    -1.694    -8.99    4.75
  -2314.262    -3.046    -4.67    1.55
  -2024.981    -3.246    -0.69    0.00
  -1735.700    -3.246     0.00    0.00
  -1446.419    -3.246     0.00    0.00
  -1157.137    -3.246     0.00    0.00
   -867.855    -3.246     0.00    0.00
   -578.572    -3.246     0.00    0.00
   -289.290    -3.246     0.00    0.00
     -0.007    -3.246     0.00    0.00
    289.277    -3.246     0.00    0.00
    578.560    -3.246     0.00    0.00
    867.844    -3.246     0.00    0.00
   1157.128    -2.729     1.79    3.13
   1446.413     0.082     9.72    8.10
   1735.697     4.065    13.77   10.80
   2024.982     7.013    10.19   11.36
   2314.268     8.272     4.35   11.38
   2603.553     8.181    -0.31   11.38
   2892.839     8.841     2.28   11.27
   3182.126    10.030     4.11   11.88
   3471.412    10.134     0.36   12.33
   3760.699    11.754     5.60   12.90
   4049.986    14.443     9.29   12.84
   4339.274    18.358    13.53   10.50
   4628.562    20.941     8.93    6.47
   4917.850    21.368     1.48    4.16
   5207.138    19.996    -4.74    4.65
   5496.427    18.938    -3.66    4.92
   5785.716    17.517    -4.91    4.26
   6075.005    16.705    -2.81    3.87
   6364.295    16.308    -1.37    3.72
   6653.585    16.306    -0.01    3.79
   6942.875    16.684     1.31    3.92
   7232.166    17.638     3.30    4.03
   7521.457    18.271     2.19    4.07
   7810.748    19.341     3.70    3.79
   8100.040    20.821     5.12    3.21
   8389.332    21.526     2.44    3.08
   8678.624    21.938     1.42    3.24
   8967.917    22.204     0.92    3.29
   9257.210    22.398     0.67    3.18
   9546.503    22.421     0.08    2.98
   9835.797    22.030    -1.35    2.93
  10125.091    21.483    -1.89    3.06
  10414.385    20.375    -3.83    2.71
  10703.680    19.721    -2.26    2.76
  10992.975    19.088    -2.19    2.54
  11282.270    18.129    -3.31    2.76
  11571.566    17.381    -2.59    2.53
  11860.862    16.720    -2.29    2.30
  12150.158    16.221    -1.72    2.35
  12439.455    15.888    -1.15    2.16
  12728.752    15.582    -1.06    2.07
  13018.049    15.099    -1.67    1.76
  13307.347    15.105     0.02    1.64
  13596.645    15.164     0.20    1.73
  13885.943    15.038    -0.44    1.91
  14175.242    14.851    -0.64    1.93
  14464.541    14.685    -0.57    1.86
  14753.841    14.433    -0.87    1.76
  15043.141    14.388    -0.16    1.78
  15332.441    14.237    -0.52    1.66
  15621.742    14.671     1.50    2.42
  15911.043    14.875     0.71    2.60
  16200.344    15.151     0.95    2.78
  16489.646    15.530     1.31    3.04
  16778.948    16.496     3.34    3.40
  17068.250    17.820     4.58    3.67
  17357.553    18.961     3.95    3.43
  17646.856    19.371     1.42    3.05
  17936.159    19.183    -0.65    3.12
  18225.463    18.806    -1.30    3.18
  18514.767    18.077    -2.52    3.01
  18804.072    17.954    -0.42    2.87
  19093.377    17.904    -0.17    2.47
  19382.682    18.316     1.42    2.79
  19671.988    19.427     3.84    3.91
  19961.294    20.854     4.93    4.16
  20250.601    22.144     4.46    4.14
  20539.908    23.271     3.89    3.83
  20829.215    24.185     3.16    3.17
  21118.523    24.961     2.68    2.80
  21407.831    25.094     0.46    2.35
  21697.139    24.954    -0.48    1.93
  21986.448    24.082    -3.01    2.93
  22275.757    23.306    -2.68    3.50
  22565.067    22.042    -4.37    3.93
  22854.377    21.134    -3.14    4.04
  23143.687    20.059    -3.71    4.50
  23432.998    18.788    -4.40    4.39
  23722.309    17.988    -2.77    4.03
  24011.621    17.288    -2.42    3.86
  24300.933    16.351    -3.24    3.58
  24590.245    15.737    -2.12    3.25
  24879.558    14.289    -5.01    2.83
  25168.871    13.541    -2.58    3.75
  25458.184    12.508    -3.57    3.53
  25747.498    11.826    -2.36    3.12
  26036.813    11.306    -1.80    2.96
  26326.127    10.772    -1.85    2.90
  26615.443    10.574    -0.69    3.22
  26904.758    10.534    -0.14    3.31
  27194.074    10.821     0.99    3.20
  27483.391    10.789    -0.11    3.33
  27772.707    10.368    -1.45    3.14
  28062.025    10.432     0.22    3.36
  28351.342     9.941    -1.70    2.83
  28640.660    10.577     2.20    3.51
  28929.979    10.789     0.73    3.42
  29219.298    11.094     1.05    3.40
  29508.617    11.134     0.14    3.67
  29797.937    10.806    -1.13    3.58
  30087.257    11.066     0.90    3.48
  30376.578    10.685    -1.31    3.13
  30665.899    10.341    -1.19    3.15
  30955.220     9.944    -1.37    3.17
  31244.542     8.961    -3.40    3.44
  31533.864     8.588    -1.29    3.72
  31823.187     8.668     0.28    4.20
  32112.510     9.638     3.35    4.97
  32401.834    10.933     4.48    5.05
  32691.158    11.254     1.11    5.25
  32980.482    11.804     1.90    5.20
  33269.807    13.154     4.67    4.94
  33559.133    14.263     3.83    4.60
  33848.458    14.558     1.02    4.96
  34137.785    15.306     2.59    5.36
  34427.111    16.670     4.71    5.50
  34716.438    18.365     5.86    4.18
  35005.766    19.721     4.69    3.27
  35295.094    19.996     0.95    2.66
  35584.422    19.992    -0.01    2.70
  35873.751    19.877    -0.40    2.67
  36163.081    19.904     0.09    2.67
  36452.380    19.504    -1.38    2.84
  36741.613    19.616     0.39    2.87
  37030.846    19.271    -1.19    2.89
  37320.079    19.616     1.19    3.18
  37609.313    19.483    -0.46    3.17
  37898.548    18.958    -1.82    3.36
  38187.783    18.517    -1.52    3.35
  38477.018    17.377    -3.94    4.06
  38766.254    15.965    -4.88    4.72
  39055.490    14.804    -4.01    4.71
  39344.727    13.737    -3.69    3.89
  39633.964    13.900     0.56    3.93
  39923.202    13.838    -0.21    3.51
  40212.440    13.653    -0.64    3.35
  40501.679    14.065     1.42    3.50
  40790.918    13.361    -2.43    3.51
  41080.157    13.621     0.90    3.25
  41369.397    13.687     0.23    3.42
  41658.638    13.721     0.12    3.56
  41947.879    13.806     0.29    3.72
  42237.120    14.433     2.17    3.85
  42526.362    14.854     1.46    3.91
  42815.605    15.427     1.98    3.94
  43104.847    15.788     1.25    3.88
  43394.091    16.483     2.40    3.86
  43683.335    17.065     2.01    3.93
  43972.579    17.685     2.15    3.81
  44261.824    18.634     3.28    3.48
  44551.069    19.541     3.14    3.12
  44840.315    19.772     0.80    2.85
  45129.561    19.890     0.41    2.92
  45418.808    20.030     0.48    2.76
  45708.055    19.826    -0.71    3.08
  45997.303    19.082    -2.57    3.87
  46286.551    17.938    -3.96    5.52
  46575.800    16.604    -4.61    6.46
  46865.049    15.000    -5.55    7.25
  47154.299    13.910    -3.77    7.48
  47443.549    12.517    -4.81    8.09
  47732.800    10.619    -6.56    7.86
  48022.051    10.049    -1.97    7.59
  48311.303    10.289     0.83    7.13
  48600.555    10.151    -0.48    6.91
  48889.808    10.228     0.27    6.14
  49179.061    10.178    -0.17    5.68
  49468.315    10.954     2.68    5.79
  49757.569    11.634     2.35    5.52
  50046.824    12.551     3.17    5.94
  50336.079    13.040     1.69    5.91
  50625.335    13.822     2.70    6.23
  50914.591    15.066     4.30    6.09
  51203.848    16.144     3.73    5.50
  51493.105    17.871     5.97    5.01
  51782.363    19.344     5.09    4.07
  52071.621    19.924     2.01    3.56
  52360.880    20.789     2.99    2.80
  52650.140    20.938     0.51    2.99
  52939.400    21.287     1.21    3.12
  53228.660    21.701     1.43    2.75
  53517.921    21.604    -0.33    2.89
  53807.182    22.236     2.19    2.30
  54096.444    22.238     0.01    2.42
  54385.707    22.297     0.20    2.24
  54674.970    22.432     0.47    2.04
  54964.234    22.082    -1.21    2.18
  55253.498    21.333    -2.59    3.10
  55542.763    20.804    -1.83    3.24
  55832.028    20.365    -1.52    3.54
  56121.294    18.754    -5.57    5.90
  56410.560    16.687    -7.15    8.46
  56699.827    14.147    -8.78   10.45
  56989.094    11.415    -9.44   11.67
  57278.362     7.737   -12.72   11.75
  57567.630     4.197   -12.24   10.92
  57856.899     1.009   -11.02    8.67
  58146.169    -1.263    -7.85    6.05
  58435.439    -2.987    -5.96    1.72
  58724.710    -3.246    -0.89    0.00
  59013.981    -3.246     0.00    0.00
  59303.252    -3.246     0.00    0.00
  59592.525    -3.246     0.00    0.00
  59881.798    -3.246     0.00    0.00
  60171.071    -3.246     0.00    0.00
  60460.345    -3.246     0.00    0.00
  60749.619    -3.246     0.00    0.00
  61038.894    -3.196     0.17    0.38
  61328.170    -1.614     5.47    5.88
  61617.446     1.599    11.11    9.38
  61906.723     3.944     8.11   10.37
  62196.000     6.375     8.40   10.24
  62485.278     8.984     9.02    9.41
  62774.557    10.478     5.17    7.54
  63063.836    11.341     2.98    5.61
  63353.115    10.789    -1.91    4.76
  63642.395     9.568    -4.22    3.17
  63931.676     9.574     0.02    2.69
  64220.957    10.272     2.41    2.92
  64510.239    10.992     2.49    3.25
  64799.521    11.965     3.36    3.30
  65088.804    13.358     4.82    3.40
  65378.088    14.687     4.59    2.94
  65667.372    15.737     3.63    2.47
  65956.657    16.480     2.57    1.96
  66245.942    16.915     1.50    1.90
  66535.228    16.619    -1.02    1.99
  66824.515    16.358    -0.90    2.13
  67113.802    16.345    -0.05    2.30
  67403.089    16.338    -0.02    2.29
  67692.377    16.478     0.49    2.29
  67981.666    16.992     1.77    2.37
  68270.956    17.076     0.29    2.43
  68560.246    17.049    -0.09    2.30
  68849.536    16.921    -0.44    2.36
  69138.827    16.805    -0.40    2.47
  69428.119    16.375    -1.49    2.55
  69717.411    15.951    -1.47    2.42
  70006.704    15.438    -1.77    2.36
  70295.998    15.203    -0.81    2.44
  70585.292    14.904    -1.03    2.48
  70874.587    14.821    -0.29    2.42
  71163.882    15.105     0.98    2.70
  71453.178    15.585     1.66    3.05
  71742.475    14.203    -4.78    5.87
  72031.772    12.121    -7.20    8.02
  72321.070     8.892   -11.16    9.70
  72610.368     5.500   -11.73   10.00
  72899.667     1.910   -12.41    8.74
  73188.967    -1.491   -11.76    5.43
  73478.267    -3.246    -6.06    0.00
  73767.568    -3.129     0.40    0.64
  74056.869    -2.819     1.07    1.40
  74346.171    -2.022     2.76    3.14
  74635.474    -1.597     1.47    3.52
  74924.777    -1.096     1.73    3.77
  75214.081    -0.453     2.22    4.14
  75503.386     0.640     3.78    4.58
  75792.691     1.910     4.39    5.27
  76081.997     2.375     1.61    5.17
  76371.303     2.082    -1.01    5.27
  76660.610     2.737     2.26    6.04
  76949.918     5.410     9.24    8.11
  77239.226     7.961     8.82    9.80
  77528.535    10.907    10.18   10.49
  77817.844    13.469     8.85    9.61
  78107.155    16.654    11.01    6.73
  78396.465    18.609     6.76    3.33
  78685.777    18.941     1.15    2.62
  78975.089    18.229    -2.46    2.00
  79264.402    17.912    -1.09    1.83
  79553.715    17.841    -0.25    1.56
  79843.029    18.314     1.64    1.77
  80132.344    18.988     2.33    2.04
  80421.659    19.480     1.70    2.07
  80710.975    19.915     1.50    2.06
  81000.291    20.521     2.09    1.93
  81289.609    20.632     0.38    1.77
  81578.926    20.554    -0.27    1.96
  81868.245    20.076    -1.65    1.96
  82157.564    19.599    -1.65    1.63
  82446.884    19.297    -1.05    1.91
  82736.204    18.772    -1.81    1.81
  83025.525    18.271    -1.73    1.96
  83314.847    17.588    -2.36    1.95
  83604.170    17.521    -0.23    1.90
  83893.493    17.381    -0.48    1.86
  84182.816    17.561     0.62    1.90
  84472.141    17.738     0.61    1.90
  84761.466    17.703    -0.12    1.92
  85050.792    17.653    -0.17    1.93
  85340.118    17.121    -1.84    2.33
  85629.445    16.667    -1.57    2.38
  85918.773    16.013    -2.26    2.20
  86208.101    15.281    -2.53    1.93
  86497.430    15.004    -0.96    1.86
  86786.760    15.042     0.13    1.91
  87076.090    14.704    -1.17    2.24
  87365.421    14.858     0.53    2.18
  87654.753    14.702    -0.54    2.21
  87944.085    14.381    -1.11    2.60
  88233.418    14.054    -1.13    3.60
  88522.752    13.593    -1.59    3.62
  88812.087    13.599     0.02    3.60
  89101.422    13.772     0.60    4.11
  89390.758    13.944     0.60    3.95
  89680.094    14.237     1.01    3.94
  89969.431    14.738     1.73    3.57
  90258.769    14.892     0.53    3.53
  90548.108    14.272    -2.15    3.60
  90837.447    13.944    -1.13    3.70
  91126.787    13.619    -1.12    3.58
  91416.127    14.921     4.50    4.91
  91705.469    16.306     4.79    5.75
  91994.811    17.271     3.33    6.63
  92284.153    17.558     0.99    6.92
  92573.497    19.047     5.15    6.77
  92862.841    20.138     3.77    6.76
  93152.186    20.954     2.82    6.60
  93441.531    20.371    -2.02    6.53
  93730.877    20.540     0.58    6.76
  94020.224    21.185     2.23    6.62
  94309.572    21.461     0.95    6.42
  94598.920    22.071     2.11    6.62
  94888.269    22.541     1.63    6.53
  95177.619    23.737     4.13    6.39
  95466.969    25.054     4.55    6.05
  95756.320    26.351     4.48    4.25
  96045.672    26.954     2.09    3.93
  96335.024    27.822     3.00    3.25
  96624.378    28.134     1.08    2.78
  96913.732    28.212     0.27    2.51
  97203.086    27.904    -1.06    2.43
  97492.442    27.804    -0.35    2.32
  97781.798    27.927     0.42    2.36
  98071.155    27.805    -0.42    2.13
  98360.512    27.888     0.29    2.00
  98649.864    28.035     0.51    1.76
  98939.069    27.890    -0.50    1.96
  99228.275    26.616    -4.40    3.72
  99517.482    25.388    -4.25    4.23
  99806.689    24.454    -3.23    4.09
 100095.897    23.530    -3.20    4.30
 100385.106    21.565    -6.80    5.40
 100674.316    20.611    -3.30    5.59
 100963.526    19.121    -5.15    6.19
 101252.737    18.088    -3.57    6.18
 101541.949    17.571    -1.79    5.95
 101831.162    17.272    -1.04    5.71
 102120.375    17.129    -0.49    5.43
 102409.589    17.688     1.93    5.08
 102698.804    18.478     2.73    4.68
 102988.019    18.404    -0.26    4.38
 103277.236    17.873    -1.84    3.99
 103566.453    16.944    -3.21    4.11
 103855.670    16.703    -0.83    4.02
 104144.889    16.978     0.95    4.30
 104434.108    18.017     3.59    4.86
 104723.328    18.168     0.52    5.24
 105012.549    18.685     1.79    5.15
 105301.770    19.427     2.56    5.14
 105590.993    20.789     4.71    4.87
 105880.216    21.109     1.11    4.75
 106169.439    20.297    -2.81    5.50
 106458.664    20.720     1.47    5.23
 106747.889    20.596    -0.43    5.83
 107037.115    20.151    -1.54    5.94
 107326.342    19.171    -3.39    6.55
 107615.569    18.144    -3.55    7.32
 107904.798    17.388    -2.62    7.45
 108194.027    16.875    -1.77    7.50
 108483.256    16.151    -2.50    7.24
 108772.487    14.611    -5.32    6.86
 109061.718    14.788     0.61    6.69
 109350.950    16.590     6.23    6.94
 109640.183    17.151     1.94    6.33
 109929.417    17.619     1.62    5.69
 110218.651    17.947     1.14    5.17
 110507.887    18.161     0.74    4.68
 110797.123    17.954    -0.71    4.27
 111086.359    16.738    -4.21    3.81
 111375.597    15.754    -3.40    2.96
 111664.835    15.772     0.06    2.86
 111954.074    15.687    -0.30    2.95
 112243.314    15.220    -1.61    2.57
 112532.555    15.394     0.60    2.85
 112821.796    15.454     0.21    2.88
 113111.038    16.228     2.67    3.45
 113400.281    16.582     1.22    4.36
 113689.525    17.951     4.73    4.66
 113978.770    18.689     2.55    4.83
 114268.015    19.171     1.67    4.81
 114557.261    19.188     0.06    4.96
 114846.508    18.358    -2.87    5.93
 115135.756    16.754    -5.54    6.75
 115425.004    16.161    -2.05    7.36
 115714.254    14.856    -4.51    7.54
 116003.504    14.787    -0.24    7.40
 116292.755    14.975     0.65    7.72
 116582.006    14.844    -0.45    7.49
 116871.259    15.924     3.73    7.53
 117160.512    17.996     7.16    6.83
 117449.766    20.279     7.89    5.36
 117739.021    20.306     0.09    6.10
 118028.277    18.151    -7.45    7.52
 118317.533    16.341    -6.26    8.18
 118606.791    15.616    -2.50    8.78
 118896.049    15.404    -0.73    9.17
 119185.308    14.565    -2.90    9.28
 119474.568    13.954    -2.11    9.74
 119763.828    16.201     7.77    9.38
 120053.089    18.358     7.46    9.06
 120342.352    19.838     5.12    8.96
 120631.615    20.404     1.96    8.45
 120920.879    20.856     1.56    7.85
 121210.143    21.701     2.92    6.77
 121499.409    22.272     1.97    6.25
 121788.675    22.331     0.20    6.30
 122077.942    22.568     0.82    6.06
 122367.210    23.154     2.03    5.27
 122656.479    24.496     4.64    2.96
 122945.749    24.839     1.19    3.30
 123235.019    25.316     1.65    2.73
 123524.290    24.954    -1.25    3.42
 123813.562    24.471    -1.67    3.93
 124102.835    24.668     0.68    3.97
 124392.109    24.504    -0.57    4.18
 124681.384    24.134    -1.28    4.35
 124970.659    24.026    -0.37    4.02
 125259.935    23.839    -0.64    4.42
 125549.212    23.042    -2.75    5.12
 125838.490    22.738    -1.05    5.31
 126127.769    22.456    -0.97    5.48
 126417.049    22.888     1.49    5.60
 126706.329    22.978     0.31    5.36
 126995.611    23.496     1.79    4.97
 127284.893    23.754     0.89    5.03
 127574.176    23.720    -0.12    5.00
 127863.460    22.134    -5.49    6.05
 128152.744    20.844    -4.46    6.13
 128442.030    20.438    -1.40    6.05
 128731.316    19.890    -1.89    5.73
 129020.604    20.154     0.91    5.33
 129309.892    21.427     4.40    5.13
 129599.181    23.433     6.93    3.86
 129888.470    24.488     3.65    3.64
 130177.761    25.047     1.93    3.82
 130467.053    26.071     3.54    3.82
 130756.345    27.288     4.21    3.50
 131045.638    28.237     3.28    2.62
 131334.933    28.599     1.25    2.33
 131624.228    28.116    -1.67    2.65
 131913.523    27.459    -2.27    3.05
 132202.820    26.910    -1.90    2.98
 132492.118    26.500    -1.42    2.90
 132781.416    26.185    -1.09    2.82
 133070.716    26.397     0.73    2.93
 133360.016    26.819     1.46    3.00
 133649.317    27.654     2.89    2.95
 133938.619    27.738     0.29    2.99
 134227.922    27.491    -0.85    3.38
 134517.225    27.220    -0.94    3.43
 134806.530    26.466    -2.61    4.10
 135095.836    25.398    -3.69    4.98
 135385.142    24.421    -3.38    4.56
 135674.449    23.703    -2.48    4.33
 135963.757    22.134    -5.42    4.87
 136253.066    20.254    -6.50    6.16
 136542.376    18.238    -6.97    6.91
 136831.687    14.805   -11.86    8.51
 137120.999    11.392   -11.80    8.70
 137410.311     9.280    -7.30    8.09
 137699.625     9.076    -0.71    8.75
 137988.939    10.975     6.56    9.95
 138278.254    13.688     9.38   10.79
 138567.570    14.890     4.16   10.66
 138856.888    18.138    11.23    9.58
 139146.205    20.504     8.18    7.55
 139435.524    21.924     4.91    6.10
 139724.844    22.875     3.29    4.48
 140014.165    22.381    -1.71    4.44
 140303.486    21.508    -3.02    4.69
 140592.809    21.158    -1.21    4.58
 140882.132    21.754     2.06    4.58
 141171.456    22.254     1.73    5.28
 141460.781    22.400     0.50    5.43
 141750.108    23.138     2.55    5.41
 142039.435    23.554     1.44    5.34
 142328.762    23.961     1.41    5.00
 142618.091    24.254     1.01    4.35
 142907.421    23.958    -1.03    4.25
 143196.752    22.687    -4.39    4.90
 143486.083    21.674    -3.50    5.05
 143775.416    21.026    -2.24    5.36
 144064.749    19.629    -4.83    5.95
 144354.083    19.009    -2.15    6.68
 144643.419    17.116    -6.54    6.46
 144932.755    16.279    -2.89    6.45
 145222.092    15.599    -2.35    6.65
 145511.430    13.168    -8.40    7.54
 145800.769    11.254    -6.61    8.33
 146090.109     9.140    -7.31    8.94
 146379.449     8.704    -1.51    9.06
 146668.791     7.822    -3.05    8.96
 146958.134     8.021     0.69    9.66
 147247.477    10.703     9.27    9.93
 147536.822    13.667    10.24    9.51
 147826.167    16.885    11.12    8.51
 148115.514    18.721     6.34    6.95
 148404.861    19.348     2.17    7.10
 148694.209    20.316     3.35    6.56
 148983.559    21.651     4.61    6.44
 149272.909    22.754     3.81    5.70
 149562.260    23.875     3.87    4.30
 149851.612    23.820    -0.19    4.06
 150140.965    23.530    -1.00    4.27
 150430.319    23.076    -1.57    4.28
 150719.674    23.219     0.49    3.94
 151009.030    23.171    -0.16    3.82
 151298.386    23.354     0.63    3.77
 151587.744    23.910     1.92    3.49
 151877.103    24.488     2.00    3.42
 152166.463    24.930     1.53    2.51
 152455.823    25.341     1.42    2.05
 152745.185    25.161    -0.62    2.79
 153034.547    24.280    -3.05    4.28
 153323.911    21.787    -8.61    7.14
 153613.275    21.165    -2.15    7.48
 153902.641    20.588    -2.00    7.46
 154192.007    19.185    -4.85    7.95
 154481.374    19.410     0.78    7.84
 154770.743    19.361    -0.17    7.36
 155060.112    18.093    -4.38    8.07
 155349.482    18.754     2.28    7.63
 155638.853    19.594     2.90    7.48
 155928.226    21.082     5.14    6.85
 156217.599    22.568     5.13    6.39
 156506.973    23.638     3.70    5.56
 156796.348    24.185     1.89    4.59
 157085.724    24.040    -0.50    4.78
 157375.101    23.009    -3.56    5.58
 157664.479    21.927    -3.74    6.34
 157953.858    22.148     0.76    6.66
 158243.238    22.466     1.10    6.22
 158532.619    23.281     2.81    5.75
 158822.001    24.237     3.31    4.70
 159111.384    25.323     3.75    3.65
 159400.768    25.951     2.17    2.74
 159690.153    25.616    -1.16    2.93
 159979.539    24.771    -2.92    3.33
 160268.926    24.789     0.06    3.41
 160558.314    24.933     0.50    2.57
 160847.703    25.295     1.25    2.49
 161136.925    25.554     0.90    2.28
 161426.101    25.488    -0.23    2.24
 161715.278    24.807    -2.35    4.15
 162004.456    23.720    -3.76    5.46
 162293.634    21.388    -8.06    7.40
 162582.814    18.839    -8.81    8.13
 162871.995    16.328    -8.68    8.16
 163161.177    14.134    -7.59    8.48
 163450.360    11.996    -7.39    7.65
 163739.543    11.634    -1.25    7.23
 164028.728    11.839     0.71    7.49
 164317.914    12.521     2.36    7.79
 164607.101    12.168    -1.22    8.25
 164896.289    10.483    -5.83    8.61
 165185.477    11.129     2.23    8.34
 165474.667    10.365    -2.64    7.88
 165763.858    10.476     0.38    7.71
 166053.050    11.890     4.89    7.49
 166342.243    13.488     5.52    7.54
 166631.437    14.879     4.81    7.76
 166920.632    16.161     4.43    7.10
 167209.828    16.754     2.05    7.40
 167499.025    17.196     1.53    7.71
