#    0.002  -2.864   5.217 ;Mean Elev.(m), Avg Gradient(m/km), RMS Gradient(m/km) - SRTM1     
#   30.369   1.281   3.270 ;Mean Elev.(m), Avg Gradient(m/km), RMS Gradient(m/km) - ASTER GDEM
#    0.025   0.167   4.148 ;Mean Elev.(m), Avg Gradient(m/km), RMS Gradient(m/km) - GMTED2010 
   1 308.665054  -1.088200     2.951     2.887  4 54663.95513497 31.272
   2 308.657900  -1.073111     1.974     2.013 17 54673.87077565 34.550
   3 308.657269  -1.074069   -73.584   -73.567 17 54683.78641900 10.812
   4 308.658202  -1.072417     1.593     1.686 17 54693.70206085 32.039
   7 308.658798  -1.073256   -52.869   -50.760 17 54723.44900205 12.382
   8 308.655490  -1.076023     1.314     1.153 17 54733.36465076 31.521
   9 308.652836  -1.078722     1.299     1.397 16 54743.28029785 33.370
  10 308.652557  -1.080939     1.518     1.580 15 54753.19594454 28.887
  11 308.653288  -1.080049     1.624     1.664 16 54763.11159012 30.108
  12 308.654211  -1.077492     2.408     2.424 16 54773.02723282 32.345
  13 308.655258  -1.076651     2.088     2.276 16 54782.94287317 31.541
  14 308.656330  -1.076442     1.693     1.870 17 54792.85851160 31.696
  15 308.657705  -1.075521     1.696     1.804 17 54802.77414923 31.790
  16 308.659049  -1.072857     1.035     1.241 16 54812.68978652 28.053
  17 308.662145  -1.079597     1.149     1.234 11 54822.60543153 25.495
  18 308.657485  -1.073678     2.857     2.836 17 54832.52107094 37.783
  19 308.655157  -1.076553     2.698     2.704 16 54842.43672206 33.466
  20 308.653144  -1.079979     2.328     2.354 15 54852.35237190 28.829
  21 308.651476  -1.081095     1.913     1.790 16 54862.26802073 30.071
  22 308.650986  -1.081790     1.803     1.894 15 54872.18366929 29.847
  23 308.651842  -1.082056     1.802     1.797 16 54882.09931590 29.519
  24 308.652236  -1.079753     3.128     3.226 16 54892.01495856 33.271
  25 308.652792  -1.081520     3.165     3.216 16 54901.93059930 30.426
  26 308.651767  -1.080613     2.810     2.887 16 54911.84623800 31.063
  27 308.652139  -1.081607     2.636     2.660 15 54921.76187640 30.113
  28 308.653217  -1.078188     2.675     2.726 16 54931.67751348 30.226
  29 308.656574  -1.075521     2.400     2.358 17 54941.59314942 26.240
  30 308.662931  -1.081106     3.142     3.145  9 54951.50878556 19.841
  31 308.664286  -1.084177     3.157     3.245  8 54961.42442804 21.257
  32 308.657575  -1.072783     3.146     3.137 17 54971.34007376 32.057
  33 308.656895  -1.074993     3.257     3.240 16 54981.25572133 35.053
  34 308.656640  -1.075660   -36.686   -37.518 16 54991.17136814 17.704
  35 308.656304  -1.076605     2.373     2.261 17 55001.08701452 30.601
  36 308.655755  -1.077394     2.769     2.834 16 55011.00265907 29.701
  37 308.655248  -1.077012     3.197     3.143 17 55020.91830196 32.092
  38 308.654904  -1.076581     2.876     2.810 16 55030.83394398 31.528
  39 308.655531  -1.077201     2.667     2.578 17 55040.74958584 32.856
  40 308.657188  -1.075027     2.244     2.197 17 55050.66522601 33.738
  41 308.660492  -1.076279     1.693     1.818 15 55060.58086496 31.216
  42 308.662145  -1.079606     2.304     2.233 11 55070.49650742 18.471
  43 308.657327  -1.074842     2.869     2.880 16 55080.41215536 28.853
  44 308.654977  -1.077861     2.914     2.967 16 55090.32780307 30.240
  45 308.653306  -1.079581     2.297     2.249 15 55100.24344939 28.793
  46 308.653020  -1.079581     1.766     1.733 16 55110.15909486 26.884
  47 308.654464  -1.079343     1.566     1.719 16 55120.07473874 27.972
  48 308.655523  -1.077819     1.468     1.643 16 55129.99037973 28.316
  49 308.655363  -1.076102     2.280     2.036 16 55139.90601872 33.987
  50 308.655580  -1.076197     2.741     2.761 17 55149.82165739 33.177
  51 308.656716  -1.074929     1.648     1.844 16 55159.73729601 28.331
  52 308.658897  -1.073820     1.519     1.630 17 55169.65293457 31.881
  54 308.659325  -1.073608     1.586     1.774 17 55189.48421943 30.092
  55 308.655835  -1.075841     2.780     2.804 16 55199.39987059 32.293
  56 308.653936  -1.079100     2.215     2.300 16 55209.31552107 39.711
  57 308.652915  -1.078837     2.324     2.293 16 55219.23117019 32.493
  58 308.652701  -1.078841     2.555     2.485 16 55229.14681836 30.898
  59 308.653626  -1.080638     1.913     2.085 16 55239.06246382 28.109
  60 308.652775  -1.078761     2.265     2.216 16 55248.97810471 35.731
  61 308.652331  -1.080035     3.129     3.091 16 55258.89374413 29.886
  62 308.652679  -1.080996     2.771     2.792 16 55268.80938306 30.135
  63 308.653436  -1.079420     2.787     2.730 15 55278.72502148 30.245
  64 308.655655  -1.077066     2.748     2.638 16 55288.64065869 28.272
  65 308.658254  -1.072643     2.513     2.499 17 55298.55629313 41.485
  66 308.658819  -1.074003     2.016     1.993 17 55308.47193705 37.334
  67 308.656467  -1.074500     2.564     2.421 17 55318.38758332 31.104
  68 308.655345  -1.077406     3.094     3.056 16 55328.30322878 30.227
  69 308.654970  -1.077357     2.996     2.926 16 55338.21887282 29.953
  70 308.655752  -1.076257     2.563     2.565 16 55348.13451620 29.521
  71 308.656692  -1.075485     2.154     2.147 16 55358.05015785 32.060
  72 308.657020  -1.076036     1.849     2.018 17 55367.96579763 37.244
  73 308.657175  -1.076036     2.322     2.313 17 55377.88143595 41.668
  74 308.657950  -1.074800     2.997     2.966 17 55387.79707351 26.941
  75 308.662690  -1.080654     3.181     3.181 10 55397.71271218 46.535
  77 308.661551  -1.078265     2.202     2.112 13 55417.54400680 19.988
  78 308.656960  -1.074207     1.739     1.865 17 55427.45965335 33.570
  79 308.655291  -1.077789     1.951     1.946 16 55437.37529881 31.079
  80 308.654011  -1.078692     2.646     2.596 16 55447.29094219 32.296
  81 308.654369  -1.078883     2.146     2.203 16 55457.20658500 28.788
  82 308.655348  -1.076671     1.432     1.643 16 55467.12222662 30.205
  83 308.657341  -1.074467     1.613     1.617 17 55477.03786510 33.771
  84 308.659994  -1.075085     1.496     1.432 16 55486.95350109 31.415
  85 308.665613  -1.086987     1.589     1.519  5 55496.86913768 24.764
  86 308.666839  -1.089422     2.071     2.060  3 55506.78477467 20.633
  87 308.658553  -1.073811     1.723     1.815 17 55516.70042164 32.812
  88 308.657907  -1.074413     1.569     2.035 17 55526.61607181 32.262
  89 308.657113  -1.074784     1.462     1.756 16 55536.53171995 32.213
  90 308.655896  -1.076102     1.413     1.622 17 55546.44736604 31.889
  91 308.654503  -1.078456     1.267     1.471 17 55556.36301032 32.340
  92 308.653609  -1.078604     1.482     1.506 16 55566.27865307 34.440
  93 308.654903  -1.077507     2.297     2.291 16 55576.19429490 28.138
  94 308.657093  -1.075848     2.741     2.681 17 55586.10993476 31.323
  95 308.658781  -1.072391     2.527     2.498 17 55596.02557095 31.050
  96 308.665236  -1.086032     1.736     1.793  5 55605.94120796 21.226
  98 308.667387  -1.090816     2.448     2.448  2 55625.77248292 20.586
  99 308.658960  -1.073901     2.698     2.733 17 55635.68813129 27.044
 100 308.657756  -1.073415     3.219     3.232 17 55645.60378160 31.686
 101 308.657508  -1.074916     3.108     3.062 17 55655.51942963 32.007
 102 308.656848  -1.075261     2.428     2.314 16 55665.43507276 26.104
 103 308.656144  -1.075730     2.647     2.590 16 55675.35071264 30.883
 104 308.656466  -1.076054     2.312     2.260 16 55685.26635054 27.976
 105 308.657936  -1.073898     2.901     2.834 17 55695.18198666 33.731
 108 308.658866  -1.073038     2.640     2.586 17 55724.92891707 27.215
 109 308.656763  -1.075187     2.384     2.367 17 55734.84456404 37.677
 110 308.655805  -1.077312     2.386     2.313 17 55744.76021004 33.404
 111 308.655576  -1.076459     2.538     2.523 17 55754.67585410 26.976
 112 308.656930  -1.074383     3.015     2.982 17 55764.59149581 31.251
 113 308.658365  -1.072688     3.012     3.022 17 55774.50713481 30.515
 114 308.660349  -1.075831     2.561     2.520 14 55784.42277155 22.552
 115 308.664701  -1.085145     1.535     1.518  7 55794.33840718 27.548
 117 308.665139  -1.085705     1.712     1.714  5 55814.16969324 25.369
 118 308.666426  -1.088560     2.460     2.464  3 55824.08534078 20.125
 123 308.661087  -1.077389     1.157     1.244 14 55873.66354597 25.402
 124 308.658890  -1.073084     2.304     2.383 17 55883.57919395 27.480
 125 308.660777  -1.076807     2.750     2.725 14 55893.49483769 20.037
 128 308.657212  -1.073868     1.529     1.713 17 55923.24176628 32.075
 129 308.655966  -1.076167     1.533     1.506 17 55933.15741767 31.192
 130 308.656019  -1.076332     2.655     2.577 17 55943.07306432 30.804
 131 308.656588  -1.076356     2.944     2.898 17 55952.98870664 32.009
 132 308.656543  -1.075936     2.795     2.716 17 55962.90434577 28.961
 133 308.656250  -1.075032     2.593     2.613 17 55972.81998315 41.601
 134 308.657965  -1.074329     2.356     2.249 17 55982.73561974 30.813
 136 308.667066  -1.090078     3.026     3.094  3 56002.56690766 20.970
 137 308.658405  -1.073388     3.193     3.283 17 56012.48255363 33.266
 138 308.656608  -1.076250     3.338     3.413 17 56022.39820053 33.946
 139 308.655095  -1.077308     3.165     3.136 16 56032.31384398 34.876
 140 308.655239  -1.076626     2.678     2.597 16 56042.22948486 33.341
 141 308.656705  -1.074860     2.686     2.647 17 56052.14512298 33.323
 142 308.661484  -1.078396     2.593     2.598 13 56062.06075948 20.755
 144 308.658157  -1.072348     3.230     3.385 17 56081.89204698 31.564
 145 308.656844  -1.075579     3.034     3.045 16 56091.80769517 31.101
 146 308.656213  -1.075961     2.508     2.453 17 56101.72334069 27.544
 147 308.656458  -1.075269     2.295     2.207 16 56111.63897197 30.189
 148 308.658172  -1.074790     2.288     2.233 17 56121.55461151 31.765
 149 308.663575  -1.082454     3.073     3.042  8 56131.47024933 19.657
 151 308.658339  -1.073760     2.495     2.458 17 56151.30153298 28.217
 152 308.657009  -1.074691     2.322     2.244 16 56161.21718171 30.175
 153 308.657300  -1.074808     2.203     2.115 17 56171.13282856 30.028
 154 308.658364  -1.074262     1.383     1.406 17 56181.04847106 29.671
 155 308.658683  -1.073020     2.707     2.724 17 56190.96410951 29.273
 156 308.659062  -1.073030     2.591     2.695 16 56200.87974562 27.088
 157 308.666273  -1.088028     2.024     1.964  3 56210.79538348 21.835
 160 308.663647  -1.082760    -1.334    -2.231  9 56240.54231977 29.275
 161 308.658111  -1.074563     1.714     1.785 17 56250.45796712 29.379
 162 308.656972  -1.074864     2.088     2.233 16 56260.37361170 28.171
 163 308.656841  -1.074487     1.978     2.031 17 56270.28925354 31.238
 164 308.657395  -1.072961     1.792     1.834 17 56280.20489328 30.720
 165 308.656546  -1.075843     1.416     1.464 16 56290.12054526 29.117
 166 308.655683  -1.076771     1.349     1.361 16 56300.03619330 26.858
 167 308.655170  -1.077471     1.745     1.777 16 56309.95183729 25.894
 168 308.655072  -1.078375     3.076     3.073 16 56319.86747931 29.362
 169 308.654727  -1.076931     3.140     3.149 16 56329.78312028 32.027
 170 308.656307  -1.076321     2.733     2.755 17 56339.69876104 27.255
 171 308.658408  -1.072790     2.394     2.358 17 56349.61439918 29.407
 173 308.657808  -1.074724     2.359     2.175 17 56369.44568736 32.426
 175 308.653272  -1.078769     3.229     3.234 16 56389.27698075 33.665
 176 308.654437  -1.078182     2.938     2.845 17 56399.19262377 34.870
 177 308.656216  -1.075374     3.014     2.970 16 56409.10826368 34.170
 178 308.658328  -1.072155     2.593     2.546 17 56419.02389905 32.670
 180 308.657128  -1.074927     3.292     3.318 17 56438.85518634 28.037
 181 308.654916  -1.077683     2.802     2.968 16 56448.77083771 24.080
 182 308.654478  -1.078366     2.871     2.756 17 56458.68648683 34.270
 183 308.654718  -1.078496     2.849     2.790 16 56468.60213270 33.713
 184 308.655245  -1.077915     2.503     2.461 16 56478.51777440 29.923
 185 308.655937  -1.076460     1.994     1.982 17 56488.43341201 31.273
 186 308.657112  -1.074370     2.430     2.575 17 56498.34904674 31.505
 187 308.663141  -1.081603     2.218     2.238  9 56508.26468234 16.748
 190 308.662539  -1.080425     2.052     2.016 10 56538.01162299 20.538
 191 308.658201  -1.074832     1.722     1.795 17 56547.92726681 28.755
 192 308.656115  -1.076144     2.199     2.141 16 56557.84290992 25.695
 193 308.655493  -1.076047     2.528     2.614 16 56567.75855232 30.430
 194 308.657274  -1.075841     2.908     2.913 17 56577.67419386 30.449
 195 308.664704  -1.084998     2.350     2.309  6 56587.58983438 18.346
 197 308.658105  -1.072924     1.501     1.732 17 56607.42112514 30.310
 198 308.656046  -1.075757     1.602     1.605 16 56617.33677244 30.838
 199 308.655708  -1.076330     2.300     2.498 16 56627.25241585 30.460
 200 308.656859  -1.074238     2.361     2.277 17 56637.16805586 32.347
 201 308.658920  -1.072856     2.450     2.442 17 56647.08369719 29.751
 202 308.656977  -1.074267     2.083     2.093 17 56656.99934917 29.302
 203 308.655645  -1.077069     1.510     1.619 17 56666.91499727 31.980
 204 308.654825  -1.079052     1.522     1.715 16 56676.83064298 26.383
 205 308.654181  -1.077240     2.425     2.480 16 56686.74628704 32.880
 206 308.655830  -1.076715     2.609     2.674 16 56696.66192969 30.116
 207 308.658389  -1.073757     2.967     2.956 17 56706.57756738 29.297
 209 308.656313  -1.074670   -31.549   -30.481 17 56726.40885579 17.190
 210 308.653821  -1.080236     2.471     2.444 16 56736.32450611 31.730
 211 308.652570  -1.080966     2.588     2.704 16 56746.24015184 30.130
 212 308.654557  -1.078980     3.020     3.046 16 56756.15579280 30.385
 213 308.657775  -1.072986     3.319     3.314 17 56766.07142722 34.469
 214 308.661501  -1.078172     2.845     2.830 13 56775.98706878 31.727
 215 308.655753  -1.077082     2.581     2.516 16 56785.90272421 30.007
 216 308.652375  -1.081878     2.745     2.637 16 56795.81837768 33.720
 217 308.650252  -1.082742     2.523     2.545 15 56805.73402630 27.400
 218 308.651835  -1.081543     3.035     3.048 15 56815.64966836 23.169
 219 308.654118  -1.078762     3.134     3.258 17 56825.56530670 31.907
 220 308.656557  -1.075784   -29.017   -30.473 17 56835.48094136 18.070
 221 308.659146  -1.073245     2.068     2.185 17 56845.39657267 30.928
 222 308.657682  -1.073334     2.463     2.386 17 56855.31221895 33.054
 223 308.656151  -1.076527     2.056     2.132 17 56865.22787252 32.288
 224 308.654917  -1.077222     2.609     2.581 17 56875.14352463 31.833
 225 308.654478  -1.078236     3.111     3.039 16 56885.05917373 31.628
 226 308.653905  -1.078454     2.942     2.900 16 56894.97481967 29.877
 227 308.653117  -1.079878     2.285     2.189 16 56904.89046281 32.451
 228 308.652259  -1.080938     2.117     2.127 15 56914.80610409 28.908
 229 308.652722  -1.078985     1.680     1.739 16 56924.72174334 26.448
 230 308.655806  -1.076707     2.221     2.218 16 56934.63738015 28.509
 231 308.665660  -1.087106     2.822     2.815  5 56944.55301497 21.410
 232 308.662401  -1.080073     2.681     2.672 11 56954.46866267 19.797
 233 308.656999  -1.074741     1.907     1.931 17 56964.38431129 30.562
 234 308.655377  -1.077292     1.548     1.436 16 56974.29995694 26.716
 235 308.655510  -1.076728     1.481     1.716 16 56984.21559755 26.101
 236 308.658219  -1.073340     1.728     1.819 18 56994.13123264 28.158
 238 308.658117  -1.072552     2.663     2.607 17 57013.96252667 32.375
 239 308.656272  -1.076372     2.564     2.514 17 57023.87817835 22.865
 240 308.654685  -1.077711     1.713     1.661 16 57033.79382741 28.914
 241 308.654880  -1.078541     1.681     1.625 16 57043.70947433 31.503
 242 308.655737  -1.077523     1.445     1.544 16 57053.62511849 25.953
 243 308.656812  -1.074631     2.919     2.910 17 57063.54075770 28.321
 244 308.658360  -1.072778     2.922     3.149 17 57073.45639207 37.935
 246 308.658807  -1.073783     2.150     2.100 17 57093.28767237 31.034
 247 308.655730  -1.076892     2.490     2.327 17 57103.20332948 33.253
 248 308.654793  -1.078024     2.112     2.111 17 57113.11898235 26.797
 249 308.655386  -1.077566     3.227     3.175 17 57123.03462897 31.920
 250 308.655730  -1.076627     3.201     3.290 16 57132.95027002 29.941
 251 308.657046  -1.075968     3.136     3.154 17 57142.86590667 27.574
 252 308.658601  -1.074127     2.687     2.704 17 57152.78154045 27.907
 254 308.658369  -1.073589     2.254     2.188 17 57172.61283071 31.437
 255 308.656932  -1.075907     2.952     2.881 17 57182.52848543 29.592
 256 308.655422  -1.077015     3.277     3.196 16 57192.44413596 29.151
 257 308.654344  -1.078424     3.014     2.979 17 57202.35978364 32.797
 258 308.654231  -1.079182     2.633     2.698 16 57212.27541747 26.279
 259 308.655170  -1.077809     2.430     2.391 16 57222.19106052 25.793
 260 308.656236  -1.075146     2.040     1.938 17 57232.10670173 31.354
 261 308.657542  -1.073974     2.332     2.258 17 57242.02234065 27.284
 262 308.658591  -1.072477     3.109     3.015 17 57251.93797696 31.875
 263 308.665404  -1.086377     3.038     3.033  5 57261.85361535 21.584
 265 308.662701  -1.080695     1.913     2.002 11 57281.68490531 23.377
 266 308.658305  -1.074817     1.669     1.750 17 57291.60055911 27.690
 267 308.656631  -1.075919     1.672     1.798 16 57301.51621143 25.541
 268 308.655173  -1.076860     2.728     2.693 17 57311.43186000 31.178
 269 308.653803  -1.078345     2.125     2.118 16 57321.34750520 33.087
 270 308.653935  -1.080534     2.238     2.216 16 57331.26314801 27.991
 271 308.654301  -1.077158     1.442     1.595 16 57341.17878747 27.055
 272 308.653569  -1.078207     1.518     1.410 16 57351.09443823 25.483
 273 308.654664  -1.078605     1.250     1.418 16 57361.01008296 28.528
 274 308.655208  -1.077349     2.422     2.410 16 57370.92572422 24.783
 275 308.655593  -1.076004     2.847     2.845 17 57380.84136365 28.346
 276 308.657165  -1.074577     1.946     1.933 17 57390.75700260 28.307
 277 308.663677  -1.082881     1.433     1.436  8 57400.67264316 25.212
 279 308.659037  -1.072991     1.348     1.388 16 57420.50393442 29.277
 280 308.656158  -1.076580     2.130     2.073 17 57430.41958510 35.110
 281 308.653937  -1.078497     2.605     2.534 16 57440.33523319 33.266
 282 308.654018  -1.079320     2.334     2.302 16 57450.25087998 27.860
 283 308.654940  -1.078358     2.402     2.274 16 57460.16652485 27.286
 284 308.656521  -1.075206     2.166     2.188 17 57470.08216590 30.829
 285 308.658447  -1.073534     1.961     1.996 17 57479.99780326 25.630
 286 308.662106  -1.079451     2.576     2.586 11 57489.91343928 21.331
 289 308.658403  -1.073355     2.800     2.814 17 57519.66037124 32.409
 290 308.657183  -1.075300     2.535     2.364 17 57529.57602495 24.867
 291 308.655993  -1.075828     1.776     1.795 16 57539.49167514 29.873
 292 308.655031  -1.077210     1.657     1.756 16 57549.40732267 30.791
 293 308.653999  -1.077665     2.738     2.680 16 57559.32296832 32.376
 294 308.654267  -1.078252     2.889     2.872 16 57569.23861320 34.802
 295 308.655099  -1.076586     2.748     2.679 16 57579.15425709 28.074
 296 308.656504  -1.075084     2.120     2.111 17 57589.06989943 30.103
 297 308.657513  -1.075716     1.709     1.739 17 57598.98553957 30.254
