#    0.002   0.435   5.350 ;Mean Elev.(m), Avg Gradient(m/km), RMS Gradient(m/km) - SRTM1     
#   21.865  -0.264   6.178 ;Mean Elev.(m), Avg Gradient(m/km), RMS Gradient(m/km) - ASTER GDEM
#    0.861   0.269   5.363 ;Mean Elev.(m), Avg Gradient(m/km), RMS Gradient(m/km) - GMTED2010 
   1 308.703001  -1.194603     0.885     0.783  6 54663.95516008 27.162
   2 308.703400  -1.200699     1.959     1.876 11 54673.87080576 30.944
   3 308.702768  -1.201661   -41.251   -38.261 11 54683.78644911 26.063
   4 308.703699  -1.200012     1.669     1.763 11 54693.70209096 37.947
   5 308.706827  -1.199214   -69.838   -62.810 11 54703.61773085 18.545
   6 308.706229  -1.199176     2.812     2.850 11 54713.53338102 27.369
   7 308.704306  -1.200847  -100.974  -100.931 11 54723.44903216  4.881
   8 308.700553  -1.202361     2.215     2.152 12 54733.36468057 41.740
   9 308.695665  -1.198805     1.457     1.541  8 54743.28032619 36.411
  10 308.694491  -1.198520     1.592     1.577  7 54753.19597229 32.617
  11 308.695668  -1.198880     1.694     1.685  7 54763.11161816 31.350
  12 308.697487  -1.198822     2.510     2.506  9 54773.02726145 25.145
  13 308.699875  -1.201731     2.418     2.379 10 54782.94290269 26.051
  14 308.700947  -1.201522     2.100     2.166 11 54792.85854111 26.771
  15 308.702763  -1.201852     1.244     1.466 12 54802.77417904 41.975
  16 308.704995  -1.201690     1.291     1.325 11 54812.68981692 40.374
  17 308.704966  -1.199672     1.361     1.384 11 54822.60545987 40.331
  18 308.702983  -1.201254     2.686     2.737 11 54832.52110105 35.653
  19 308.699762  -1.201624     3.069     3.038 10 54842.43675157 26.973
  20 308.695515  -1.198795     2.509     2.414  8 54852.35239994 27.851
  21 308.692950  -1.197408     2.262     2.344  7 54862.26804818 29.480
  22 308.692457  -1.198102     2.128     2.130  6 54872.18369675 29.209
  23 308.693315  -1.198365     1.859     1.990  7 54882.09934335 29.522
  24 308.694608  -1.198561     3.307     3.329  7 54892.01498660 25.693
  25 308.694276  -1.197825     3.450     3.487  7 54901.93062675 24.701
  26 308.693698  -1.198171     3.015     3.057  8 54911.84626575 24.854
  27 308.694067  -1.199168     2.841     2.909  7 54921.76190415 26.675
  28 308.696035  -1.198253     2.855     2.875  8 54931.67754182 26.360
  29 308.701624  -1.201839     2.128     2.065 12 54941.59317923 27.986
  30 308.705755  -1.201170     3.073     3.163 11 54951.50881390 29.085
  31 308.705775  -1.200487     3.263     3.300 11 54961.42445549 30.886
  32 308.703077  -1.200350     2.882     2.941 11 54971.34010387 33.069
  33 308.701947  -1.201312     3.198     3.141 11 54981.25575115 33.821
  34 308.701689  -1.201982   -74.812   -74.767 11 54991.17139795  8.812
  35 308.700908  -1.201679     2.199     2.178 11 55001.08704404 29.632
  36 308.700360  -1.202470     2.906     2.899 12 55011.00268859 32.954
  37 308.700302  -1.203341     3.268     3.306 12 55020.91833177 33.034
  38 308.699066  -1.200413     2.938     2.850  9 55030.83397321 29.071
  39 308.700137  -1.202288     2.793     2.870 11 55040.74961536 34.419
  40 308.702239  -1.201367     2.183     2.209 12 55050.66525583 29.597
  41 308.705100  -1.201369     1.742     1.652 11 55060.58089448 30.099
  42 308.704974  -1.199690     2.231     2.164 11 55070.49653576 26.043
  43 308.702391  -1.201178     2.869     2.810 11 55080.41218518 29.015
  44 308.698702  -1.200442     2.920     2.928 10 55090.32783200 27.950
  45 308.695688  -1.198411     2.369     2.457  8 55100.24347744 27.233
  46 308.695399  -1.198411     1.949     1.925  7 55110.15912290 32.288
  47 308.697289  -1.199423     1.689     1.754  8 55120.07476707 36.262
  48 308.699691  -1.201650     1.484     1.534 11 55129.99040896 38.818
  49 308.700427  -1.202432     2.703     2.722 11 55139.90604854 26.166
  50 308.700644  -1.202527     2.788     2.788 12 55149.82168720 27.462
  51 308.701774  -1.201260     1.743     1.800 11 55159.73732582 33.328
  52 308.704396  -1.201402     1.406     1.428 11 55169.65296468 40.287
  53 308.706438  -1.200080     1.318     1.316 10 55179.56860208 41.316
  54 308.704821  -1.201184     1.341     1.475 11 55189.48424953 39.634
  55 308.700884  -1.202164     2.644     2.619 11 55199.39990040 29.096
  56 308.696752  -1.199167     2.991     3.006  8 55209.31554941 33.297
  57 308.695728  -1.198902     2.433     2.299  8 55219.23119852 29.581
  58 308.695513  -1.198904     2.781     2.795  8 55229.14684669 24.582
  59 308.695548  -1.198197     2.239     2.215  8 55239.06249156 30.277
  60 308.695594  -1.198820     2.309     2.242  8 55248.97813305 34.773
  61 308.694708  -1.198842     3.004     3.012  7 55258.89377218 23.139
  62 308.694610  -1.198553     2.755     2.775  8 55268.80941081 26.357
  63 308.695811  -1.198231     2.794     2.879  8 55278.72504952 29.577
  64 308.700258  -1.202131     2.953     3.003 12 55288.64068821 28.202
  65 308.703750  -1.200210     2.435     2.423 11 55298.55632324 29.565
  66 308.704318  -1.201568     1.699     1.682 11 55308.47196716 32.573
  67 308.701969  -1.202064     2.224     2.206 11 55318.38761342 28.935
  68 308.699508  -1.201218     2.824     2.784 11 55328.30325801 29.647
  69 308.698684  -1.199922     3.189     3.192 10 55338.21890175 29.552
  70 308.700800  -1.202577     2.583     2.590 11 55348.13454601 29.527
  71 308.701740  -1.201809     2.259     2.284 11 55358.05018766 26.442
  72 308.701623  -1.201112     2.153     2.068 11 55367.96582715 47.773
  73 308.701781  -1.201115     2.188     2.143 11 55377.88146547 39.691
  74 308.703449  -1.202385     2.854     2.900 11 55387.79710362 25.617
  75 308.705067  -1.199485     2.912     2.942 11 55397.71274022 30.153
  76 308.706989  -1.199880     2.659     2.583 11 55407.62838448 31.143
  77 308.705271  -1.200851     2.215     2.105 11 55417.54403572 26.775
  78 308.702468  -1.201795     1.724     1.745 11 55427.45968346 37.343
  79 308.699463  -1.201623     1.934     1.963 11 55437.37532803 32.347
  80 308.696843  -1.198773     2.653     2.697  8 55447.29097052 25.852
  81 308.697199  -1.198964     2.232     2.107  8 55457.20661334 25.444
  82 308.700407  -1.203008     2.048     2.060 11 55467.12225644 31.658
  83 308.702847  -1.202053     1.761     1.700 11 55477.03789521 37.761
  84 308.705056  -1.201420     1.300     1.453 11 55486.95353090 45.047
  85 308.705769  -1.199562     0.921     1.160 11 55496.86916424 45.196
  86 308.706102  -1.199496     1.752     1.687 11 55506.78480064 30.883
  87 308.704058  -1.201398     1.876     1.797 11 55516.70045174 28.255
  88 308.703408  -1.201999     1.958     1.908 11 55526.61610192 28.389
  89 308.702165  -1.201118     1.955     1.954 11 55536.53174976 39.218
  90 308.700947  -1.202433     1.535     1.616 12 55546.44739585 41.008
  91 308.697322  -1.198529     1.427     1.391  9 55556.36303865 37.325
  92 308.696426  -1.198675     1.553     1.579  8 55566.27868141 34.348
  93 308.698611  -1.200076     2.579     2.632 10 55576.19432383 30.365
  94 308.702141  -1.202166     3.038     2.996 12 55586.10996458 30.170
  95 308.704278  -1.199958     2.622     2.592 11 55596.02560106 28.408
  96 308.706275  -1.201091     1.445     1.507 11 55605.94123512 29.948
  97 308.707165  -1.200193     1.531     1.376 11 55615.85686688 32.025
  98 308.706194  -1.199622     1.652     1.515 11 55625.77250860 28.853
  99 308.704457  -1.201468     2.542     2.493 11 55635.68816140 28.077
 100 308.703253  -1.200981     3.214     3.190 11 55645.60381171 28.683
 101 308.703007  -1.202481     3.241     3.256 11 55655.51945974 34.995
 102 308.701902  -1.201575     2.442     2.460 11 55665.43510258 25.128
 103 308.701197  -1.202043     2.556     2.582 11 55675.35074245 29.878
 104 308.701517  -1.202368     2.192     2.230 11 55685.26638035 26.327
 105 308.703431  -1.201466     2.747     2.642 11 55695.18201676 34.451
 106 308.706848  -1.199691     3.272     3.242 10 55705.09765175 31.835
 107 308.706798  -1.199869     2.639     2.746 10 55715.01329884 37.425
 108 308.704362  -1.200614     2.550     2.615 11 55724.92894718 31.258
 109 308.701813  -1.201516     2.249     2.256 12 55734.84459386 30.925
 110 308.700410  -1.202394     2.380     2.229 11 55744.76023956 35.248
 111 308.700628  -1.202794     2.445     2.360 12 55754.67588392 35.389
 112 308.702433  -1.201969     2.849     2.812 11 55764.59152591 34.184
 113 308.703872  -1.200273     3.063     3.069 11 55774.50716492 28.431
 114 308.704521  -1.199662     2.688     2.593 11 55784.42280077 27.576
 115 308.705748  -1.200222     1.519     1.414 11 55794.33843434 33.092
 116 308.707104  -1.200494     1.441     1.403 11 55804.25407138 34.383
 117 308.706182  -1.200782     1.241     1.348 11 55814.16972039 43.233
 118 308.706578  -1.201135     2.082     2.001 11 55824.08536735 32.548
 119 308.707012  -1.200302     2.882     2.963 11 55834.00100939 25.954
 120 308.707430  -1.199898     2.240     2.432 11 55843.91664768 28.839
 123 308.705249  -1.201225     1.278     1.276 11 55873.66357519 39.717
 124 308.704390  -1.200671     2.308     2.267 11 55883.57922406 23.499
 125 308.704938  -1.200638     2.644     2.741 11 55893.49486691 26.384
 126 308.706385  -1.199755     2.149     2.220 11 55903.41050410 27.211
 127 308.706793  -1.199629     1.231     1.194 11 55913.32614218 42.278
 128 308.702704  -1.201443     1.640     1.686 11 55923.24179639 39.899
 129 308.701011  -1.202488     1.539     1.646 12 55933.15744748 41.118
 130 308.701068  -1.202650     2.331     2.334 12 55943.07309413 28.443
 131 308.701196  -1.201419     2.851     2.844 11 55952.98873615 30.295
 132 308.701599  -1.202249     2.863     2.842 12 55962.90437558 26.335
 133 308.701749  -1.202596     2.500     2.468 11 55972.82001326 29.316
 134 308.703460  -1.201896     2.228     2.295 11 55982.73564984 26.627
 135 308.706938  -1.199843     1.862     1.761 10 55992.65128465 27.615
 136 308.706317  -1.200135     2.067     2.018 11 56002.56693364 26.751
 137 308.703905  -1.200950     3.152     3.248 11 56012.48258374 27.693
 138 308.701662  -1.202560     3.239     3.368 12 56022.39823034 31.273
 139 308.699254  -1.201118     3.175     3.223 11 56032.31387320 38.205
 140 308.699838  -1.201689     2.677     2.523 10 56042.22951438 32.887
 141 308.702194  -1.202427     2.444     2.319 11 56052.14515308 35.923
 142 308.705190  -1.200962     2.223     2.137 11 56062.06078840 32.467
 143 308.706991  -1.200290     2.994     3.185 11 56071.97642748 29.428
 144 308.703653  -1.199921     3.308     3.395 11 56081.89207709 28.377
 145 308.701895  -1.201905     2.959     2.866 11 56091.80772499 32.066
 146 308.701263  -1.202291     2.473     2.482 12 56101.72337051 29.562
 147 308.701509  -1.201601     2.264     2.223 11 56111.63900178 29.481
 148 308.703674  -1.202373     2.055     2.130 11 56121.55464162 41.139
 149 308.705959  -1.201281     2.925     2.890 11 56131.47027737 29.742
 150 308.706838  -1.199419     2.991     3.131 11 56141.38591232 27.772
 151 308.703846  -1.201342     2.630     2.586 11 56151.30156309 29.381
 152 308.702066  -1.201026     2.361     2.374 11 56161.21721152 27.369
 153 308.702801  -1.202394     2.228     2.187 11 56171.13285867 27.618
 154 308.703868  -1.201849     1.542     1.625 11 56181.04850117 43.462
 155 308.704192  -1.200607     2.403     2.398 11 56190.96413962 32.977
 156 308.705019  -1.201868    -0.226    -0.196 11 56200.87977602 12.091
 157 308.706427  -1.200607     2.113     1.981 11 56210.79541005 25.602
 160 308.705577  -1.200345     1.330     1.493 11 56240.54234752 42.359
 161 308.703610  -1.202151     1.869     1.935 11 56250.45799723 28.747
 162 308.702026  -1.201196     2.388     2.404 11 56260.37364152 26.145
 163 308.702339  -1.202067     2.218     2.230 11 56270.28928365 25.173
 164 308.702891  -1.200539     2.163     2.156 11 56280.20492339 26.616
 165 308.701595  -1.202167     1.709     1.665 11 56290.12057507 40.382
 166 308.700288  -1.201842     1.420     1.444 12 56300.03622282 39.150
 167 308.699333  -1.201288     1.887     1.859 11 56309.95186651 34.119
 168 308.698345  -1.199689     3.053     3.042  9 56319.86750794 27.234
 169 308.698890  -1.200747     3.138     3.202  9 56329.78314950 29.376
 170 308.701357  -1.202640     2.881     2.836 12 56339.69879085 29.037
 171 308.703901  -1.200360     2.452     2.474 11 56349.61442929 25.378
 172 308.706517  -1.199743     1.939     2.025 11 56359.53006641 30.860
 173 308.703306  -1.202289     2.259     2.279 11 56369.44571747 27.151
 175 308.696090  -1.198828     3.399     3.244  8 56389.27700908 30.730
 176 308.697696  -1.199494     3.200     3.264  8 56399.19265240 29.099
 177 308.701257  -1.201691     3.086     2.986 11 56409.10829349 36.834
 178 308.704262  -1.200975     2.658     2.565 12 56419.02392946 28.634
 179 308.706757  -1.200075     2.366     2.418 11 56428.93956301 29.229
 180 308.702623  -1.202500     3.192     3.144 11 56438.85521645 26.111
 181 308.698628  -1.200256     3.151     3.158 10 56448.77086664 25.397
 182 308.697745  -1.199692     2.930     3.015  8 56458.68651546 27.253
 183 308.697541  -1.198573     3.034     3.111  8 56468.60216103 26.965
 184 308.699409  -1.201744     2.599     2.534 11 56478.51780362 33.676
 185 308.700997  -1.202791     1.991     1.999 12 56488.43344183 33.015
 186 308.702619  -1.201951     2.426     2.486 11 56498.34907685 28.945
 187 308.705524  -1.200430     2.098     2.001 10 56508.26471038 26.180
 189 308.706695  -1.200196     2.695     2.606 10 56528.09600209 28.957
 190 308.705366  -1.200507     2.112     2.129 10 56538.01165133 27.028
 191 308.703261  -1.201170     1.098     1.471 12 56547.92729663 41.531
 192 308.701176  -1.202483     2.064     2.088 11 56557.84293974 35.874
 193 308.700552  -1.202389     2.671     2.667 11 56567.75858214 34.802
 194 308.702330  -1.202184     2.865     2.960 12 56577.67422367 29.123
 195 308.706189  -1.201334     2.284     2.254 11 56587.58986183 27.723
 196 308.708894  -1.203736     1.635     1.658  7 56597.50550434 30.836
 197 308.703605  -1.200512     1.098     1.134 11 56607.42115525 42.212
 198 308.701099  -1.202090     1.708     1.744 11 56617.33680225 39.115
 199 308.700760  -1.202660     2.680     2.650 11 56627.25244566 29.645
 200 308.702357  -1.201816     2.694     2.616 11 56637.16808597 26.166
 201 308.704418  -1.200431     2.418     2.408 11 56647.08372729 27.129
 202 308.702477  -1.201839     2.248     2.246 11 56656.99937928 27.036
 203 308.700254  -1.202137     1.978     1.932 11 56666.91502679 36.366
 204 308.697648  -1.199117     1.890     1.846  8 56676.83067131 32.455
 205 308.697448  -1.198556     2.501     2.535  9 56686.74631568 27.294
 206 308.700880  -1.203033     2.749     2.786 11 56696.66195951 32.077
 207 308.703884  -1.201324     2.952     2.982 11 56706.57759749 27.512
 208 308.706476  -1.199962     3.047     2.943 10 56716.49323212 29.380
 209 308.701807  -1.202232   -74.303   -73.966 11 56726.40888590  7.155
 210 308.695744  -1.197793     2.757     2.808  8 56736.32453386 26.130
 211 308.694490  -1.198523     2.908     2.829  8 56746.24017959 29.067
 212 308.697367  -1.199039     3.036     3.052  8 56756.15582114 25.672
 213 308.703262  -1.200550     3.466     3.426 11 56766.07145733 27.386
 214 308.705206  -1.200734     3.632     3.579 11 56775.98709771 36.007
 215 308.700352  -1.202147     2.873     2.792 12 56785.90275373 29.044
 216 308.693853  -1.198192     2.825     2.897  7 56795.81840514 29.460
 217 308.691285  -1.197809     2.708     2.746  7 56805.73405346 27.222
 218 308.693762  -1.199112     3.142     3.199  7 56815.64969611 26.177
 219 308.696941  -1.198833     3.484     3.390  9 56825.56533503 30.243
 220 308.701614  -1.202109   -73.982   -73.801 12 56835.48097117  7.336
 221 308.704650  -1.200822     2.200     2.083 11 56845.39660278 31.607
 222 308.703183  -1.200913     2.451     2.488 11 56855.31224906 27.838
 223 308.700759  -1.201606     2.050     2.068 11 56865.22790204 35.822
 224 308.699079  -1.201052     2.664     2.688 10 56875.14355385 34.858
 225 308.697304  -1.198314     3.335     3.327  8 56885.05920206 27.018
 226 308.696733  -1.198533     2.916     2.697  8 56894.97484801 28.830
 227 308.695499  -1.198710     2.517     2.479  7 56904.89049085 30.426
 228 308.694192  -1.198522     2.531     2.438  7 56914.80613183 29.622
 229 308.695545  -1.199074     2.111     2.071  8 56924.72177168 32.570
 230 308.700858  -1.203051     2.337     2.382 11 56934.63740996 33.528
 231 308.705807  -1.199689     2.747     2.737 11 56944.55304154 26.299
 232 308.705226  -1.200158     2.557     2.473 11 56954.46869100 28.266
 233 308.702502  -1.202328     2.230     2.213 11 56964.38434140 30.891
 234 308.699538  -1.201124     1.806     1.747 11 56974.29998616 38.955
 235 308.700561  -1.203059     1.565     1.729 11 56984.21562736 38.860
 236 308.704162  -1.202171     1.530     1.506 11 56994.13126304 38.541
 237 308.707123  -1.200045     2.393     2.205 10 57004.04690124 27.835
 238 308.703620  -1.200125     2.834     2.734 11 57013.96255678 35.295
 239 308.701329  -1.202693     2.720     2.666 12 57023.87820816 28.506
 240 308.697953  -1.199031     2.027     1.997  9 57033.79385604 33.924
 241 308.697698  -1.198610     1.891     1.857  8 57043.70950267 33.912
 242 308.700338  -1.202593     1.726     1.672 12 57053.62514801 38.207
 243 308.702308  -1.202200     2.992     2.957 11 57063.54078781 28.880
 244 308.703857  -1.200344     3.667     3.728 11 57073.45642218 41.364
 245 308.706384  -1.199355     2.967     3.081 11 57083.37205293 29.484
 246 308.704296  -1.201346     2.218     2.132 11 57093.28770248 27.989
 247 308.700322  -1.201956     2.576     2.551 11 57103.20335900 32.721
 248 308.698047  -1.199336     2.317     2.268  8 57113.11901099 29.930
 249 308.699536  -1.201379     3.380     3.347 10 57123.03465819 30.213
 250 308.700777  -1.202942     3.787     3.837 11 57132.95029984 31.907
 251 308.702095  -1.202285     3.278     3.179 12 57142.86593648 29.542
 252 308.704096  -1.201699     2.786     2.825 11 57152.78157056 27.758
 253 308.706797  -1.199456     2.504     2.606 11 57162.69720330 18.794
 254 308.703864  -1.201165     2.161     2.265 11 57172.61286082 30.905
 255 308.701987  -1.202232     2.879     2.844 12 57182.52851524 30.878
 256 308.700035  -1.202089     3.524     3.456 12 57192.44416548 36.430
 257 308.697619  -1.199746     3.172     3.155  8 57202.35981228 27.327
 258 308.697057  -1.199257     2.886     2.760  8 57212.27544580 27.634
 259 308.698884  -1.200388     2.638     2.595 10 57222.19108945 32.895
 260 308.701734  -1.202731     2.115     2.122 11 57232.10673184 36.196
 261 308.703043  -1.201561     2.337     2.337 11 57242.02237076 28.062
 262 308.704096  -1.200065     3.098     3.132 11 57251.93800707 31.860
 263 308.706002  -1.200208     3.058     2.999 10 57261.85364221 28.050
 265 308.705523  -1.200786     2.205     2.215 11 57281.68493365 29.683
 266 308.703357  -1.201164     1.894     1.890 12 57291.60058893 34.700
 267 308.701686  -1.202263     1.707     1.574 11 57301.51624125 39.324
 268 308.699785  -1.201950     2.820     2.879 11 57311.43188952 30.264
 269 308.696632  -1.198427     2.776     2.742  8 57321.34753354 26.424
 270 308.695869  -1.198113     2.393     2.503  8 57331.26317576 27.522
 271 308.697569  -1.198489     1.614     1.531  9 57341.17881611 34.556
 272 308.696390  -1.198285     1.620     1.669  8 57351.09446657 32.594
 273 308.697489  -1.198679     1.398     1.346  8 57361.01011129 33.207
 274 308.699375  -1.201173     2.494     2.472 11 57370.92575344 29.058
 275 308.700652  -1.202328     2.847     2.854 12 57380.84139346 29.728
 276 308.702665  -1.202152     2.133     2.165 11 57390.75703270 29.005
 277 308.705604  -1.200451     1.622     1.632 10 57400.67267090 35.081
 279 308.704977  -1.201813     1.356     1.437 11 57420.50396482 42.916
 280 308.700760  -1.201646     2.978     2.973 11 57430.41961462 30.608
 281 308.696753  -1.198558     3.002     3.027  8 57440.33526152 27.739
 282 308.696830  -1.199380     2.542     2.494  8 57450.25090832 27.090
 283 308.697749  -1.198419     2.636     2.533  8 57460.16655318 27.870
 284 308.702006  -1.202770     2.454     2.450 11 57470.08219601 25.732
 285 308.703935  -1.201098     1.960     1.857 11 57479.99783336 28.469
 286 308.704924  -1.199512     2.671     2.638 11 57489.91346762 29.602
 287 308.707326  -1.199560     2.910     2.882 10 57499.82910058 27.609
 288 308.707323  -1.200740     3.004     2.889 11 57509.74474554 33.187
 289 308.703898  -1.200926     3.159     3.132 11 57519.66040135 32.494
 290 308.702232  -1.201622     2.567     2.513 12 57529.57605476 26.366
 291 308.701046  -1.202151     2.071     2.123 11 57539.49170496 39.987
 292 308.698748  -1.199781     1.962     1.942 10 57549.40735159 39.780
 293 308.697272  -1.198985     2.511     2.386  9 57559.32299696 31.797
 294 308.697091  -1.198324     3.100     3.093  8 57569.23864153 29.223
 295 308.699705  -1.201664     2.654     2.752 10 57579.15428661 31.532
 296 308.702001  -1.202666     2.325     2.332 11 57589.06992954 28.686
 297 308.702566  -1.202049     2.058     2.026 12 57598.98556938 32.841
