#   64.012   0.091   2.680 ;Mean Elev.(m), Avg Gradient(m/km), RMS Gradient(m/km) - SRTM1     
#   84.086   2.264   3.795 ;Mean Elev.(m), Avg Gradient(m/km), RMS Gradient(m/km) - ASTER GDEM
#   64.228  -1.051   3.714 ;Mean Elev.(m), Avg Gradient(m/km), RMS Gradient(m/km) - GMTED2010 
   1 289.886619  -4.065096    65.300    65.229  3 54663.01892602 48.355
   2 289.884462  -4.064870    64.617    64.651  3 54672.93457028 31.212
   3 289.883200  -4.064789    15.262    15.262  2 54682.85021346 13.596
   4 289.884874  -4.065376    62.813    62.801  3 54692.76585602 47.419
   5 289.888698  -4.066031    13.955    13.955  2 54702.68149652 13.569
   6 289.888614  -4.065602    60.508    60.508  2 54712.59714546 47.177
   7 289.885925  -4.065233    14.540    14.511  3 54722.51279635  4.335
   8 289.881471  -4.065046    63.465    63.444  3 54732.42844446 50.633
   9 289.877228  -4.063541   124.790   123.947  3 54742.34409055 24.940
  10 289.876341  -4.064091    61.813    61.965  3 54752.25973694 36.605
  11 289.876987  -4.063505    63.400    63.404  3 54762.17538286 44.536
  12 289.879236  -4.064824    63.806    63.774  3 54772.09102685 52.893
  13 289.880609  -4.064489   126.520   125.935  3 54782.00666752 17.803
  14 289.881692  -4.064069    64.780    64.797  3 54791.92230589 41.216
  15 289.883334  -4.064729    65.276    65.296  3 54801.83794379 32.552
  16 289.885587  -4.065534    66.117    66.065  3 54811.75358195 23.841
  17 289.886701  -4.065145    65.242    65.226  3 54821.66922403 38.378
  18 289.884136  -4.064062    64.214    64.164  3 54831.58487638 42.805
  19 289.880907  -4.064018    64.804    64.819  3 54841.50051538 47.422
  20 289.876988  -4.063340    67.813    67.828  3 54851.41616424 38.692
  21 289.874996  -4.064786    68.732    68.730  3 54861.33181310 46.340
  22 289.873637  -4.063567    69.390    69.390  2 54871.24746126 54.261
  23 289.874718  -4.063974    69.644    69.645  3 54881.16310828 49.633
  24 289.876185  -4.063344    70.135    70.133  3 54891.07875179 50.568
  25 289.876317  -4.063433    70.444    70.420  3 54900.99439242 53.760
  26 289.875736  -4.064728    70.544    70.541  3 54910.91003161 52.027
  27 289.875462  -4.064751    70.523    70.513  3 54920.82566961 54.476
  28 289.877283  -4.063702    70.549    70.548  3 54930.74130726 51.450
  29 289.881563  -4.063535    70.564    70.562  3 54940.65694407 51.066
  30 289.886562  -4.065132    70.840    70.835  3 54950.57257965 49.395
  31 289.887428  -4.064738    71.173    71.103  3 54960.48821988 45.806
  32 289.885138  -4.065667    71.149    71.171  3 54970.40386852 38.711
  33 289.882749  -4.063770    70.915    70.979  3 54980.31951506 47.872
  34 289.881866  -4.063806    70.522    70.476  3 54990.23516168 53.975
  35 289.881403  -4.064414    70.165    70.168  3 55000.15080822 52.483
  36 289.880939  -4.064824    69.224    69.142  3 55010.06645293 37.200
  37 289.880598  -4.064363    68.345    68.324  3 55019.98209592 43.830
  38 289.880493  -4.065038    67.926    67.988  3 55029.89773816 38.815
  39 289.880663  -4.065501    66.933    67.032  3 55039.81337995 30.711
  40 289.882471  -4.064807    65.437    65.447  3 55049.72902055 42.689
  41 289.885262  -4.064038    64.006    64.017  3 55059.64465919 36.308
  42 289.886600  -4.063839    63.251    63.253  3 55069.56029970 49.551
  43 289.884390  -4.065582    63.791    63.813  3 55079.47594960 48.672
  44 289.880271  -4.064332    62.218    62.242  3 55089.39159650 45.145
  45 289.877244  -4.063477    61.653    61.633  3 55099.30724211 46.648
  46 289.877157  -4.064569    62.568    62.563  3 55109.22288771 46.925
  47 289.878563  -4.064214    63.265    63.319  3 55119.13853179 51.288
  48 289.880693  -4.065313    63.229    63.172  3 55129.05417380 51.494
  49 289.881157  -4.064847    63.956    63.944  3 55138.96981342 47.398
  50 289.881472  -4.065014    62.018    62.009  3 55148.88545212 48.126
  51 289.882449  -4.063965    63.104    63.106  3 55158.80109058 44.799
  52 289.885078  -4.065167    65.638    65.306  3 55168.71672955 30.627
  53 289.887319  -4.064969    66.965    66.998  3 55178.63236741 28.207
  54 289.886093  -4.064891    68.306    68.306  2 55188.54801340 34.737
  55 289.881988  -4.064602    68.713    68.713  2 55198.46366420 41.355
  56 289.878723  -4.064604    68.060    68.051  3 55208.37931397 49.065
  57 289.877423  -4.064783    66.216    66.194  3 55218.29496320 44.041
  58 289.877095  -4.065177    66.115    66.091  3 55228.21061158 52.404
  59 289.877266  -4.064925    67.309    67.317  3 55238.12625683 50.362
  60 289.877693  -4.065203    67.691    67.733  3 55248.04189859 29.822
  61 289.876788  -4.064279    67.619    67.619  2 55257.95753774 53.885
  62 289.876869  -4.065179    67.715    67.713  3 55267.87317677 52.562
  63 289.877059  -4.063347    68.124    68.260  3 55277.78881507 40.577
  64 289.880226  -4.064267    68.469    68.367  3 55287.70445309 41.404
  65 289.884682  -4.064816    68.824    68.756  3 55297.62008882 32.602
  66 289.885876  -4.066048    68.996    68.962  3 55307.53573150 30.350
  67 289.882946  -4.064762    69.205    69.214  3 55317.45137768 36.277
  68 289.880582  -4.064154    69.165    69.070  3 55327.36702257 37.173
  69 289.880135  -4.064189    69.116    69.115  3 55337.28266661 32.844
  70 289.881412  -4.065403    68.727    68.752  3 55347.19831043 49.731
  71 289.881925  -4.064275    68.195    68.140  3 55357.11395210 51.700
  72 289.882080  -4.064181    67.354    67.386  3 55367.02959192 49.461
  73 289.882895  -4.065456    64.869    64.861  3 55376.94523072 40.126
  74 289.884068  -4.064907    65.566    65.722  3 55386.86086854 22.441
  75 289.886480  -4.064879    63.619    63.619  2 55396.77650590 36.160
  76 289.888798  -4.065714    63.928    63.928  2 55406.69214870 42.354
  77 289.886030  -4.063992    62.755    62.783  3 55416.60779945 47.169
  78 289.883716  -4.065569    61.550    61.485  3 55426.52344762 49.426
  79 289.880605  -4.064172    59.630    59.622  3 55436.43909221 46.791
  80 289.878742  -4.063706    58.949    58.840  3 55446.35473556 45.286
  81 289.878860  -4.064419    60.057    60.057  2 55456.27037854 46.670
  82 289.880221  -4.064036    59.819    59.805  3 55466.18602063 46.274
  83 289.883628  -4.065646    58.670    58.729  3 55476.10166020 45.177
  84 289.885732  -4.064323    58.683    58.606  3 55486.01729594 52.793
  85 289.887595  -4.065662    59.501    59.541  3 55495.93293026 43.241
  86 289.888572  -4.066071    65.552    65.589  3 55505.84856531 23.404
  87 289.885175  -4.064351    61.660    61.684  3 55515.76421559 43.051
  88 289.884710  -4.065819    62.983    62.987  3 55525.67986603 42.082
  89 289.882923  -4.063962    62.984    62.946  3 55535.59551371 44.880
  90 289.881438  -4.064956    64.287    64.250  3 55545.51115992 37.517
  91 289.879171  -4.064772    63.194    63.217  3 55555.42680380 46.381
  92 289.878473  -4.065560    64.422    64.379  3 55565.34244686 48.365
  93 289.879454  -4.063607    64.933    65.000  3 55575.25808868 52.384
  94 289.882304  -4.063892    65.102    64.623  3 55585.17372934 28.191
  95 289.885275  -4.064488    63.651    63.649  3 55595.08936671 33.791
  96 289.887170  -4.065117    65.526    65.457  3 55605.00500073 50.505
  97 289.889094  -4.066769    66.072    66.072  2 55614.92063315 31.475
  98 289.888585  -4.065695    66.485    66.485  2 55624.83627291 44.074
  99 289.885461  -4.064482    67.649    67.629  3 55634.75192527 44.124
 100 289.884655  -4.065509    68.296    68.302  3 55644.66757616 34.385
 101 289.883313  -4.063720    68.969    69.016  3 55654.58322363 30.972
 102 289.882858  -4.064469    69.804    69.805  3 55664.49886709 50.342
 103 289.881528  -4.063630    70.493    70.496  3 55674.41450688 55.336
 104 289.882181  -4.065679    70.744    70.740  3 55684.33014549 38.288
 105 289.883722  -4.063822    71.221    71.219  3 55694.24578193 52.230
 106 289.888849  -4.066985    70.806    70.806  2 55704.16141821 39.013
 107 289.888932  -4.066091    70.163    70.163  2 55714.07706348 37.296
 108 289.885514  -4.064435    69.671    69.679  3 55723.99271139 50.215
 109 289.882161  -4.063592    68.236    68.270  3 55733.90835771 41.658
 110 289.880584  -4.064038    66.931    66.938  3 55743.82400340 44.521
 111 289.881235  -4.065547    66.927    66.807  3 55753.73964828 30.296
 112 289.882965  -4.064320    66.858    66.865  3 55763.65529049 43.052
 113 289.885356  -4.065290    65.454    65.497  3 55773.57093045 46.843
 114 289.885906  -4.064599    63.513    63.510  3 55783.48656647 50.593
 115 289.886890  -4.064650    61.952    61.949  3 55793.40219993 47.382
 116 289.889309  -4.066586    60.091    60.091  2 55803.31783577 48.223
 117 289.887745  -4.065706    61.854    59.847  3 55813.23348475 35.477
 118 289.887713  -4.065193    60.051    60.051  2 55823.14913202 43.921
 119 289.889189  -4.066895    67.182    67.182  2 55833.06477512 24.134
 123 289.886047  -4.064183    66.347    65.626  3 55872.72733872 21.880
 124 289.885650  -4.064764    63.564    63.570  3 55882.64298858 43.275
 125 289.886281  -4.064942    64.879    64.879  2 55892.55863204 36.933
 126 289.887857  -4.065252    65.202    65.202  2 55902.47426992 34.671
 128 289.883494  -4.064661    67.516    67.550  3 55922.30555989 53.135
 129 289.881397  -4.064560    68.774    68.774  2 55932.22121111 39.306
 130 289.881872  -4.065209    69.484    69.489  3 55942.13685846 54.420
 131 289.882367  -4.064848    69.687    69.687  3 55952.05250119 53.348
 132 289.882359  -4.064967    69.507    69.518  3 55961.96814059 37.241
 133 289.882372  -4.065519    69.922    69.919  3 55971.88377828 46.940
 134 289.883882  -4.064852    70.250    70.250  3 55981.79941482 46.225
 135 289.888370  -4.066106    70.112    70.112  2 55991.71505072 35.927
 136 289.888340  -4.066079    70.506    70.494  3 56001.63069805 43.845
 137 289.885631  -4.065485    71.050    71.032  3 56011.54634832 47.650
 138 289.882327  -4.063679    71.604    71.576  3 56021.46199441 41.821
 139 289.880721  -4.065299    71.703    71.700  3 56031.37763807 53.629
 140 289.880364  -4.064991    71.860    71.860  3 56041.29327913 54.892
 141 289.882327  -4.065440    71.683    71.683  3 56051.20891804 54.711
 142 289.885668  -4.064876    71.255    71.250  3 56061.12455404 35.154
 144 289.885589  -4.064752    70.477    70.458  3 56080.95584161 41.021
 145 289.882470  -4.064103    69.466    69.466  3 56090.87148898 36.112
 146 289.881421  -4.064556    67.679    67.679  2 56100.78713454 32.355
 147 289.881661  -4.064067    65.216    65.206  3 56110.70276604 43.603
 148 289.883807  -4.064043    65.510    65.491  3 56120.61840616 44.089
 149 289.887146  -4.065091    64.879    64.894  3 56130.53404294 44.656
 150 289.890035  -4.067239    63.911    63.911  2 56140.44967731 34.024
 151 289.885103  -4.064791    62.390    62.390  3 56150.36532709 52.153
 152 289.882941  -4.064240    60.698    60.608  3 56160.28097541 52.423
 153 289.882997  -4.064140    60.731    60.677  3 56170.19662236 51.700
 154 289.884138  -4.063918    62.381    62.388  3 56180.11226556 52.377
 155 289.885577  -4.065212    60.761    60.670  3 56190.02790507 43.244
 156 289.886015  -4.064881    60.525    60.386  3 56199.94354137 42.374
 157 289.887731  -4.065037    65.435    65.435  2 56209.85917571 25.718
 160 289.886666  -4.064280    62.413    62.423  3 56239.60611127 36.561
 161 289.884692  -4.065561    62.287    62.290  3 56249.52176139 46.902
 162 289.883651  -4.065883    63.937    63.945  3 56259.43740646 47.435
 163 289.883274  -4.065392    64.567    64.568  3 56269.35304845 45.639
 164 289.883784  -4.064919    65.020    65.109  3 56279.26868861 51.091
 165 289.881622  -4.063636    66.526    66.526  3 56289.18433839 47.825
 166 289.880806  -4.064017    68.076    68.052  3 56299.09998669 44.802
 167 289.880902  -4.065717    68.894    68.907  3 56309.01563137 26.006
 168 289.879861  -4.063920    69.349    69.330  3 56318.93127305 35.247
 169 289.879527  -4.063366    69.459    69.429  3 56328.84691429 48.462
 170 289.881148  -4.063660    69.278    69.228  3 56338.76255517 32.582
 171 289.884455  -4.063945    69.723    69.692  3 56348.67819428 43.170
 172 289.888345  -4.065335    69.774    69.774  2 56358.59383073 30.878
 173 289.884663  -4.065936    70.726    70.740  3 56368.50948158 46.591
 175 289.878164  -4.064735    70.929    70.873  3 56388.34077438 54.764
 176 289.878821  -4.064184    70.944    70.945  3 56398.25641744 54.995
 177 289.880965  -4.063504    70.879    70.927  3 56408.17205800 39.781
 178 289.884300  -4.064056    70.933    70.927  3 56418.08769473 52.915
 179 289.889058  -4.066647    70.198    70.198  2 56428.00332737 36.238
 180 289.883421  -4.064019    69.125    69.143  3 56437.91897984 39.353
 181 289.880414  -4.065072    68.678    68.734  3 56447.83463101 31.757
 182 289.878854  -4.063807    68.261    68.248  3 56457.75027982 43.951
 183 289.879009  -4.064390    68.263    68.259  3 56467.66592604 46.506
 184 289.880171  -4.065379    67.434    67.555  3 56477.58156834 42.000
 185 289.881231  -4.064182    66.592    66.597  3 56487.49720641 47.168
 186 289.883264  -4.064540    66.520    66.443  3 56497.41284202 33.223
 187 289.886781  -4.065535    65.240    65.241  3 56507.32847638 49.966
 189 289.888650  -4.065973    64.766    64.766  2 56527.15976637 53.351
 190 289.887019  -4.065585    64.251    64.271  3 56537.07541566 52.376
 192 289.881462  -4.063732    62.261    62.276  3 56556.90670378 43.423
 193 289.881028  -4.064218    64.494    65.266  3 56566.82234647 32.156
 194 289.883093  -4.065466    62.436    62.430  3 56576.73798847 37.519
 195 289.887010  -4.066011    64.607    64.061  3 56586.65362727 33.062
 196 289.889800  -4.067073    65.797    65.797  2 56596.56926763 27.899
 197 289.884733  -4.064384    64.410    64.413  3 56606.48491913 45.221
 198 289.881466  -4.063674    64.560    64.550  3 56616.40056613 48.503
 199 289.881739  -4.065772    66.060    65.979  3 56626.31621031 38.511
 200 289.882942  -4.064724    65.867    65.872  3 56636.23185098 55.334
 201 289.885500  -4.063920    66.643    66.581  3 56646.14749089 52.969
 202 289.883161  -4.064419    66.432    66.436  3 56656.06314295 53.294
 203 289.880891  -4.064192    66.038    66.026  3 56665.97879061 47.417
 204 289.879815  -4.065436    68.014    67.910  3 56675.89443636 44.494
 205 289.879334  -4.064753    68.550    68.587  3 56685.81008096 32.618
 206 289.880825  -4.064460    68.015    68.022  3 56695.72572399 35.337
 207 289.884179  -4.063843    68.259    68.107  3 56705.64136262 35.356
 208 289.888550  -4.065312    67.913    67.913  2 56715.55699624 27.124
 209 289.883026  -4.065427    68.779    68.776  3 56725.47264958 46.125
 210 289.877765  -4.064024    69.246    69.241  3 56735.38829868 51.925
 211 289.876360  -4.065091    69.909    69.823  3 56745.30394496 54.288
 212 289.878497  -4.064195    70.259    70.263  3 56755.21958667 53.083
 213 289.884050  -4.065167    70.513    70.408  3 56765.13522334 54.779
 214 289.886776  -4.064991    70.764    70.764  2 56775.05086115 48.866
 215 289.881519  -4.065743    70.674    70.671  3 56784.96651725 52.352
 216 289.875876  -4.064324    70.675    70.679  3 56794.88216947 50.840
 217 289.872819  -4.063186    70.449    70.456  3 56804.79781839 41.080
 218 289.874766  -4.063127    70.164    70.157  3 56814.71346114 44.937
 219 289.878693  -4.065199    69.625    69.586  3 56824.62910105 32.615
 220 289.881687  -4.064056    68.608    68.583  3 56834.54473632 36.726
 221 289.885578  -4.065235    67.978    67.965  3 56844.46036862 47.362
 222 289.884410  -4.064203    66.811    66.742  3 56854.37601243 53.108
 223 289.881699  -4.064643    65.202    65.183  3 56864.29166553 39.731
 224 289.880428  -4.065431    66.121    66.381  3 56874.20731804 29.816
 225 289.879595  -4.065102    63.712    63.715  3 56884.12296717 51.115
 226 289.878744  -4.064265    64.616    63.971  3 56894.03861301 45.184
 227 289.877172  -4.063907    63.885    62.754  3 56903.95425577 47.124
 228 289.876111  -4.065371    62.021    62.105  3 56913.86989724 40.499
 229 289.876279  -4.063335    62.974    63.002  3 56923.78553668 44.247
 230 289.880802  -4.065175    63.300    63.440  3 56933.70117496 47.874
 231 289.886703  -4.064628    63.107    63.046  3 56943.61680771 34.934
 232 289.887252  -4.065659    64.756    64.830  3 56953.53245512 36.593
 233 289.882924  -4.063869    63.672    63.706  3 56963.44810505 53.289
 234 289.880329  -4.064610    64.511    64.511  2 56973.36375058 48.606
 235 289.880820  -4.065523    65.356    65.350  3 56983.27939195 51.777
 236 289.884236  -4.064484    65.620    65.581  3 56993.19502827 43.607
 238 289.885372  -4.064705    67.925    67.876  3 57013.02632088 42.797
 239 289.882064  -4.064599    68.060    68.060  2 57022.94197180 27.119
 240 289.879629  -4.064252    68.748    68.674  3 57032.85762045 44.748
 241 289.879279  -4.064466    68.906    68.906  2 57042.77326739 37.607
 242 289.880370  -4.064548    69.558    69.558  2 57052.68891227 44.139
 243 289.882301  -4.063538    70.185    70.222  3 57062.60455260 46.853
 244 289.884832  -4.063749    70.341    70.346  3 57072.52018794 45.500
 245 289.888055  -4.065500    70.472    70.472  2 57082.43581951 47.133
 246 289.885621  -4.065313    70.522    70.527  3 57092.35146574 49.303
 247 289.880592  -4.064204    70.615    70.617  3 57102.26712208 46.740
 248 289.879178  -4.064329    71.029    71.012  3 57112.18277527 50.574
 249 289.880120  -4.064043    71.189    71.195  3 57122.09842262 53.193
 250 289.881054  -4.064220    71.702    71.706  3 57132.01406449 53.928
 251 289.882776  -4.065467    71.799    71.727  3 57141.92970185 52.585
 252 289.884267  -4.064611    71.907    71.838  3 57151.84533591 41.564
 253 289.888653  -4.065540    71.858    71.858  2 57161.76096728 41.082
 254 289.884799  -4.064056    71.637    71.660  3 57171.67662395 41.320
 255 289.882760  -4.064250    71.572    71.479  3 57181.59227865 46.035
 256 289.880762  -4.063973    71.109    71.112  3 57191.50792932 50.146
 257 289.879005  -4.063775    70.395    70.465  3 57201.42357679 35.562
 258 289.878469  -4.063988    69.927    69.853  3 57211.33921051 53.971
 259 289.879478  -4.063714    68.657    68.599  3 57221.25485383 52.832
 260 289.881903  -4.065233    67.434    67.441  3 57231.17049625 49.711
 261 289.883913  -4.065667    67.790    68.236  3 57241.08613595 44.221
 262 289.885775  -4.065571    66.045    65.253  3 57251.00177291 36.115
 263 289.887558  -4.065205    63.745    63.745  2 57260.91740798 33.681
 265 289.886360  -4.064323    62.113    62.085  3 57280.74869676 40.147
 266 289.884081  -4.064637    60.647    60.701  3 57290.66435224 39.550
 267 289.882238  -4.064642    60.534    60.534  2 57300.58000472 38.994
 268 289.880945  -4.064918    61.484    61.496  3 57310.49565365 44.715
 269 289.878701  -4.063875    64.629    63.831  3 57320.41129868 45.306
 270 289.878041  -4.065198    63.894    62.528  3 57330.32694138 45.077
 271 289.879069  -4.064983    63.568    62.970  3 57340.24258163 45.656
 272 289.878081  -4.064467    65.031    65.031  2 57350.15823122 42.730
 273 289.878848  -4.063488    64.549    64.315  3 57360.07387609 48.571
 274 289.880716  -4.065459    65.800    65.803  3 57369.98951858 41.335
 275 289.880989  -4.063926    65.591    65.490  3 57379.90515816 37.232
 276 289.882820  -4.063857    67.344    67.311  3 57389.82079733 43.491
 277 289.886332  -4.064520    67.852    67.847  3 57399.73643601 37.896
 279 289.886179  -4.065659    66.999    66.904  3 57419.56772867 23.463
 280 289.881766  -4.064267    64.445    64.492  3 57429.48337860 47.542
 281 289.878801  -4.064297    68.027    68.027  3 57439.39902646 47.535
 282 289.878301  -4.064586    68.824    68.812  3 57449.31467314 52.874
 283 289.878735  -4.063340    69.296    69.231  3 57459.23031807 45.479
 284 289.881940  -4.065492    69.496    69.414  3 57469.14596068 45.905
 285 289.884749  -4.065520    69.862    69.706  3 57479.06159877 43.024
 286 289.886316  -4.064574    70.144    70.118  3 57488.97723348 35.973
 287 289.889512  -4.066728    69.972    69.972  2 57498.89286718 38.633
 288 289.889463  -4.066374    69.912    69.912  2 57508.80850951 33.351
 289 289.885286  -4.065449    69.943    69.951  3 57518.72416518 43.550
 290 289.883115  -4.065017    68.968    68.896  3 57528.63981838 41.669
 291 289.881925  -4.065089    68.494    68.485  3 57538.55546872 48.306
 292 289.880690  -4.065450    68.632    68.695  3 57548.47111634 36.637
 293 289.879313  -4.065013    68.002    68.009  3 57558.38676210 49.364
 294 289.879479  -4.065601    66.986    67.029  3 57568.30240706 49.774
 295 289.880242  -4.064270    66.392    66.401  3 57578.21805095 48.116
 296 289.882165  -4.064840    66.030    66.031  3 57588.13369382 50.671
 297 289.883303  -4.065878    63.843    63.895  3 57598.04933422 48.560
