-344230.362    62.160     0.00    2.05
-343940.819    62.447     0.99    1.99
-343651.280    62.218    -0.79    2.13
-343361.744    62.386     0.58    2.50
-343072.212    62.256    -0.45    2.69
-342782.683    62.713     1.58    2.32
-342493.158    63.110     1.37    2.39
-342203.637    63.144     0.12    2.34
-341914.119    63.064    -0.28    2.16
-341624.605    61.790    -4.40    3.99
-341335.094    59.251    -8.77    6.89
-341045.587    55.303   -13.64    9.17
-340756.083    51.334   -13.71   10.18
-340466.583    47.472   -13.34   10.06
-340177.086    45.170    -7.95    8.84
-339887.594    45.553     1.32    9.78
-339598.104    48.193     9.12   11.79
-339308.618    52.171    13.74   12.21
-339019.136    56.986    16.64   10.99
-338729.657    60.859    13.38    8.38
-338440.182    63.710     9.85    3.50
-338150.711    64.636     3.20    2.69
-337861.243    64.505    -0.45    2.88
-337571.778    64.742     0.82    2.99
-337282.317    64.196    -1.89    3.39
-336992.860    63.970    -0.78    3.34
-336703.406    63.267    -2.43    3.25
-336413.956    63.689     1.46    3.30
-336124.509    64.284     2.06    3.20
-335835.066    64.867     2.01    2.83
-335545.626    65.403     1.85    2.55
-335256.190    65.731     1.13    2.20
-334966.758    66.075     1.19    1.93
-334677.329    66.162     0.30    2.23
-334387.903    66.144    -0.06    2.08
-334098.482    66.024    -0.42    2.10
-333809.063    65.920    -0.36    2.19
-333519.648    65.758    -0.56    2.46
-333230.237    65.370    -1.34    2.76
-332940.829    65.092    -0.96    2.91
-332651.425    65.386     1.02    3.10
-332362.024    65.231    -0.54    3.15
-332072.627    65.270     0.14    3.09
-331783.233    65.353     0.29    3.04
-331493.843    65.253    -0.35    2.68
-331204.457    65.541     1.00    2.55
-330915.073    65.786     0.85    2.53
-330625.694    65.473    -1.08    3.80
-330336.318    64.770    -2.43    4.51
-330046.945    64.354    -1.44    5.11
-329757.576    64.030    -1.12    5.51
-329468.211    63.793    -0.82    5.31
-329178.849    63.770    -0.08    4.96
-328889.490    64.103     1.15    4.76
-328600.135    65.162     3.66    3.66
-328310.784    65.000    -0.56    3.63
-328021.436    64.586    -1.43    3.38
-327732.091    64.807     0.76    3.25
-327442.751    64.556    -0.87    3.37
-327153.413    64.403    -0.53    3.09
-326864.079    64.174    -0.79    2.64
-326574.749    63.589    -2.02    2.26
-326285.422    63.686     0.33    2.14
-325996.098    64.179     1.70    2.44
-325706.778    64.561     1.32    2.36
-325417.462    64.968     1.41    2.34
-325128.149    65.653     2.37    2.05
-324838.840    65.855     0.70    2.03
-324549.534    65.824    -0.11    2.01
-324260.231    65.610    -0.74    2.02
-323970.932    65.753     0.49    1.99
-323681.637    65.793     0.14    2.03
-323392.345    65.649    -0.50    2.15
-323103.056    65.024    -2.16    2.38
-322813.771    64.369    -2.26    2.56
-322524.490    64.140    -0.79    2.83
-322235.212    64.120    -0.07    2.63
-321945.937    64.206     0.30    2.71
-321656.666    63.938    -0.93    2.61
-321367.398    63.620    -1.10    2.96
-321078.134    63.436    -0.63    2.96
-320788.874    63.217    -0.76    3.38
-320499.616    63.200    -0.06    3.55
-320210.363    62.986    -0.74    3.56
-319921.112    63.403     1.44    3.74
-319631.866    63.842     1.52    3.99
-319342.622    64.403     1.94    3.45
-319053.383    64.644     0.83    2.86
-318764.146    64.567    -0.27    2.72
-318474.913    64.253    -1.09    2.76
-318185.684    64.153    -0.35    2.68
-317896.458    63.662    -1.70    2.20
-317607.235    63.248    -1.43    2.28
-317318.016    63.108    -0.48    2.43
-317028.801    63.253     0.50    2.43
-316739.588    63.613     1.24    2.76
-316450.380    63.649     0.12    3.19
-316161.175    64.024     1.30    3.31
-315871.973    64.265     0.83    3.42
-315582.774    63.903    -1.25    3.77
-315293.579    63.878    -0.09    4.13
-315004.388    63.334    -1.88    4.56
-314715.200    62.284    -3.63    4.82
-314426.016    61.817    -1.62    4.67
-314136.834    61.539    -0.96    4.56
-313847.657    61.710     0.59    4.24
-313558.483    62.166     1.58    3.79
-313269.312    62.703     1.86    3.08
-312980.144    63.231     1.82    2.33
-312690.980    63.454     0.77    2.04
-312401.820    63.503     0.17    1.78
-312112.663    63.403    -0.35    1.73
-311823.509    63.242    -0.56    1.87
-311534.359    63.245     0.01    1.84
-311245.212    63.703     1.58    2.04
-310956.069    63.903     0.69    2.17
-310666.929    64.032     0.45    2.43
-310377.793    64.153     0.42    2.53
-310088.660    64.206     0.18    2.67
-309799.530    64.282     0.26    2.53
-309510.404    64.024    -0.89    2.58
-309221.281    63.844    -0.62    2.65
-308932.162    63.731    -0.39    2.66
-308643.046    63.829     0.34    2.42
-308353.933    63.986     0.54    2.35
-308064.824    63.834    -0.53    2.44
-307775.719    63.593    -0.83    2.52
-307486.616    63.800     0.72    2.53
-307197.518    63.813     0.05    2.61
-306908.422    63.524    -1.00    2.63
-306619.330    63.454    -0.24    2.71
-306330.242    62.903    -1.91    3.34
-306041.156    62.573    -1.14    3.67
-305752.075    61.951    -2.15    4.13
-305462.996    61.420    -1.84    4.16
-305173.921    60.829    -2.04    3.84
-304884.850    60.438    -1.35    3.55
-304595.781    60.731     1.01    3.40
-304306.717    61.657     3.21    3.44
-304017.655    62.003     1.20    3.17
-303728.597    61.993    -0.03    3.10
-303439.543    62.213     0.76    2.71
-303150.491    61.336    -3.03    3.55
-302861.443    60.526    -2.80    4.16
-302572.399    59.469    -3.66    4.61
-302283.358    58.053    -4.90    5.15
-301994.320    56.691    -4.71    6.06
-301705.286    56.686    -0.02    6.36
-301416.255    56.903     0.75    7.00
-301127.228    56.996     0.32    7.42
-300838.204    56.869    -0.44    7.17
-300549.183    56.895     0.09    7.02
-300260.165    57.206     1.08    6.84
-299971.151    57.817     2.11    6.24
-299682.141    56.524    -4.47    7.63
-299393.134    54.351    -7.52    8.32
-299104.130    52.103    -7.78    8.95
-298815.129    49.928    -7.52    9.71
-298526.132    48.318    -5.57    9.46
-298237.138    46.869    -5.02    9.20
-297948.148    46.731    -0.48    8.61
-297659.161    47.339     2.10    8.53
-297370.177    47.353     0.05    8.54
-297081.197    48.386     3.58    8.80
-296792.220    48.834     1.55    8.70
-296503.247    49.386     1.91    9.21
-296214.277    48.713    -2.33    8.83
-295925.310    49.183     1.62    9.14
-295636.346    49.485     1.05    9.12
-295347.386    50.593     3.83    8.95
-295058.429    53.573    10.31    8.54
-294769.476    55.189     5.59    7.59
-294480.526    57.270     7.20    6.65
-294191.579    58.661     4.82    6.25
-293902.636    59.536     3.03    6.09
-293613.696    60.086     1.90    5.84
-293324.759    60.903     2.83    4.80
-293035.826    60.013    -3.08    5.76
-292746.896    60.075     0.22    4.62
-292457.969    59.758    -1.10    5.19
-292169.046    58.693    -3.68    6.89
-291880.126    58.007    -2.38    7.53
-291591.210    56.620    -4.80    9.37
-291302.296    56.367    -0.87    9.85
-291013.387    55.935    -1.50   10.49
-290724.480    56.420     1.68   10.30
-290435.577    55.936    -1.67   10.22
-290146.677    54.989    -3.28    9.81
-289857.780    55.903     3.16    8.18
-289568.370    55.453    -1.55    6.73
-289278.759    55.041    -1.42    5.27
-288989.150    54.920    -0.42    4.96
-288699.545    55.553     2.19    5.47
-288409.944    56.731     4.07    5.71
-288120.345    57.420     2.38    5.44
-287830.750    58.213     2.74    4.66
-287541.158    59.075     2.98    3.91
-287251.570    59.644     1.97    2.67
-286961.985    58.736    -3.14    3.03
-286672.403    58.017    -2.48    4.14
-286382.825    55.962    -7.10    7.43
-286093.250    54.113    -6.39    9.25
-285803.678    52.657    -5.03   11.05
-285514.110    49.600   -10.56   12.83
-285224.545    46.929    -9.22   13.33
-284934.983    44.938    -6.88   13.13
-284645.425    43.753    -4.09   12.09
-284355.870    42.470    -4.43   11.69
-284066.318    42.419    -0.17   11.40
-283776.770    42.110    -1.07   11.39
-283487.225    44.420     7.98   11.97
-283197.683    46.684     7.82   12.24
-282908.145    48.665     6.84   11.60
-282618.610    51.522     9.87   10.06
-282329.078    52.846     4.57    9.08
-282039.549    54.420     5.44    8.08
-281750.024    55.859     4.97    7.05
-281460.502    56.070     0.73    5.91
-281170.984    56.610     1.87    4.08
-280881.469    55.895    -2.47    3.97
-280591.957    55.536    -1.24    4.26
-280302.448    54.903    -2.19    4.58
-280012.943    55.075     0.60    5.17
-279723.441    54.420    -2.26    5.69
-279433.942    54.108    -1.08    6.47
-279144.447    53.765    -1.18    7.13
-278854.954    52.103    -5.74    7.59
-278565.466    49.317    -9.63    8.15
-278275.980    46.589    -9.42    8.97
-277986.498    44.339    -7.78    8.05
-277697.019    43.036    -4.50    7.81
-277407.543    42.764    -0.94    8.28
-277118.071    41.789    -3.37    8.81
-276828.602    42.489     2.42   10.23
-276539.136    42.640     0.52   10.42
-276249.674    43.203     1.94   10.90
-275960.215    43.321     0.41   11.82
-275670.759    43.300    -0.07   12.44
-275381.306    43.853     1.91   13.07
-275091.857    44.333     1.66   12.76
-274802.411    44.452     0.41   12.10
-274512.968    45.674     4.22   11.54
-274223.528    45.284    -1.35   11.41
-273934.092    45.878     2.05   11.97
-273644.659    46.570     2.39   12.10
-273355.229    46.886     1.09   12.53
-273065.803    47.989     3.81   12.93
-272776.380    48.239     0.86   13.31
-272486.960    50.636     8.28   12.68
-272197.543    53.869    11.17   10.89
-271908.130    55.471     5.54    9.52
-271618.720    57.696     7.69    6.53
-271329.313    59.042     4.65    3.45
-271039.910    58.403    -2.21    4.42
-270750.509    57.536    -2.99    4.74
-270461.112    57.679     0.49    4.74
-270171.719    57.403    -0.95    4.91
-269882.328    57.226    -0.61    4.77
-269592.941    57.386     0.56    4.43
-269303.557    57.290    -0.33    4.11
-269014.176    58.193     3.12    3.32
-268724.799    59.075     3.05    3.72
-268435.424    59.853     2.69    3.85
-268146.053    60.623     2.66    2.90
-267856.686    60.970     1.20    2.95
-267567.321    61.127     0.54    2.83
-267277.960    61.623     1.71    3.08
-266988.602    61.105    -1.79    4.05
-266699.247    59.486    -5.59    5.60
-266409.896    58.321    -4.03    6.29
-266120.548    57.679    -2.22    6.38
-265831.202    57.153    -1.82    6.09
-265541.861    56.270    -3.05    5.77
-265252.522    55.725    -1.88    5.31
-264963.187    56.267     1.87    5.21
-264673.855    57.003     2.54    4.54
-264384.526    57.803     2.77    4.20
-264095.200    58.789     3.41    3.45
-263805.878    59.420     2.18    2.91
-263516.559    59.851     1.49    2.79
-263227.243    60.223     1.28    2.70
-262937.930    60.253     0.10    2.59
-262648.621    59.522    -2.53    2.94
-262359.314    58.886    -2.20    3.47
-262070.011    58.719    -0.58    3.71
-261780.711    58.518    -0.69    3.92
-261491.415    58.170    -1.20    3.68
-261202.121    57.484    -2.37    3.57
-260912.831    57.701     0.75    3.90
-260623.544    58.075     1.29    3.62
-260334.261    57.691    -1.33    3.98
-260044.980    57.507    -0.64    4.06
-259755.703    57.223    -0.98    4.38
-259466.429    56.265    -3.31    5.24
-259177.158    54.955    -4.53    5.93
-258887.890    54.024    -3.22    6.28
-258598.626    53.003    -3.53    6.78
-258309.364    52.239    -2.64    6.78
-258020.106    51.231    -3.49    7.32
-257730.851    50.539    -2.39    7.55
-257441.600    50.765     0.78    7.32
-257152.351    51.282     1.79    7.36
-256863.106    52.420     3.93    6.60
-256573.864    52.962     1.88    6.16
-256284.625    53.516     1.91    5.25
-255995.389    53.760     0.84    5.26
-255706.157    53.386    -1.29    5.45
-255416.927    52.824    -1.94    5.53
-255127.701    52.258    -1.96    4.96
-254838.478    51.553    -2.44    4.57
-254549.259    51.403    -0.52    4.41
-254260.042    52.265     2.98    3.55
-253970.829    52.508     0.84    3.12
-253681.618    52.353    -0.54    2.98
-253392.411    51.945    -1.41    2.78
-253103.208    51.564    -1.32    2.71
-252814.007    51.183    -1.32    2.44
-252524.809    50.736    -1.54    2.61
-252235.615    50.505    -0.80    2.77
-251946.424    49.903    -2.08    2.92
-251657.236    49.174    -2.52    3.43
-251368.051    48.213    -3.32    3.38
-251078.870    47.627    -2.03    3.49
-250789.691    47.713     0.30    3.72
-250500.516    47.403    -1.07    4.12
-250211.344    46.633    -2.66    4.55
-249922.175    44.844    -6.19    6.48
-249633.009    42.670    -7.52    8.18
-249343.847    40.122    -8.81    8.77
-249054.687    37.782    -8.09    8.79
-248765.531    36.620    -4.02    8.57
-248476.378    35.810    -2.80    8.38
-248187.228    36.993     4.09    9.74
-247898.081    38.885     6.54   10.39
-247608.937    41.149     7.83   10.23
-247319.797    44.245    10.71    9.12
-247030.659    46.086     6.37    7.27
-246741.525    48.534     8.47    4.38
-246452.394    49.024     1.69    4.70
-246163.266    50.522     5.18    4.78
-245874.142    50.844     1.11    4.98
-245585.020    51.903     3.66    5.17
-245295.901    53.203     4.50    4.26
-245006.786    53.797     2.05    4.02
-244717.674    53.636    -0.55    3.88
-244428.565    53.842     0.71    3.49
-244139.459    54.186     1.19    3.39
-243850.356    54.748     1.94    3.01
-243561.257    54.736    -0.04    3.10
-243272.160    54.996     0.90    3.50
-242983.067    55.303     1.06    3.42
-242693.977    55.265    -0.13    3.37
-242404.889    55.508     0.84    3.85
-242115.805    55.020    -1.69    3.90
-241826.725    54.903    -0.40    3.80
-241537.647    54.715    -0.65    3.73
-241248.572    54.420    -1.02    3.14
-240959.501    54.162    -0.89    2.98
-240670.433    53.703    -1.59    3.09
-240381.367    53.110    -2.05    3.12
-240092.305    52.419    -2.39    3.23
-239803.246    51.455    -3.34    3.63
-239514.190    49.886    -5.43    3.77
-239225.138    48.782    -3.82    4.20
-238936.088    47.186    -5.52    5.10
-238647.042    44.321    -9.91    6.71
-238357.998    41.541    -9.62    7.21
-238068.958    38.403   -10.86    8.40
-237779.921    36.814    -5.50    8.44
-237490.887    36.455    -1.24    9.07
-237201.856    35.387    -3.70    9.50
-236912.828    35.505     0.41    9.98
-236623.803    36.944     4.98   11.20
-236334.781    38.117     4.06   11.67
-236045.763    39.853     6.01   11.84
-235756.747    42.456     9.01   10.82
-235467.735    44.226     6.12   10.55
-235178.726    48.353    14.28    7.85
-234889.720    50.920     8.88    4.67
-234600.717    51.640     2.49    3.76
-234311.717    52.280     2.21    3.42
-234022.720    52.353     0.25    3.48
-233733.726    52.691     1.17    3.10
-233444.735    52.322    -1.28    3.35
-233155.748    52.436     0.39    3.35
-232866.763    52.439     0.01    3.21
-232577.782    52.962     1.81    3.48
-232288.804    53.713     2.60    3.44
-231999.828    54.108     1.37    3.28
-231710.856    54.575     1.62    2.91
-231421.887    54.524    -0.18    2.89
-231132.921    54.679     0.54    2.58
-230843.958    54.575    -0.36    2.43
-230554.998    54.036    -1.87    2.26
-230266.041    53.776    -0.90    2.30
-229977.088    53.770    -0.02    2.57
-229688.137    54.035     0.92    2.18
-229399.190    54.403     1.28    2.16
-229110.245    54.553     0.52    2.00
-228821.304    54.623     0.24    2.28
-228532.365    55.053     1.49    2.55
-228243.430    55.231     0.61    2.85
-227954.498    55.351     0.42    2.74
-227665.569    55.300    -0.18    2.85
-227376.336    54.960    -1.17    3.17
-227086.753    54.469    -1.70    3.42
-226797.173    54.472     0.01    3.36
-226507.596    54.217    -0.88    3.33
-226218.023    54.007    -0.73    3.75
-225928.452    53.953    -0.18    3.74
-225638.884    53.653    -1.04    3.70
-225349.320    53.236    -1.44    3.95
-225059.759    53.551     1.09    4.15
-224770.200    53.869     1.10    4.27
-224480.645    53.903     0.12    4.56
-224191.093    53.558    -1.19    5.15
-223901.543    53.354    -0.71    5.44
-223611.997    54.217     2.98    4.69
-223322.454    53.725    -1.70    4.96
-223032.914    52.972    -2.60    5.46
-222743.377    51.814    -4.00    5.32
-222453.843    50.986    -2.86    5.78
-222164.313    50.878    -0.38    5.53
-221874.785    50.567    -1.07    5.68
-221585.260    49.438    -3.90    5.88
-221295.738    49.213    -0.77    5.70
-221006.220    48.886    -1.13    5.74
-220716.704    49.081     0.67    5.54
-220427.192    49.336     0.88    5.68
-220137.682    49.771     1.50    5.64
-219848.176    51.369     5.52    3.75
-219558.672    51.539     0.59    3.57
-219269.172    51.183    -1.23    4.35
-218979.675    51.354     0.59    4.73
-218690.180    51.472     0.41    4.79
-218400.689    51.505     0.11    5.33
-218111.201    51.939     1.50    5.25
-217821.716    52.120     0.63    4.97
-217532.233    52.649     1.83    3.54
-217242.754    51.953    -2.40    3.85
-216953.278    48.286   -12.67    8.32
-216663.805    45.140   -10.87    9.75
-216374.335    42.928    -7.64    9.51
-216084.868    42.679    -0.86   10.23
-215795.404    43.387     2.45   10.39
-215505.943    43.764     1.30   10.12
-215216.485    45.614     6.39    9.59
-214927.030    48.270     9.18    7.37
-214637.578    50.028     6.07    4.75
-214348.130    48.016    -6.95    6.55
-214058.684    45.970    -7.07    7.61
-213769.241    43.320    -9.16    7.72
-213479.801    39.610   -12.82    7.91
-213190.364    36.245   -11.63    7.07
-212900.930    34.720    -5.27    7.13
-212611.500    32.945    -6.13    6.01
-212322.072    32.516    -1.48    6.93
-212032.647    33.488     3.36    7.25
-211743.225    35.748     7.81    9.25
-211453.806    37.575     6.31    9.82
-211164.391    39.903     8.04   10.58
-210874.978    42.731     9.77   11.07
-210585.568    45.489     9.53   10.41
-210296.161    47.640     7.43    8.34
-210006.758    49.644     6.93    5.79
-209717.357    51.064     4.91    3.68
-209427.959    51.145     0.28    3.63
-209138.564    50.962    -0.63    3.60
-208849.172    50.606    -1.23    4.13
-208559.784    50.196    -1.42    4.93
-208270.398    48.127    -7.15    7.80
-207981.015    43.120   -17.30   11.52
-207691.635    37.436   -19.64   14.39
-207402.258    31.468   -20.63   15.30
-207112.884    26.082   -18.61   14.23
-206823.514    19.820   -21.64   11.38
-206534.146    16.280   -12.23    8.54
-206244.781    13.903    -8.22    7.01
-205955.419    11.895    -6.94    4.92
-205666.060    10.603    -4.46    2.92
-205376.704     9.996    -2.10    1.18
-205087.351    10.007     0.04    1.18
-204798.001     9.870    -0.47    1.03
-204508.654     9.776    -0.32    0.93
-204219.310     9.677    -0.34    0.83
-203929.969     9.623    -0.19    0.79
-203640.630     9.474    -0.51    0.53
-203351.295     9.505     0.10    0.58
-203061.963     9.627     0.42    0.75
-202772.634     9.731     0.36    0.89
-202483.307     9.696    -0.12    0.82
-202193.984     9.834     0.48    0.94
-201904.664     9.972     0.48    1.09
-201615.346    10.886     3.16    3.95
-201326.032    11.501     2.13    4.76
-201036.720    11.820     1.10    5.26
-200747.412    12.419     2.07    5.80
-200458.106    11.859    -1.94    4.31
-200168.804    12.472     2.12    5.28
-199879.504    12.736     0.91    5.42
-199590.207    12.759     0.08    5.56
-199300.913    13.120     1.25    5.89
-199011.623    13.248     0.44    5.31
-198722.335    13.575     1.13    4.94
-198433.050    13.575     0.00    4.10
-198143.768    14.174     2.07    4.78
-197854.489    14.731     1.93    5.47
-197565.213    15.731     3.46    6.19
-197275.940    16.471     2.56    6.55
-196986.669    17.179     2.45    6.55
-196697.402    17.520     1.18    7.03
-196408.138    17.820     1.04    6.98
-196118.876    18.853     3.57    7.12
-195829.618    19.862     3.49    6.68
-195540.362    19.903     0.14    6.21
-195251.110    20.636     2.54    5.46
-194961.860    21.644     3.49    5.77
-194672.613    22.960     4.55    5.95
-194383.369    24.623     5.75    6.39
-194094.128    26.623     6.91    6.83
-193804.890    28.696     7.17    6.63
-193515.655    29.992     4.48    5.72
-193226.423    29.836    -0.54    6.07
-192937.194    27.303    -8.76    8.45
-192647.968    25.452    -6.40    9.39
-192358.744    23.162    -7.92    9.08
-192069.524    22.017    -3.96    8.16
-191780.306    20.986    -3.56    7.35
-191491.091    20.644    -1.18    6.31
-191201.880    21.075     1.49    5.52
-190912.671    21.972     3.10    4.13
-190623.465    20.938    -3.58    3.11
-190334.262    19.920    -3.52    2.56
-190045.062    19.318    -2.08    1.74
-189755.865    19.862     1.88    2.39
-189466.670    21.265     4.85    3.62
-189177.479    22.759     5.17    4.95
-188888.291    22.921     0.56    6.23
-188599.105    22.471    -1.56    7.06
-188309.922    22.829     1.24    7.85
-188020.742    22.979     0.52    7.99
-187731.566    22.895    -0.29    7.86
-187442.392    22.724    -0.59    7.18
-187153.220    23.386     2.29    5.79
-186864.052    24.251     2.99    3.92
-186574.887    24.239    -0.04    3.45
-186285.724    24.613     1.29    3.54
-185996.565    25.110     1.72    3.62
-185707.408    25.103    -0.02    3.61
-185418.254    24.617    -1.68    4.25
-185129.104    24.141    -1.65    5.30
-184839.956    23.653    -1.69    6.06
-184550.810    23.190    -1.60    6.54
-184261.668    23.075    -0.40    7.06
-183972.529    23.367     1.01    7.37
-183683.392    23.636     0.93    7.61
-183394.259    23.938     1.04    8.18
-183105.128    24.010     0.25    8.48
-182816.000    24.070     0.21    8.68
-182526.875    23.920    -0.52    9.03
-182237.753    23.420    -1.73    9.45
-181948.634    22.817    -2.09    9.59
-181659.517    22.419    -1.37    9.56
-181370.404    22.213    -0.71    9.50
-181081.293    22.120    -0.32    9.32
-180792.186    22.938     2.83    9.02
-180503.081    24.827     6.54    8.44
-180213.979    27.124     7.95    6.83
-179924.879    28.636     5.23    4.88
-179635.783    29.620     3.40    2.44
-179346.690    29.386    -0.81    2.05
-179057.599    28.765    -2.15    2.55
-178768.511    27.753    -3.50    3.00
-178479.426    27.013    -2.56    3.10
-178190.344    26.653    -1.25    3.23
-177901.265    26.593    -0.21    3.32
-177612.189    26.742     0.52    3.56
-177323.115    27.140     1.38    3.34
-177034.044    27.653     1.78    2.89
-176744.977    28.174     1.80    2.29
-176455.912    28.403     0.79    1.75
-176166.850    28.253    -0.52    1.73
-175877.790    28.036    -0.75    1.67
-175588.734    28.013    -0.08    1.65
-175299.680    27.972    -0.14    1.66
-175010.629    28.108     0.47    1.71
-174721.581    28.120     0.04    1.56
-174432.536    27.929    -0.66    1.63
-174143.494    28.020     0.31    1.68
-173854.455    28.070     0.17    1.70
-173565.418    27.919    -0.52    2.13
-173276.384    27.736    -0.63    2.54
-172987.353    27.053    -2.36    3.64
-172698.325    26.110    -3.26    4.74
-172409.300    25.524    -2.03    5.18
-172120.278    24.753    -2.67    5.44
-171831.258    24.081    -2.33    5.06
-171542.241    23.613    -1.62    5.02
-171253.227    22.765    -2.93    4.97
-170964.216    22.541    -0.78    4.44
-170675.208    22.196    -1.19    4.27
-170386.202    22.351     0.54    3.93
-170097.199    22.223    -0.45    3.74
-169808.199    21.455    -2.66    3.68
-169519.202    21.196    -0.89    3.25
-169230.208    21.162    -0.12    3.00
-168941.217    21.213     0.18    2.79
-168652.228    21.613     1.38    2.88
-168363.242    21.945     1.15    3.16
-168074.259    22.539     2.05    3.12
-167785.279    23.093     1.92    2.76
-167496.301    23.334     0.84    2.55
-167207.327    24.036     2.43    1.90
-166918.355    23.986    -0.17    1.99
-166629.386    24.048     0.21    1.88
-166340.420    24.007    -0.14    1.85
-166051.456    23.936    -0.24    2.10
-165762.496    24.105     0.58    2.20
-165473.538    23.886    -0.76    2.24
-165184.454    23.403    -1.67    2.26
-164894.893    23.183    -0.76    2.47
-164605.335    23.776     2.05    4.06
-164315.781    25.251     5.09    5.47
-164026.228    27.253     6.92    6.78
-163736.679    30.742    12.05    7.51
-163447.133    33.092     8.11    6.84
-163157.589    35.420     8.04    5.42
-162868.048    36.543     3.88    4.35
-162578.510    37.217     2.33    3.64
-162288.975    37.782     1.95    3.07
-161999.442    38.010     0.78    2.76
-161709.912    38.318     1.07    2.22
-161420.385    38.200    -0.41    1.72
-161130.861    37.989    -0.73    1.56
-160841.340    38.140     0.52    1.37
-160551.821    38.086    -0.18    1.47
-160262.305    38.003    -0.29    1.50
-159972.792    37.977    -0.09    1.62
-159683.282    37.807    -0.59    1.80
-159393.775    37.627    -0.62    1.82
-159104.270    37.649     0.08    1.70
-158814.768    37.200    -1.55    1.75
-158525.269    36.960    -0.83    1.63
-158235.773    36.807    -0.53    1.64
-157946.279    36.593    -0.74    1.41
-157656.788    36.335    -0.89    1.47
-157367.300    36.284    -0.18    1.60
-157077.815    36.036    -0.86    1.55
-156788.332    35.869    -0.58    1.74
-156498.853    35.936     0.23    1.94
-156209.376    36.105     0.58    2.06
-155919.902    36.203     0.34    2.15
-155630.430    36.703     1.73    2.23
-155340.961    37.053     1.21    2.13
-155051.496    37.320     0.92    2.01
-154762.032    37.491     0.59    2.15
-154472.572    37.589     0.34    2.12
-154183.114    37.713     0.43    2.33
-153893.659    37.665    -0.17    2.41
-153604.207    37.968     1.04    2.47
-153314.758    38.473     1.75    2.43
-153025.311    38.851     1.31    2.54
-152735.867    39.010     0.55    2.29
-152446.426    39.108     0.34    2.19
-152156.988    39.183     0.26    2.19
-151867.552    39.236     0.19    2.42
-151578.119    39.317     0.28    2.62
-151288.689    39.210    -0.37    2.53
-150999.262    38.770    -1.52    2.46
-150709.837    38.301    -1.62    3.11
-150420.415    37.758    -1.88    3.48
-150130.996    37.284    -1.64    3.63
-149841.580    36.989    -1.02    3.77
-149552.166    36.782    -0.71    3.78
-149262.755    36.903     0.42    3.83
-148973.347    37.026     0.42    3.92
-148683.941    38.248     4.22    3.38
-148394.538    38.979     2.53    3.45
-148105.138    39.317     1.17    3.41
-147815.741    40.047     2.52    3.39
-147526.346    40.080     0.12    3.21
-147236.955    40.352     0.94    2.69
-146947.565    39.827    -1.82    2.38
-146658.179    39.438    -1.35    2.34
-146368.795    38.920    -1.79    2.38
-146079.414    38.553    -1.27    2.40
-145790.036    38.286    -0.92    2.28
-145500.660    38.097    -0.66    2.24
-145211.288    38.278     0.63    2.31
-144921.918    38.603     1.12    2.44
-144632.550    39.175     1.98    2.10
-144343.185    39.790     2.13    2.00
-144053.823    39.420    -1.28    3.69
-143764.464    38.217    -4.16    6.53
-143475.108    36.030    -7.56    8.75
-143185.754    32.315   -12.84   10.47
-142896.403    29.820    -8.63   10.44
-142607.054    27.183    -9.11    9.72
-142317.708    26.780    -1.39    8.85
-142028.365    27.436     2.27    8.67
-141739.025    29.171     5.99    8.95
-141449.687    31.928     9.53    8.71
-141160.352    35.024    10.70    7.61
-140871.020    37.452     8.39    5.64
-140581.691    38.507     3.64    4.00
-140292.364    38.093    -1.43    3.85
-140003.040    37.334    -2.62    4.30
-139713.718    37.144    -0.66    4.20
-139424.399    37.303     0.55    4.49
-139135.083    38.420     3.86    4.25
-138845.770    39.153     2.53    4.39
-138556.459    40.193     3.59    4.30
-138267.151    41.489     4.48    3.58
-137977.846    42.485     3.44    2.38
-137688.543    42.742     0.89    2.23
-137399.243    42.420    -1.11    2.47
-137109.946    41.957    -1.60    2.63
-136820.651    42.093     0.47    2.64
-136531.359    42.047    -0.16    2.61
-136242.070    41.200    -2.93    3.13
-135952.783    40.747    -1.56    3.28
-135663.499    40.644    -0.36    3.22
-135374.218    40.436    -0.72    3.93
-135084.939    37.719    -9.39    7.02
-134795.663    35.520    -7.60    7.52
-134506.390    34.636    -3.05    7.68
-134217.119    34.803     0.58    8.22
-133927.851    34.553    -0.86    8.61
-133638.586    35.093     1.87    8.86
-133349.323    37.454     8.16    8.06
-133060.064    39.662     7.63    6.16
-132770.806    40.960     4.49    5.44
-132481.552    41.485     1.81    5.32
-132192.300    42.263     2.69    4.83
-131903.050    43.144     3.05    4.23
-131613.804    43.939     2.75    4.34
-131324.560    44.780     2.91    3.70
-131035.318    45.267     1.68    3.41
-130746.079    45.570     1.05    3.09
-130456.843    45.903     1.15    2.89
-130167.610    46.228     1.12    2.76
-129878.379    46.586     1.24    2.64
-129589.151    45.938    -2.24    3.25
-129299.926    45.354    -2.02    3.40
-129010.703    45.488     0.46    3.44
-128721.483    45.679     0.66    3.62
-128432.265    46.420     2.56    3.75
-128143.050    46.765     1.19    3.84
-127853.838    47.075     1.07    3.49
-127564.628    47.575     1.73    3.03
-127275.421    47.793     0.75    2.93
-126986.217    47.903     0.38    2.62
-126697.015    47.335    -1.96    2.33
-126407.816    47.645     1.07    2.27
-126118.619    47.606    -0.13    2.45
-125829.425    47.945     1.17    2.34
-125540.234    48.231     0.99    2.41
-125251.046    48.110    -0.42    2.48
-124961.860    48.053    -0.20    2.36
-124672.676    47.636    -1.44    2.64
-124383.496    46.613    -3.54    3.20
-124094.317    46.296    -1.10    3.37
-123805.142    45.670    -2.17    3.62
-123515.969    44.684    -3.41    4.31
-123226.799    43.567    -3.86    4.82
-122937.631    43.115    -1.56    4.82
-122648.466    43.234     0.41    4.87
-122359.304    42.793    -1.52    4.73
-122070.144    42.989     0.68    4.41
-121780.987    43.486     1.72    4.30
-121491.832    44.047     1.94    3.88
-121202.680    44.305     0.89    3.82
-120913.531    44.928     2.16    3.47
-120624.384    45.561     2.19    3.21
-120335.240    45.759     0.68    3.11
-120046.098    45.644    -0.40    3.25
-119756.959    45.354    -1.00    3.19
-119467.823    45.301    -0.18    3.19
-119178.689    45.020    -0.97    3.06
-118889.558    44.920    -0.34    3.09
-118600.429    45.122     0.70    3.00
-118311.303    45.534     1.42    2.75
-118022.180    45.703     0.58    2.85
-117733.059    46.157     1.57    2.87
-117443.941    46.403     0.85    2.70
-117154.825    46.351    -0.18    2.58
-116865.712    45.616    -2.54    3.21
-116576.602    43.895    -5.95    4.39
-116287.494    43.321    -1.98    4.74
-115998.388    42.351    -3.35    4.53
-115709.286    42.231    -0.42    4.55
-115420.185    42.300     0.24    4.62
-115131.088    42.886     2.03    4.69
-114841.993    43.403     1.79    4.58
-114552.901    44.938     5.31    3.39
-114263.811    45.556     2.14    2.95
-113974.724    45.992     1.51    3.04
-113685.639    45.793    -0.69    3.08
-113396.557    45.613    -0.62    3.23
-113107.477    44.986    -2.17    3.31
-112818.400    44.551    -1.51    3.39
-112529.326    44.135    -1.44    3.12
-112240.254    42.708    -4.94    4.25
-111951.185    40.507    -7.62    5.68
-111662.118    38.042    -8.52    7.00
-111373.054    36.355    -5.84    7.48
-111083.992    36.420     0.23    7.56
-110794.933    35.962    -1.58    8.04
-110505.877    37.599     5.66    8.79
-110216.823    39.567     6.81    8.70
-109927.772    41.853     7.91    7.42
-109638.723    44.190     8.08    3.97
-109349.677    44.851     2.29    2.35
-109060.633    44.867     0.06    2.39
-108771.592    44.536    -1.15    2.25
-108482.553    44.507    -0.10    2.79
-108193.517    44.986     1.66    2.92
-107904.484    45.436     1.56    3.12
-107615.453    45.162    -0.95    3.99
-107326.424    44.610    -1.91    4.67
-107037.399    44.265    -1.19    4.65
-106748.375    44.108    -0.54    4.87
-106459.354    43.972    -0.47    4.91
-106170.336    44.081     0.38    5.29
-105881.321    44.765     2.37    5.60
-105592.307    46.144     4.77    5.13
-105303.297    46.829     2.37    4.20
-105014.289    47.236     1.41    3.59
-104725.283    47.470     0.81    3.14
-104436.280    47.438    -0.11    2.52
-104147.280    47.420    -0.06    1.81
-103858.282    46.903    -1.79    1.92
-103569.286    46.217    -2.38    2.10
-103280.293    45.686    -1.83    2.23
-102991.303    44.869    -2.83    2.25
-102701.792    43.979    -3.07    2.06
-102412.265    43.386    -2.05    1.98
-102122.739    43.020    -1.26    2.05
-101833.217    43.108     0.30    2.30
-101543.697    43.127     0.07    2.29
-101254.179    41.820    -4.52    3.91
-100964.664    39.970    -6.39    5.53
-100675.152    37.895    -7.17    7.01
-100385.642    36.267    -5.62    7.72
-100096.135    35.437    -2.87    7.90
 -99806.630    32.920    -8.70    7.96
 -99517.127    30.842    -7.18    7.75
 -99227.628    29.553    -4.45    8.35
 -98938.130    29.058    -1.71    8.11
 -98648.635    29.501     1.53    8.53
 -98359.143    31.053     5.36    8.46
 -98069.653    33.928     9.93    8.74
 -97780.166    37.455    12.18    7.87
 -97490.681    40.807    11.58    5.47
 -97201.199    42.436     5.63    3.55
 -96911.719    43.286     2.94    2.71
 -96622.242    43.500     0.74    2.60
 -96332.767    43.674     0.60    2.54
 -96043.295    43.213    -1.59    2.76
 -95753.825    43.086    -0.44    2.83
 -95464.358    42.886    -0.69    3.45
 -95174.893    41.977    -3.14    4.21
 -94885.431    41.231    -2.58    5.42
 -94595.972    38.955    -7.86    8.57
 -94306.514    37.507    -5.00   10.06
 -94017.060    36.351    -3.99   11.14
 -93727.607    34.570    -6.16   11.97
 -93438.158    33.524    -3.61   12.72
 -93148.710    32.186    -4.62   12.70
 -92859.266    32.010    -0.61   12.81
 -92569.823    31.127    -3.05   12.33
 -92280.383    31.042    -0.29   11.88
 -91990.946    30.742    -1.04   11.69
 -91701.511    29.944    -2.76   11.28
 -91412.079    29.296    -2.24   10.22
 -91122.649    28.420    -3.03    9.97
 -90833.222    26.670    -6.05    8.90
 -90543.797    26.620    -0.17    8.44
 -90254.374    25.677    -3.26    8.27
 -89964.954    25.179    -1.72    7.94
 -89675.537    24.420    -2.62    7.60
 -89386.122    23.492    -3.20    7.46
 -89096.709    24.108     2.13    7.81
 -88807.299    23.708    -1.38    7.81
 -88517.892    23.653    -0.19    7.74
 -88228.487    24.196     1.88    8.46
 -87939.084    23.596    -2.07    8.16
 -87649.684    24.149     1.91    7.92
 -87360.286    22.989    -4.01    7.58
 -87070.891    22.387    -2.08    6.64
 -86781.498    21.353    -3.57    5.92
 -86492.108    20.245    -3.83    5.53
 -86202.720    19.955    -1.00    4.96
 -85913.335    21.627     5.78    7.06
 -85623.952    24.010     8.23    9.36
 -85334.571    26.662     9.16   10.81
 -85045.193    30.284    12.52   11.66
 -84755.817    33.317    10.48   11.58
 -84466.444    36.403    10.67   10.44
 -84177.074    39.016     9.03    8.73
 -83887.705    41.353     8.08    6.23
 -83598.340    42.764     4.88    3.47
 -83308.976    43.122     1.24    3.37
 -83019.615    43.179     0.20    3.08
 -82730.257    43.776     2.06    2.50
 -82440.901    44.149     1.29    2.27
 -82151.547    43.936    -0.73    3.51
 -81862.196    43.351    -2.02    4.21
 -81572.847    41.317    -7.03    7.60
 -81283.501    40.093    -4.23    9.27
 -80994.157    38.190    -6.58   10.62
 -80704.816    36.256    -6.69   12.02
 -80415.477    35.748    -1.75   11.88
 -80126.141    34.234    -5.23   12.10
 -79836.806    34.175    -0.20   12.16
 -79547.475    32.286    -6.53   12.82
 -79258.146    30.153    -7.37   12.96
 -78968.819    28.320    -6.34   12.81
 -78679.494    24.645   -12.70   11.87
 -78390.172    22.473    -7.51   10.69
 -78100.853    20.503    -6.81    8.45
 -77811.536    18.386    -7.32    5.12
 -77522.221    18.567     0.63    4.66
 -77232.909    20.698     7.37    6.34
 -76943.599    23.127     8.40    7.41
 -76654.292    26.472    11.56    8.51
 -76364.987    29.135     9.21    8.60
 -76075.684    32.190    10.56    9.10
 -75786.384    34.200     6.95    8.63
 -75497.086    36.603     8.31    7.65
 -75207.791    37.748     3.96    7.28
 -74918.498    38.599     2.94    7.15
 -74629.207    38.653     0.19    6.43
 -74339.919    39.231     2.00    5.80
 -74050.633    39.836     2.09    5.24
 -73761.350    40.301     1.61    4.30
 -73472.069    40.627     1.13    4.01
 -73182.790    40.938     1.07    3.94
 -72893.514    40.834    -0.36    4.10
 -72604.240    41.059     0.78    4.49
 -72314.969    41.351     1.01    4.74
 -72025.700    42.708     4.69    4.40
 -71736.434    43.455     2.58    4.20
 -71447.169    44.064     2.11    3.96
 -71157.908    44.597     1.84    3.66
 -70868.648    45.013     1.44    3.24
 -70579.391    45.132     0.41    2.72
 -70290.137    45.877     2.58    2.29
 -70000.884    45.782    -0.33    2.46
 -69711.635    45.270    -1.77    3.06
 -69422.387    44.420    -2.94    4.09
 -69133.142    43.887    -1.84    4.43
 -68843.899    44.317     1.49    4.81
 -68554.659    44.570     0.87    5.14
 -68265.421    45.298     2.52    5.01
 -67976.186    46.120     2.84    4.57
 -67686.953    46.725     2.09    4.10
 -67397.722    47.179     1.57    3.41
 -67108.493    47.267     0.31    2.41
 -66819.267    46.810    -1.58    2.62
 -66530.044    46.520    -1.00    2.55
 -66240.822    46.301    -0.76    2.36
 -65951.603    45.993    -1.07    2.36
 -65662.387    46.553     1.94    2.33
 -65373.173    46.666     0.39    2.42
 -65083.961    46.573    -0.32    2.61
 -64794.751    46.213    -1.24    2.59
 -64505.544    46.236     0.08    2.68
 -64216.339    46.251     0.05    3.03
 -63927.137    45.220    -3.56    3.78
 -63637.937    44.179    -3.60    4.50
 -63348.739    43.877    -1.04    5.03
 -63059.544    43.936     0.21    5.08
 -62770.351    43.336    -2.07    5.34
 -62481.160    42.698    -2.21    5.39
 -62191.972    42.144    -1.91    5.14
 -61902.786    40.869    -4.41    5.45
 -61613.603    40.270    -2.07    5.11
 -61324.421    39.144    -3.89    4.64
 -61035.242    37.764    -4.77    4.50
 -60746.066    36.455    -4.53    4.09
 -60456.892    34.196    -7.81    3.30
 -60167.720    32.800    -4.83    4.39
 -59878.550    31.335    -5.06    4.95
 -59589.383    30.042    -4.47    5.44
 -59300.218    29.058    -3.40    5.93
 -59011.056    27.776    -4.43    5.85
 -58721.896    26.724    -3.64    6.18
 -58432.738    26.810     0.30    6.17
 -58143.582    25.600    -4.18    6.84
 -57854.429    24.471    -3.90    7.05
 -57565.278    24.403    -0.23    8.13
 -57276.130    23.635    -2.66    8.55
 -56986.984    22.115    -5.26    9.48
 -56697.840    20.053    -7.13    9.79
 -56408.698    18.320    -5.99    9.95
 -56119.559    17.435    -3.06   10.89
 -55830.422    15.368    -7.15   10.56
 -55541.288    14.370    -3.45   11.15
 -55252.156    13.349    -3.53   10.61
 -54963.026    12.960    -1.35   11.30
 -54673.898    12.454    -1.75   11.33
 -54384.773    11.103    -4.67   10.09
 -54095.650    11.800     2.41   11.49
 -53806.529    12.368     1.97   12.38
 -53517.411    12.522     0.53   12.85
 -53228.295    12.007    -1.78   12.10
 -52939.181    11.108    -3.11   11.37
 -52650.070     9.620    -5.15   10.29
 -52360.961     8.000    -5.60    8.89
 -52071.854     5.834    -7.49    5.70
 -51782.749     4.144    -5.84    2.66
 -51493.647     3.747    -1.37    2.38
 -51204.547     3.662    -0.30    2.74
 -50915.450     4.153     1.70    3.37
 -50626.355     4.800     2.24    4.23
 -50337.262     5.510     2.46    5.12
 -50048.171     7.613     7.27    8.24
 -49759.083    10.020     8.33   10.80
 -49469.996    13.258    11.20   13.80
 -49180.913    16.666    11.79   15.15
 -48891.831    19.455     9.65   16.09
 -48602.752    23.103    12.62   16.58
 -48313.675    27.075    13.74   16.62
 -48024.600    29.272     7.60   16.87
 -47735.528    32.007     9.46   15.98
 -47446.458    35.938    13.60   13.43
 -47157.390    38.087     7.44   10.75
 -46868.325    38.928     2.91    7.37
 -46579.261    38.190    -2.55    7.27
 -46290.201    37.300    -3.08    7.65
 -46001.142    35.996    -4.51    7.62
 -45712.086    35.028    -3.35    7.64
 -45423.031    34.420    -2.10    7.48
 -45133.980    35.844     4.92    7.54
 -44844.930    37.636     6.20    6.97
 -44555.883    40.026     8.27    4.84
 -44266.838    41.778     6.06    3.73
 -43977.795    42.870     3.78    3.30
 -43688.755    43.507     2.20    2.83
 -43399.716    43.710     0.70    2.71
 -43110.680    43.518    -0.66    3.36
 -42821.647    41.861    -5.73    5.24
 -42532.615    41.589    -0.94    4.97
 -42243.586    41.207    -1.32    5.16
 -41954.559    41.174    -0.11    5.24
 -41665.535    40.369    -2.78    5.83
 -41376.512    39.485    -3.06    6.75
 -41087.492    40.081     2.06    6.97
 -40798.474    39.867    -0.74    6.98
 -40509.109    40.353     1.68    6.94
 -40219.605    40.955     2.08    7.00
 -39930.103    41.586     2.18    6.41
 -39640.604    43.236     5.70    5.02
 -39351.107    43.248     0.04    4.72
 -39061.612    44.300     3.63    4.49
 -38772.120    44.817     1.79    4.49
 -38482.630    45.239     1.46    4.47
 -38193.142    45.041    -0.68    4.61
 -37903.656    43.386    -5.72    5.67
 -37614.173    43.196    -0.66    5.54
 -37324.692    42.938    -0.89    5.47
 -37035.213    44.129     4.12    5.02
 -36745.736    44.503     1.29    5.22
 -36456.262    45.223     2.49    5.29
 -36166.789    45.964     2.56    4.79
 -35877.319    46.179     0.74    4.42
 -35587.852    46.234     0.19    4.48
 -35298.386    46.220    -0.05    4.33
 -35008.923    46.053    -0.58    4.58
 -34719.462    45.213    -2.90    4.73
 -34430.003    45.098    -0.40    4.31
 -34140.547    45.193     0.33    4.05
 -33851.092    44.870    -1.12    4.28
 -33561.640    45.141     0.94    4.36
 -33272.190    45.713     1.98    4.33
 -32982.743    46.810     3.79    3.80
 -32693.297    47.236     1.47    3.71
 -32403.854    48.020     2.71    3.52
 -32114.413    48.420     1.38    3.28
 -31824.975    48.986     1.96    2.92
 -31535.538    49.270     0.98    2.83
 -31246.104    48.869    -1.39    2.80
 -30956.672    48.803    -0.23    2.91
 -30667.242    48.455    -1.20    3.18
 -30377.814    48.223    -0.80    3.35
 -30088.389    47.753    -1.62    3.64
 -29798.966    47.731    -0.08    3.83
 -29509.545    47.575    -0.54    4.17
 -29220.126    47.153    -1.46    4.94
 -28930.710    46.036    -3.86    5.40
 -28641.295    43.886    -7.43    6.55
 -28351.883    41.470    -8.35    7.14
 -28062.473    39.834    -5.65    7.40
 -27773.066    38.546    -4.45    7.80
 -27483.660    38.570     0.08    7.64
 -27194.257    38.213    -1.23    7.80
 -26904.856    37.303    -3.15    8.05
 -26615.457    36.955    -1.20    8.00
 -26326.060    37.351     1.37    8.06
 -26036.665    37.886     1.85    7.95
 -25747.273    38.489     2.09    7.80
 -25457.883    39.190     2.42    7.34
 -25168.495    40.386     4.13    7.19
 -24879.109    40.945     1.93    6.68
 -24589.726    40.992     0.16    6.64
 -24300.345    41.553     1.94    6.18
 -24010.965    41.419    -0.46    6.09
 -23721.588    40.979    -1.52    5.51
 -23432.214    40.793    -0.64    5.13
 -23142.841    40.614    -0.62    4.53
 -22853.471    40.869     0.88    3.85
 -22564.102    41.336     1.62    2.96
 -22274.736    41.670     1.15    2.56
 -21985.372    41.661    -0.03    2.48
 -21696.011    42.189     1.82    2.40
 -21406.651    42.386     0.68    2.20
 -21117.294    42.578     0.66    2.32
 -20827.939    42.613     0.12    2.21
 -20538.586    42.844     0.80    2.04
 -20249.235    42.759    -0.29    1.95
 -19959.886    42.284    -1.64    2.18
 -19670.540    41.649    -2.20    2.37
 -19381.196    40.836    -2.81    2.65
 -19091.853    40.234    -2.08    2.90
 -18802.513    39.518    -2.47    3.58
 -18513.176    38.251    -4.38    4.23
 -18223.840    37.760    -1.69    4.53
 -17934.506    37.573    -0.65    4.95
 -17645.175    37.627     0.19    5.13
 -17355.846    37.977     1.21    5.03
 -17066.519    38.471     1.71    4.49
 -16777.194    39.606     3.92    3.95
 -16487.871    39.610     0.01    3.84
 -16198.551    39.456    -0.53    4.09
 -15909.232    40.436     3.39    3.91
 -15619.916    40.759     1.12    3.71
 -15330.602    40.862     0.36    3.50
 -15041.290    41.351     1.69    3.37
 -14751.980    41.662     1.07    3.41
 -14462.673    41.764     0.35    3.26
 -14173.367    42.047     0.98    3.53
 -13884.064    42.170     0.42    3.47
 -13594.763    42.789     2.14    3.59
 -13305.464    42.851     0.22    3.62
 -13016.167    42.928     0.27    3.71
 -12726.872    42.657    -0.94    3.75
 -12437.579    41.370    -4.45    5.89
 -12148.289    40.869    -1.73    6.15
 -11859.000    40.166    -2.43    5.99
 -11569.714    40.028    -0.48    5.39
 -11280.430    39.420    -2.10    5.22
 -10991.148    39.032    -1.34    4.99
 -10701.868    38.488    -1.88    6.26
 -10412.590    37.903    -2.02    6.02
 -10123.315    37.543    -1.24    6.22
  -9834.041    36.301    -4.29    7.28
  -9544.770    34.776    -5.27    8.18
  -9255.501    34.030    -2.58    8.21
  -8966.233    33.548    -1.67    7.79
  -8676.968    31.842    -5.90    7.78
  -8387.706    30.403    -4.97    7.39
  -8098.445    28.153    -7.78    6.36
  -7809.186    25.984    -7.50    5.53
  -7519.930    24.470    -5.23    4.75
  -7230.675    22.986    -5.13    3.95
  -6941.423    22.334    -2.26    3.38
  -6652.173    22.719     1.33    3.55
  -6362.925    23.420     2.42    4.35
  -6073.679    24.996     5.45    5.24
  -5784.435    26.790     6.20    5.83
  -5495.193    27.301     1.77    5.44
  -5205.953    27.367     0.23    5.66
  -4916.716    27.047    -1.11    5.41
  -4627.480    26.679    -1.27    5.62
  -4338.247    25.419    -4.35    4.63
  -4049.016    25.351    -0.24    5.00
  -3759.787    25.800     1.55    5.44
  -3470.559    27.265     5.07    6.17
  -3181.334    28.300     3.58    7.44
  -2892.112    27.820    -1.66    7.82
  -2602.891    27.369    -1.56    8.00
  -2313.672    26.820    -1.90    8.26
  -2024.456    27.403     2.02    7.39
  -1735.241    25.644    -6.08    9.42
  -1446.029    21.086   -15.76   12.47
  -1156.818    17.132   -13.67   13.95
   -867.610    13.086   -13.99   15.02
   -578.404     7.457   -19.47   13.62
   -289.200     2.748   -16.28    8.75
      0.002     1.522    -4.24    5.39
    289.202     3.945     8.38    7.16
    578.400     6.820     9.94    8.20
    867.596    10.024    11.08    8.52
   1156.789    14.335    14.91    7.75
   1445.981    15.789     5.03    6.18
   1735.170    15.636    -0.53    6.25
   2024.358    12.436   -11.07    8.59
   2313.543     9.353   -10.66    9.10
   2602.727     5.886   -11.99    8.74
   2891.908     3.754    -7.37    7.70
   3181.087     2.166    -5.49    4.85
   3470.264     3.558     4.82    6.02
   3759.439     5.586     7.01    6.56
   4048.612     7.703     7.32    6.15
   4337.783     9.491     6.18    5.11
   4626.952    10.536     3.62    3.48
   4916.119     9.724    -2.81    3.36
   5205.284     8.258    -5.07    3.87
   5494.446     6.370    -6.53    3.90
   5783.607     4.753    -5.59    3.90
   6072.766     3.231    -5.26    3.84
   6361.922     1.920    -4.53    3.44
   6651.077     1.098    -2.84    2.70
   6940.229     0.251    -2.93    1.95
   7229.379    -0.484    -2.54    1.46
   7518.528    -0.665    -0.62    1.38
   7807.674    -1.028    -1.26    1.55
   8096.818    -1.407    -1.31    1.54
   8385.960    -1.511    -0.36    1.68
   8675.101    -1.515    -0.01    1.75
   8964.239    -1.631    -0.40    2.01
   9253.375    -1.666    -0.12    2.11
   9542.509    -1.235     1.49    2.22
   9831.641     0.024     4.35    4.15
  10120.771     3.103    10.65    9.39
  10409.899     7.610    15.59   12.61
  10699.025    12.470    16.81   14.23
  10988.148    17.242    16.51   14.86
  11277.270    22.627    18.62   14.85
  11566.390    28.586    20.61   13.12
  11855.508    33.945    18.54   10.40
  12144.624    37.953    13.86    7.67
  12433.737    40.564     9.03    6.06
  12722.849    42.196     5.65    3.87
  13011.959    43.000     2.78    3.41
  13301.066    42.928    -0.25    3.54
  13590.172    42.836    -0.32    3.86
  13879.275    42.455    -1.32    3.76
  14168.377    41.886    -1.97    4.05
  14457.477    42.007     0.42    3.98
  14746.574    41.589    -1.44    4.03
  15035.670    41.403    -0.64    4.05
  15324.763    41.286    -0.40    3.97
  15613.855    40.536    -2.59    4.75
  15902.944    40.093    -1.53    5.25
  16192.032    39.335    -2.62    5.62
  16481.117    36.610    -9.43    8.29
  16770.201    34.124    -8.60   10.75
  17059.282    30.636   -12.07   12.21
  17348.362    27.842    -9.67   12.92
  17637.439    25.075    -9.57   12.30
  17926.515    21.724   -11.59   10.53
  18215.588    19.272    -8.48    7.68
  18504.659    16.861    -8.34    4.61
  18793.729    15.753    -3.83    4.53
  19082.796    15.248    -1.75    4.92
  19371.862    15.070    -0.62    4.98
  19660.925    14.970    -0.35    4.97
  19949.987    14.691    -0.96    4.79
  20239.046    14.693     0.01    4.62
  20528.104    15.903     4.18    4.40
  20817.159    16.920     3.52    4.41
  21106.213    17.127     0.72    4.61
  21395.264    17.248     0.42    4.53
  21684.514    17.010    -0.82    4.66
  21973.991    16.420    -2.04    4.61
  22263.466    15.438    -3.39    5.01
  22552.938    14.507    -3.22    5.39
  22842.409    12.627    -6.49    5.58
  23131.878    11.855    -2.67    5.52
  23421.344     9.895    -6.77    5.03
  23710.809     7.770    -7.34    3.83
  24000.272     7.000    -2.66    4.01
  24289.733     7.075     0.26    4.59
  24579.191     8.320     4.30    6.10
  24868.648     9.488     4.04    6.97
  25158.103    10.665     4.07    7.80
  25447.556    13.082     8.35    7.34
  25737.007    14.869     6.17    6.01
  26026.456    15.653     2.71    4.40
  26315.903    15.661     0.03    3.61
  26605.348    15.715     0.18    3.78
  26894.791    15.817     0.35    3.83
  27184.232    16.186     1.28    3.89
  27473.671    16.754     1.96    3.78
  27763.108    17.570     2.82    3.85
  28052.543    19.003     4.95    3.55
  28341.977    19.053     0.17    3.42
  28631.408    19.036    -0.06    3.78
  28920.837    18.455    -2.01    4.18
  29210.264    17.827    -2.17    4.69
  29499.690    17.455    -1.29    4.65
  29789.113    16.206    -4.31    4.75
  30078.535    14.686    -5.25    4.30
  30367.954    13.263    -4.92    4.69
  30657.372    12.282    -3.39    4.69
  30946.787    11.558    -2.50    4.53
  31236.201    12.003     1.54    4.80
  31525.613    12.200     0.68    5.04
  31815.022    13.047     2.93    5.17
  32104.430    14.334     4.45    5.27
  32393.836    15.614     4.42    4.88
  32683.240    15.786     0.60    4.57
  32972.642    16.536     2.59    3.81
  33262.042    16.532    -0.01    3.88
  33551.440    16.350    -0.63    3.70
  33840.836    15.938    -1.43    3.90
  34130.231    16.030     0.32    3.94
  34419.623    15.386    -2.23    4.06
  34709.013    15.780     1.36    4.10
  34998.402    15.524    -0.89    3.77
  35287.788    16.144     2.14    3.98
  35577.173    16.369     0.77    3.97
  35866.556    16.520     0.52    3.94
  36155.936    17.153     2.19    3.80
  36445.315    16.817    -1.16    4.23
  36734.692    16.886     0.24    4.44
  37024.067    17.367     1.66    4.60
  37313.440    17.731     1.26    4.68
  37602.811    17.636    -0.33    4.80
  37892.180    17.606    -0.10    4.78
  38181.548    18.419     2.81    4.59
  38470.913    19.492     3.71    4.13
  38760.276    20.267     2.68    3.45
  39049.638    19.403    -2.99    3.52
  39338.997    18.436    -3.34    3.65
  39628.355    17.371    -3.68    3.98
  39917.711    16.593    -2.69    4.24
  40207.065    15.136    -5.03    3.57
  40496.417    13.992    -3.95    3.17
  40785.767    13.403    -2.04    2.42
  41075.115    12.928    -1.64    2.03
  41364.461    12.640    -1.00    1.63
  41653.806    12.834     0.67    1.81
  41943.148    12.964     0.45    1.74
  42232.489    12.844    -0.42    1.63
  42521.827    13.300     1.58    2.19
  42811.164    13.747     1.55    2.64
  43100.499    13.686    -0.21    2.99
  43389.832    13.193    -1.71    3.98
  43679.163    12.851    -1.18    4.52
  43968.492    12.489    -1.25    4.98
  44257.820    12.305    -0.64    5.06
  44547.145    11.196    -3.83    4.98
  44836.468    11.220     0.08    5.46
  45125.790    11.282     0.22    5.66
  45415.110    11.614     1.14    5.82
  45704.428    12.370     2.62    5.90
  45993.744    13.070     2.42    6.06
  46283.058    13.862     2.74    6.10
  46572.370    15.631     6.11    5.24
  46861.680    16.127     1.71    4.45
  47150.989    16.370     0.84    3.85
  47440.295    16.674     1.05    3.07
  47729.600    15.895    -2.69    3.55
  48018.903    15.007    -3.07    3.47
  48308.204    14.282    -2.50    3.35
  48597.503    13.657    -2.16    3.38
  48886.800    12.386    -4.39    4.72
  49176.096    10.103    -7.89    6.20
  49465.389     8.300    -6.23    7.21
  49754.681     6.352    -6.73    7.85
  50043.970     4.224    -7.35    7.23
  50333.258     2.640    -5.48    6.48
  50622.544     2.403    -0.82    7.23
  50911.828     3.803     4.84    8.31
  51201.111     5.970     7.49    8.47
  51490.391     6.885     3.16    8.35
  51779.670     9.301     8.35    7.93
  52068.947    11.265     6.79    7.37
  52358.221    12.886     5.60    6.50
  52647.494    13.288     1.39    5.82
  52936.766    14.282     3.44    4.65
  53226.035    14.753     1.63    4.27
  53515.302    15.403     2.25    3.49
  53804.568    15.790     1.34    3.53
  54093.832    16.086     1.02    3.71
  54383.094    16.353     0.92    3.33
  54672.354    16.386     0.11    3.30
  54961.612    15.701    -2.37    3.58
  55250.868    14.759    -3.26    3.85
  55540.123    13.213    -5.34    4.61
  55829.376    11.190    -7.00    4.58
  56118.627     9.336    -6.41    3.78
  56407.876     8.245    -3.77    3.57
  56697.123     8.300     0.19    4.33
  56986.368     7.920    -1.31    4.78
  57275.612     8.501     2.01    5.67
  57564.853     9.731     4.25    5.87
  57854.093    10.886     3.99    5.77
  58143.331    11.679     2.74    5.64
  58432.568    12.972     4.47    5.44
  58721.802    15.010     7.04    5.48
  59011.035    16.620     5.57    5.00
  59300.265    18.452     6.34    3.92
  59589.494    19.017     1.95    3.46
  59878.721    18.748    -0.93    3.20
  60167.947    18.336    -1.42    3.28
  60457.170    16.776    -5.40    5.91
  60746.392    15.936    -2.90    7.65
  61035.611    16.052     0.40    8.48
  61324.829    15.955    -0.34    8.47
  61614.046    16.627     2.32    8.11
  61903.260    16.725     0.34    8.20
  62192.473    17.318     2.05    6.69
  62481.683    17.610     1.01    5.39
  62770.892    16.912    -2.41    5.20
  63060.100    15.508    -4.85    5.84
  63349.305    15.420    -0.31    6.21
  63638.508    14.320    -3.80    6.90
  63927.710    13.703    -2.13    7.07
  64216.910    13.086    -2.13    7.05
  64506.108    12.807    -0.97    7.82
  64795.305    12.657    -0.52    8.81
  65084.499    12.989     1.15    9.67
  65373.692    14.003     3.51    9.51
  65662.883    14.469     1.61    9.76
  65952.072    14.000    -1.62   10.24
  66241.259    14.086     0.30   10.03
  66530.445    15.028     3.26    9.91
  66819.629    15.548     1.80    9.62
  67108.811    16.570     3.53    9.50
  67397.991    17.453     3.05    8.52
  67687.169    18.644     4.12    7.32
  67976.346    16.782    -6.44    8.95
  68265.521    15.573    -4.18    9.55
  68554.694    15.437    -0.47    8.99
  68843.865    14.887    -1.90    8.53
  69133.034    15.488     2.08    7.20
  69422.202    15.947     1.59    6.17
  69711.368    15.782    -0.57    5.77
  70000.532    16.593     2.80    3.71
  70289.695    16.600     0.02    4.34
  70578.855    16.420    -0.62    5.57
  70868.014    15.851    -1.97    6.57
  71157.171    15.248    -2.09    7.04
  71446.326    14.679    -1.97    6.50
  71735.480    14.653    -0.09    5.99
  72024.632    14.336    -1.10    5.99
  72313.782    14.020    -1.10    5.83
  72602.930    13.087    -3.22    5.94
  72892.076    11.955    -3.92    6.05
  73181.221    10.570    -4.79    6.29
  73470.364     8.810    -6.09    6.78
  73759.505     6.403    -8.32    6.34
  74048.645     5.175    -4.25    5.51
  74337.782     3.644    -5.29    4.68
  74626.918     3.213    -1.49    4.58
  74916.052     4.623     4.88    5.09
  75205.185     6.556     6.68    6.15
  75494.315     8.455     6.57    6.13
  75783.444    11.471    10.43    7.01
  76072.571    14.052     8.93    7.99
  76361.697    17.020    10.26    8.96
  76650.820    19.386     8.19    8.46
  76939.942    20.803     4.90    7.82
  77229.062    22.703     6.57    7.71
  77518.181    23.140     1.51    7.76
  77807.298    23.234     0.32    8.27
  78096.412    24.541     4.52    8.18
  78385.526    25.536     3.44    8.35
  78674.637    26.977     4.98    8.01
  78963.747    28.578     5.54    6.80
  79252.855    30.786     7.64    3.71
  79541.961    31.939     3.99    3.10
  79831.066    32.290     1.22    3.02
  80120.168    32.370     0.28    2.70
  80409.269    32.284    -0.30    2.74
  80698.369    32.369     0.29    2.73
  80987.466    32.075    -1.01    3.20
  81276.562    31.437    -2.21    3.70
  81565.656    30.623    -2.81    3.81
  81854.749    29.193    -4.95    4.67
  82143.839    28.539    -2.26    5.11
  82432.928    28.438    -0.35    5.37
  82722.016    28.179    -0.90    5.69
  83011.101    27.972    -0.72    5.25
  83300.185    27.895    -0.27    5.18
  83589.267    28.644     2.59    4.60
  83878.429    29.386     2.56    4.16
  84167.881    29.575     0.66    4.16
  84457.330    29.041    -1.85    4.02
  84746.778    28.903    -0.48    3.69
  85036.224    28.810    -0.32    3.42
  85325.668    29.270     1.59    3.32
  85615.111    29.492     0.77    2.89
  85904.552    29.886     1.36    2.38
  86193.991    30.503     2.13    2.41
  86483.428    30.284    -0.76    2.87
  86772.864    30.036    -0.86    3.08
  87062.298    29.760    -0.95    3.33
  87351.731    29.817     0.20    3.39
  87641.161    30.075     0.89    3.55
  87930.590    29.861    -0.74    3.79
  88220.018    30.203     1.18    3.39
  88509.443    30.524     1.11    3.31
  88798.867    30.539     0.05    3.34
  89088.289    30.473    -0.23    3.49
  89377.710    30.640     0.58    3.22
  89667.129    30.503    -0.47    3.09
  89956.546    29.996    -1.75    3.03
  90245.961    29.586    -1.42    3.28
  90535.375    29.539    -0.16    3.42
  90824.787    29.284    -0.88    3.85
  91114.197    29.610     1.12    3.85
  91403.606    29.725     0.40    3.78
  91693.013    29.920     0.67    3.64
  91982.418    30.736     2.82    3.28
  92271.822    31.370     2.19    3.59
  92561.224    32.162     2.74    2.78
  92850.624    32.124    -0.13    2.69
  93140.022    32.520     1.37    2.31
  93429.419    32.979     1.59    2.28
  93718.814    32.782    -0.68    2.30
  94008.208    32.491    -1.01    2.29
  94297.600    32.436    -0.19    2.14
  94586.990    32.403    -0.12    2.53
  94876.379    32.548     0.50    2.46
  95165.765    32.793     0.85    2.45
  95455.151    33.171     1.31    2.64
  95744.534    33.103    -0.23    2.49
  96033.916    33.351     0.86    2.38
  96323.296    33.534     0.63    2.58
  96612.675    33.265    -0.93    2.84
  96902.051    31.748    -5.24    5.18
  97191.427    30.869    -3.04    5.31
  97480.800    29.334    -5.30    7.21
  97770.172    28.534    -2.76    7.26
  98059.542    28.231    -1.05    8.22
  98348.911    28.253     0.08    8.56
  98638.278    26.546    -5.90    9.24
  98927.643    21.674   -16.84   13.16
  99217.007    15.548   -21.17   15.01
  99506.369    11.036   -15.59   15.64
  99795.729     6.583   -15.39   15.04
 100085.087     1.912   -16.14   11.87
 100374.444    -1.562   -12.01    6.76
 100663.800    -3.183    -5.60    2.32
 100953.154    -3.564    -1.31    0.26
 101242.506    -3.597    -0.12    0.00
 101531.856    -3.597     0.00    0.00
 101821.205    -3.597     0.00    0.00
 102110.552    -3.106     1.70    1.96
 102399.897    -0.230     9.94    7.79
 102689.241     2.403     9.10    9.62
 102978.584     5.334    10.13   10.50
 103267.924    10.793    18.87   11.48
 103557.263    15.270    15.47   11.93
 103846.601    19.470    14.52   11.70
 104135.936    23.213    12.94   10.46
 104425.270    25.703     8.60   10.55
 104714.603    29.936    14.63    8.01
 105003.934    33.175    11.19    6.66
 105293.263    35.486     7.99    4.13
 105582.590    36.179     2.39    3.71
 105871.916    36.203     0.08    3.94
 106161.241    36.436     0.81    3.99
 106450.563    35.938    -1.72    4.63
 106739.884    36.144     0.72    4.57
 107029.204    36.242     0.34    3.83
 107318.522    36.653     1.42    3.41
 107607.838    36.970     1.09    2.97
 107897.153    37.053     0.29    3.19
 108186.466    36.524    -1.83    3.84
 108475.777    36.492    -0.11    3.90
 108765.087    36.286    -0.71    3.59
 109054.395    36.334     0.16    3.67
 109343.702    36.303    -0.11    3.43
 109633.007    36.742     1.52    3.29
 109922.310    37.696     3.30    2.14
 110211.612    37.869     0.60    2.20
 110500.912    37.558    -1.07    2.84
 110790.211    36.731    -2.86    3.78
 111079.507    36.507    -0.78    4.15
 111368.803    36.115    -1.35    4.23
 111658.097    36.349     0.81    4.51
 111947.389    36.437     0.30    4.64
 112236.679    36.693     0.89    4.57
 112525.968    37.674     3.39    3.91
 112815.256    38.115     1.52    3.26
 113104.542    38.696     2.01    3.04
 113393.826    39.127     1.49    2.62
 113683.108    39.536     1.41    2.37
 113972.389    40.120     2.02    1.93
 114261.669    40.451     1.15    1.89
 114550.947    40.635     0.64    2.02
 114840.223    40.670     0.12    2.02
 115129.498    41.157     1.69    1.86
 115418.771    41.336     0.62    1.90
 115708.042    41.420     0.29    1.89
 115997.312    41.472     0.18    1.67
 116286.581    40.962    -1.76    1.77
 116575.848    40.421    -1.87    2.12
 116865.113    40.020    -1.39    2.37
 117154.377    39.636    -1.33    3.26
 117443.639    39.303    -1.15    3.35
 117732.899    39.053    -0.86    3.29
 118022.158    38.719    -1.16    3.13
 118311.416    38.970     0.87    2.95
 118600.671    39.438     1.62    2.79
 118889.926    39.776     1.17    2.48
 119179.178    39.844     0.23    2.60
 119468.429    39.955     0.38    2.54
 119757.679    39.938    -0.06    2.36
 120046.927    39.653    -0.98    2.57
 120336.173    38.620    -3.57    3.92
 120625.418    37.047    -5.44    5.08
 120914.662    35.670    -4.76    5.77
 121203.904    34.162    -5.21    5.86
 121493.144    33.000    -4.02    5.84
 121782.382    31.986    -3.50    5.55
 122071.620    32.503     1.79    5.45
 122360.855    33.501     3.45    5.08
 122650.089    34.541     3.59    4.55
 122939.322    35.438     3.10    3.55
 123228.553    36.041     2.09    2.93
 123517.782    36.834     2.74    2.20
 123807.010    37.206     1.29    1.93
 124096.236    37.386     0.62    1.88
 124385.461    37.869     1.67    2.05
 124674.684    37.575    -1.01    2.49
 124963.906    37.369    -0.72    2.57
 125253.126    36.928    -1.52    2.74
 125542.345    36.248    -2.35    2.78
 125831.562    35.454    -2.75    3.09
 126120.777    35.087    -1.27    3.16
 126409.991    35.007    -0.28    3.35
 126699.204    34.536    -1.63    3.32
 126988.415    34.374    -0.56    3.21
