#   72.001  -1.674   5.856 ;Mean Elev.(m), Avg Gradient(m/km), RMS Gradient(m/km) - SRTM1     
#  104.462  -1.333   6.153 ;Mean Elev.(m), Avg Gradient(m/km), RMS Gradient(m/km) - ASTER GDEM
#   72.217  -1.309   5.756 ;Mean Elev.(m), Avg Gradient(m/km), RMS Gradient(m/km) - GMTED2010 
   2 288.473385  -3.848091    72.387    72.335  5 54669.45832851 39.968
   3 288.472486  -3.847439    72.122    71.897  5 54679.37397229 49.754
   4 288.473633  -3.848467    70.627    70.594  5 54689.28961467 46.468
   5 288.476182  -3.851292    70.068    70.054  4 54699.20525468 50.279
   6 288.477528  -3.851818    72.743    74.016  4 54709.12089836 27.169
   7 288.475110  -3.850013    68.737    68.805  5 54719.03654977 29.390
   8 288.472367  -3.846185    71.048    71.047  4 54728.95219923 36.677
   9 288.469455  -3.844303    74.035    74.027  5 54738.86784711 22.180
  10 288.468463  -3.842086    70.846    69.422  5 54748.78349532 24.211
  11 288.468367  -3.841052    71.349    70.859  5 54758.69914313 24.727
  12 288.468635  -3.842828    70.293    70.243  5 54768.61478814 38.754
  13 288.469659  -3.843912    72.697    72.715  5 54778.53042991 43.805
  14 288.470305  -3.844984    72.729    72.606  5 54788.44606899 28.168
  15 288.470956  -3.845537    72.679    72.414  5 54798.36170684 49.696
  16 288.472684  -3.846821    73.751    73.660  5 54808.27734445 43.437
  17 288.474976  -3.850323    72.803    72.807  4 54818.19298113 38.349
  18 288.474322  -3.849283    73.572    74.345  4 54828.10863211 26.901
  19 288.472361  -3.845679    71.524    71.472  5 54838.02427165 45.721
  20 288.469205  -3.842726    74.495    74.549  5 54847.93992147 45.947
  21 288.467071  -3.840870    75.475    75.481  6 54857.85557085 25.897
  22 288.467243  -3.837934    76.098    76.020  7 54867.77122082 46.355
  23 288.467248  -3.839123    76.496    76.505  7 54877.68686922 41.843
  24 288.467360  -3.842233    76.801    76.900  5 54887.60251405 28.375
  25 288.467643  -3.839843    76.961    76.962  6 54897.51815646 31.003
  26 288.467462  -3.836364    77.258    77.125  7 54907.43379610 49.789
  27 288.467461  -3.836828    77.371    77.332  7 54917.34943339 47.431
  28 288.468194  -3.841184    77.113    77.144  5 54927.26506975 28.222
  29 288.470542  -3.845599    77.508    77.568  5 54937.18070557 23.907
  30 288.473904  -3.848483    77.435    77.398  4 54947.09634002 28.906
  31 288.476585  -3.851562    78.157    78.100  4 54957.01197317 47.661
  32 288.474721  -3.849657    78.207    78.225  5 54966.92762177 44.919
  33 288.473116  -3.847209    77.961    77.947  5 54976.84326980 43.554
  34 288.472008  -3.846105    44.492    44.744  5 54986.75891770 13.528
  35 288.471769  -3.846446    76.931    76.886  5 54996.67456551 34.469
  36 288.471887  -3.845782    76.376    76.376  4 55006.59021184 31.673
  37 288.470963  -3.846336    75.590    75.580  5 55016.50585543 46.548
  38 288.470084  -3.845563    75.068    74.944  5 55026.42149769 31.576
  39 288.470412  -3.843342    74.506    74.520  5 55036.33713970 46.333
  40 288.471693  -3.845119    73.219    73.192  5 55046.25278008 49.852
  41 288.474241  -3.849083    71.683    71.626  5 55056.16841828 50.272
  42 288.476713  -3.851262    71.576    71.384  5 55066.08405465 45.969
  43 288.474278  -3.849653    71.557    71.567  4 55075.99970382 45.640
  44 288.471118  -3.845869    74.488    74.505  5 55085.91535227 19.532
  45 288.469044  -3.842678    68.874    68.825  5 55095.83099938 42.125
  46 288.468268  -3.842801    73.340    74.303  5 55105.74664576 22.696
  47 288.469115  -3.842280    70.096    70.067  5 55115.66229215 31.486
  48 288.469907  -3.842961    71.888    72.279  5 55125.57793588 28.668
  49 288.469911  -3.844837    70.903    70.815  5 55135.49357657 35.899
  50 288.470312  -3.845007    69.479    69.454  5 55145.40921528 42.287
  51 288.471110  -3.845228    70.372    70.378  4 55155.32485303 45.001
  52 288.472249  -3.846862    71.398    71.243  5 55165.24049070 33.967
  53 288.474499  -3.848358    74.530    74.489  5 55175.15612826 46.681
  54 288.476045  -3.849889    75.291    75.239  4 55185.07176851 50.195
  55 288.473593  -3.847904    75.621    75.622  4 55194.98741995 32.822
  56 288.470391  -3.845291    75.223    75.247  5 55204.90307037 42.228
  57 288.468956  -3.841603    73.244    73.133  5 55214.81872069 47.854
  58 288.467910  -3.841220    72.720    72.637  5 55224.73436988 26.706
  59 288.467579  -3.842139    74.355    74.431  5 55234.65001700 25.863
  60 288.468339  -3.842451    74.939    74.881  5 55244.56566087 33.716
  61 288.468271  -3.841037    74.862    74.846  5 55254.48130182 49.507
  62 288.467473  -3.839803    74.761    74.771  5 55264.39694054 46.174
  63 288.467372  -3.841485    75.505    75.496  5 55274.31257754 47.778
  64 288.469284  -3.844599    75.264    75.275  5 55284.22821381 39.443
  65 288.473077  -3.846527    75.307    75.291  5 55294.14384894 25.908
  66 288.474837  -3.849354    76.176    76.123  5 55304.05948565 37.906
  67 288.473504  -3.847002    76.194    76.189  5 55313.97513311 32.438
  68 288.472123  -3.845678    76.142    76.093  5 55323.89077864 42.961
  69 288.471226  -3.845699    76.158    76.149  5 55333.80642286 42.383
  70 288.470939  -3.845969    75.679    75.607  5 55343.72206689 35.258
  71 288.471374  -3.845895    74.999    74.971  4 55353.63771056 23.916
  72 288.471834  -3.846633    74.501    74.416  5 55363.55335178 50.184
  73 288.472342  -3.847196    72.699    72.723  5 55373.46899106 45.032
  74 288.473591  -3.847204    72.229    72.206  5 55383.38462903 47.851
  75 288.474623  -3.849217    77.872    75.921  5 55393.30026566 17.745
  76 288.476623  -3.852527    71.975    71.913  4 55403.21590103 34.697
  77 288.475742  -3.849800    70.425    70.329  5 55413.13155290 39.110
  78 288.473756  -3.849085    69.769    69.723  5 55423.04720157 31.506
  79 288.472361  -3.846339    67.461    67.412  4 55432.96284831 40.074
  80 288.470131  -3.845102    66.181    66.228  5 55442.87849317 31.583
  81 288.469185  -3.844274    67.389    67.369  5 55452.79413687 42.605
  82 288.469835  -3.845077    67.400    67.374  5 55462.70977965 35.747
  83 288.471506  -3.846771    66.465    66.464  5 55472.62542041 34.094
  84 288.473028  -3.848228    66.048    66.014  5 55482.54105829 39.388
  85 288.473893  -3.849144    67.769    67.814  4 55492.45669385 47.313
  86 288.475162  -3.850335    69.040    67.274  4 55502.37232751 29.733
  87 288.474586  -3.848764    70.192    68.669  4 55512.28797320 26.573
  88 288.473573  -3.847445    70.061    70.047  4 55522.20362278 34.658
  89 288.472470  -3.846951    70.381    70.303  4 55532.11927083 42.155
  90 288.471822  -3.844880    71.618    71.682  5 55542.03491780 49.438
  91 288.470771  -3.844081    69.993    70.004  5 55551.95056262 34.269
  92 288.469797  -3.843431    71.680    71.679  5 55561.86620628 45.494
  93 288.470283  -3.843634    71.862    71.852  5 55571.78184929 40.822
  94 288.470993  -3.845873    72.054    71.955  5 55581.69749074 36.322
  95 288.472630  -3.846525    70.513    70.370  5 55591.61312934 29.758
  96 288.473818  -3.849005    72.532    72.577  4 55601.52876408 30.054
  97 288.475151  -3.850257    73.151    73.174  4 55611.44439664 35.286
  98 288.476708  -3.851504    73.902    73.779  5 55621.36002899 45.113
  99 288.474237  -3.849115    74.821    74.795  5 55631.27568163 44.824
 100 288.473452  -3.848143    74.937    74.893  5 55641.19133202 38.404
 101 288.473213  -3.848003    75.816    75.811  5 55651.10697962 34.164
 102 288.472837  -3.846713    76.985    76.767  5 55661.02262382 46.008
 103 288.471838  -3.845853    77.504    77.541  5 55670.93826478 47.479
 104 288.471346  -3.846788    77.737    77.756  5 55680.85390399 34.474
 105 288.473135  -3.848312    78.158    77.997  5 55690.76954162 46.271
 106 288.475970  -3.849869    77.627    77.615  4 55700.68517766 30.551
 107 288.476720  -3.852011    77.258    77.268  5 55710.60081757 30.499
 108 288.474410  -3.849719    76.754    76.760  4 55720.51646775 41.599
 109 288.472720  -3.846142    75.825    75.917  5 55730.43211590 50.755
 110 288.471452  -3.846227    75.023    74.739  5 55740.34776181 27.880
 111 288.471590  -3.846053    74.362    74.277  5 55750.26340660 42.548
 112 288.472623  -3.846843    74.604    74.553  5 55760.17904891 41.243
 113 288.473664  -3.847805    73.385    73.379  4 55770.09468841 45.901
 114 288.474434  -3.848282    71.915    71.867  4 55780.01032482 42.350
 115 288.475411  -3.849221    70.339    70.304  4 55789.92595888 36.376
 116 288.476934  -3.851719    68.313    68.229  5 55799.84159182 40.244
 117 288.475864  -3.850897    67.716    67.681  5 55809.75723984 41.677
 118 288.475513  -3.850007    68.359    68.326  5 55819.67288938 41.765
 119 288.475991  -3.850099    74.693    74.681  4 55829.58853427 23.421
 120 288.475887  -3.850995    71.964    71.859  4 55839.50417432 40.999
 121 288.475711  -3.850439    72.938    72.061  5 55849.41981140 31.252
 122 288.476297  -3.851607    70.534    70.543  5 55859.33544591 50.195
 123 288.475008  -3.850421    69.445    69.470  4 55869.25109500 38.376
 124 288.474596  -3.849671    70.859    70.885  5 55879.16674622 47.051
 125 288.475101  -3.849067    72.038    72.027  4 55889.08239091 39.231
 126 288.475399  -3.849589    72.855    72.773  4 55898.99802976 47.859
 127 288.476555  -3.850491    72.907    72.844  4 55908.91366394 25.307
 128 288.474030  -3.847661    74.142    74.109  5 55918.82931462 32.867
 129 288.471980  -3.846274    75.867    75.806  4 55928.74496823 31.181
 130 288.471489  -3.845995    76.283    76.325  4 55938.66061815 25.391
 131 288.470981  -3.845748    76.619    76.589  5 55948.57626308 30.827
 132 288.470719  -3.844562    76.741    76.796  4 55958.49190353 36.793
 133 288.470624  -3.844842    76.920    76.922  4 55968.40754092 36.386
 134 288.471869  -3.846398    77.094    77.082  4 55978.32317697 36.346
 135 288.474495  -3.849548    77.253    77.159  5 55988.23881207 41.034
 136 288.476559  -3.851217    77.665    77.627  4 55998.15445198 51.909
 137 288.475312  -3.849215    78.158    78.020  4 56008.07010302 51.947
 138 288.473262  -3.847969    78.636    78.627  5 56017.98574980 44.307
 139 288.471584  -3.844716    78.906    78.802  5 56027.90139434 48.209
 140 288.470725  -3.843388    79.017    79.037  5 56037.81703714 44.947
 141 288.471887  -3.845152    78.940    78.895  5 56047.73267752 35.129
 142 288.474151  -3.848126    78.544    78.441  5 56057.64831493 33.953
 143 288.477603  -3.851418    78.448    78.429  4 56067.56394792 40.955
 144 288.475384  -3.849174    77.776    77.749  4 56077.47959770 42.207
 145 288.472597  -3.846611    76.665    76.628  4 56087.39524635 28.961
 146 288.471346  -3.845819    75.529    75.486  4 56097.31089211 39.730
 147 288.471897  -3.846588    72.624    72.600  4 56107.22653554 45.641
 148 288.473422  -3.848124    75.098    74.905  4 56117.14216453 21.210
 149 288.475091  -3.850454    75.435    75.123  4 56127.05780135 22.940
 150 288.476652  -3.851129    72.471    72.551  5 56136.97343493 35.955
 151 288.474895  -3.849769    70.784    70.746  5 56146.88907986 40.423
 152 288.473213  -3.847621    77.474    76.211  4 56156.80472986 17.818
 153 288.472970  -3.846264    77.290    76.276  5 56166.72037897 19.507
 154 288.472863  -3.847667    69.974    70.014  5 56176.63602510 30.537
 155 288.473543  -3.848663    77.225    75.985  4 56186.55166644 18.018
 156 288.474311  -3.847958    67.493    67.483  5 56196.46730421 31.937
 157 288.474538  -3.849487    68.913    68.908  4 56206.38293826 35.425
 158 288.476291  -3.850723    70.927    69.855  5 56216.29857079 33.757
 159 288.477069  -3.853184    70.439    70.406  4 56226.21421071 33.545
 160 288.476285  -3.850584    70.699    70.672  5 56236.12986609 51.607
 161 288.475034  -3.848920    69.804    69.796  4 56246.04551751 46.282
 162 288.473257  -3.848476    72.825    70.955  5 56255.96116379 28.335
 163 288.472374  -3.847147    72.167    72.022  5 56265.87680678 35.234
 164 288.472184  -3.846596    77.536    76.091  5 56275.79244816 19.319
 165 288.471618  -3.846750    73.534    73.506  5 56285.70809494 42.625
 166 288.471125  -3.845541    74.949    74.925  4 56295.62374609 34.041
 167 288.470666  -3.843737    76.328    76.266  5 56305.53939312 34.856
 168 288.469646  -3.843266    76.458    76.389  5 56315.45503609 36.879
 169 288.469673  -3.842104    76.685    76.622  5 56325.37067709 37.997
 170 288.470471  -3.844434    76.661    76.534  5 56335.28631638 50.897
 171 288.472815  -3.846734    76.608    76.509  5 56345.20195472 34.053
 172 288.475277  -3.849762    77.240    77.086  5 56355.11759059 38.933
 173 288.474426  -3.849188    77.475    77.391  4 56365.03323584 44.138
 174 288.472165  -3.846114    77.908    77.819  5 56374.94888506 38.260
 176 288.469545  -3.843498    77.844    77.761  5 56394.78017553 34.847
 177 288.470628  -3.844706    77.917    77.834  5 56404.69581745 29.463
 178 288.472697  -3.846834    77.718    77.686  5 56414.61145615 30.247
 179 288.475690  -3.850086    77.719    77.262  5 56424.52708962 33.311
 180 288.474446  -3.849643    76.536    76.529  5 56434.44273573 42.379
 181 288.471540  -3.845577    76.269    76.215  5 56444.35838790 39.529
 182 288.470013  -3.843214    75.650    75.657  5 56454.27403723 48.595
 183 288.469671  -3.843266    75.980    75.988  5 56464.18968335 52.462
 184 288.470630  -3.843679    75.652    75.584  5 56474.10532606 52.168
 185 288.471541  -3.846084    74.122    74.130  5 56484.02096511 36.719
 186 288.472902  -3.846350    74.272    74.243  5 56493.93660170 35.267
 187 288.474205  -3.849208    76.736    75.045  4 56503.85223586 20.991
 188 288.477088  -3.853201    75.580    74.466  4 56513.76786853 26.886
 189 288.476841  -3.851239    74.575    72.437  5 56523.68351963 31.890
 190 288.475163  -3.849551    77.452    77.091  5 56533.59917195 23.755
 192 288.471737  -3.845608    70.290    70.329  4 56553.43046535 47.142
 193 288.471176  -3.845035    70.320    70.325  4 56563.34610794 38.738
 194 288.471892  -3.845820    71.025    70.975  4 56573.26174900 53.029
 195 288.473660  -3.848572    71.695    71.638  4 56583.17738757 49.611
 196 288.476854  -3.852368    72.281    72.197  4 56593.09302158 42.144
 197 288.474926  -3.849560    75.586    77.454  5 56603.00867404 27.278
 198 288.472728  -3.846991    72.089    72.005  5 56612.92432374 39.002
 199 288.471727  -3.846144    73.261    73.207  5 56622.83996922 31.450
 200 288.471766  -3.846155    73.342    73.272  5 56632.75561184 34.646
 201 288.473688  -3.847827    74.094    74.069  5 56642.67124982 35.223
 202 288.472433  -3.846736    74.272    74.071  4 56652.58690081 25.354
 203 288.470787  -3.844657    74.895    73.105  5 56662.50255100 26.647
 204 288.469403  -3.843414    75.163    75.157  4 56672.41819786 45.934
 205 288.469434  -3.841927    76.218    76.090  5 56682.33384301 48.715
 206 288.470467  -3.843490    75.375    75.361  5 56692.24948542 51.146
 207 288.472618  -3.847218    75.252    75.310  5 56702.16512348 46.332
 208 288.475503  -3.849319    75.245    75.250  4 56712.08075697 32.822
 209 288.473443  -3.848021    41.951    38.678  5 56721.99640289 18.380
 210 288.470168  -3.844128    76.487    76.444  4 56731.91205489 38.289
 211 288.468514  -3.842831    77.044    77.081  5 56741.82770304 42.758
 212 288.469593  -3.842713    77.170    77.170  5 56751.74334691 29.158
 213 288.472003  -3.846330    77.288    77.259  4 56761.65898490 29.330
 214 288.475642  -3.849752    77.615    77.710  5 56771.57461615 34.622
 215 288.471776  -3.847110    77.682    77.695  5 56781.49027195 30.963
 216 288.469162  -3.841422    77.831    77.781  5 56791.40592709 43.033
 217 288.466976  -3.838392    77.723    77.728  7 56801.32157853 40.683
 218 288.467612  -3.838486    77.292    77.319  6 56811.23722234 35.912
 219 288.468671  -3.842407    77.255    77.143  5 56821.15286098 45.174
 220 288.470837  -3.845732    25.726    24.530  5 56831.06849583 20.756
 221 288.473560  -3.848616    76.386    75.698  5 56840.98412770 31.877
 222 288.475128  -3.849677    75.854    75.068  5 56850.89976398 31.750
 223 288.472518  -3.847066    73.167    73.109  5 56860.81541887 40.935
 224 288.471200  -3.845486    72.259    72.227  5 56870.73107308 34.014
 225 288.470513  -3.844824    71.288    71.287  5 56880.64672437 29.905
 226 288.469811  -3.843367    72.662    73.151  5 56890.56237210 32.208
 227 288.468435  -3.841294    70.566    70.556  5 56900.47801680 40.272
 228 288.467216  -3.839463    69.798    69.793  6 56910.39365920 41.056
 229 288.467590  -3.841282    70.467    70.499  5 56920.30929919 49.697
 230 288.470747  -3.843478    70.902    70.963  5 56930.22493723 47.830
 231 288.474275  -3.848974    70.834    70.811  5 56940.14056986 50.290
 232 288.476212  -3.851598    72.516    72.511  4 56950.05620736 43.894
 233 288.473397  -3.847932    71.337    71.312  4 56959.97186003 35.468
 234 288.471060  -3.845341    71.592    71.580  4 56969.88750773 30.135
 235 288.470681  -3.845604    72.726    72.738  5 56979.80315134 29.289
 236 288.472742  -3.846754    76.505    75.310  4 56989.71879063 22.449
 237 288.476144  -3.851280    75.818    74.676  4 56999.63442302 26.460
 238 288.474000  -3.849124    76.120    75.126  5 57009.55007699 27.884
 239 288.471335  -3.846532    75.125    75.021  5 57019.46573001 37.370
 240 288.470112  -3.842895    75.841    75.780  5 57029.38138002 37.558
 241 288.468978  -3.844052    76.231    76.027  5 57039.29702711 39.332
 242 288.470459  -3.843235    76.369    76.448  5 57049.21267246 43.346
 243 288.472210  -3.846061    77.127    76.983  5 57059.12831317 52.355
 244 288.474148  -3.848291    76.933    76.883  5 57069.04394843 34.555
 245 288.475519  -3.849857    77.270    77.263  4 57078.95957972 36.370
 246 288.475603  -3.850803    77.236    77.165  4 57088.87521609 42.635
 247 288.472162  -3.846403    77.550    77.527  4 57098.79087533 39.190
 248 288.470591  -3.844921    77.916    77.878  5 57108.70653113 34.815
 249 288.470991  -3.845259    78.088    78.046  5 57118.62218142 31.526
 250 288.471570  -3.844475    78.615    78.615  5 57128.53782571 41.079
 251 288.471062  -3.846211    78.868    78.732  5 57138.45346360 42.407
 252 288.472506  -3.846296    78.827    78.822  4 57148.36909796 36.443
 253 288.475386  -3.849136    78.888    78.896  4 57158.28472912 44.216
 254 288.475299  -3.849982    79.096    78.858  4 57168.20037634 46.132
 255 288.473412  -3.848539    78.982    78.788  5 57178.11603202 48.830
 256 288.471846  -3.846648    78.377    78.350  5 57188.03168382 41.057
 257 288.470752  -3.844627    77.465    77.460  4 57197.94733188 30.467
 258 288.469933  -3.843889    76.981    76.911  4 57207.86296635 29.474
 259 288.470295  -3.843628    76.154    76.129  5 57217.77861128 37.589
 260 288.471081  -3.845927    76.521    75.511  5 57227.69425473 25.908
 261 288.472413  -3.847863    75.275    75.232  5 57237.60989613 29.839
 262 288.473842  -3.849058    77.295    77.476  5 57247.52553424 25.632
 263 288.475120  -3.849126    72.660    72.600  5 57257.44116974 44.402
 264 288.476271  -3.850108    69.933    69.919  4 57267.35680368 30.780
 265 288.475550  -3.850173    70.411    70.406  5 57277.27245011 49.677
 266 288.474308  -3.848537    70.362    67.995  5 57287.18810648 32.167
 267 288.473300  -3.847177    77.386    78.286  5 57297.10376001 20.602
 268 288.472422  -3.845551    69.026    68.992  5 57307.01941018 32.312
 269 288.470276  -3.844317    70.644    70.674  4 57316.93505669 41.017
 270 288.468731  -3.842449    70.388    70.348  5 57326.85070041 36.328
 271 288.469074  -3.842551    69.189    69.120  5 57336.76634196 34.238
 272 288.468956  -3.843026    72.424    72.479  5 57346.68198995 35.311
 273 288.468858  -3.843950    72.859    72.543  5 57356.59763741 27.326
 274 288.469333  -3.844142    73.590    73.614  5 57366.51328141 32.613
 275 288.470054  -3.844055    73.415    73.346  5 57376.42892194 43.206
 276 288.471190  -3.845725    74.586    74.540  4 57386.34455998 50.781
 277 288.473334  -3.848109    75.284    75.293  4 57396.26019718 52.326
 278 288.476321  -3.850629    74.674    74.648  4 57406.17583336 47.582
 279 288.475449  -3.849867    72.311    72.401  4 57416.09148330 35.453
 280 288.473274  -3.847939    70.838    70.803  4 57426.00713464 30.573
 281 288.470980  -3.844753    75.009    74.974  5 57435.92278356 35.919
 282 288.469673  -3.842745    76.155    76.228  5 57445.83843079 30.488
 283 288.469022  -3.844145    76.512    76.480  5 57455.75407663 38.696
 284 288.470362  -3.845433    77.282    76.333  5 57465.66972048 29.991
 285 288.473135  -3.846848    77.018    76.944  5 57475.58536050 35.109
 286 288.474837  -3.848758    77.282    77.335  5 57485.50099666 41.371
 287 288.475998  -3.849934    77.646    77.440  4 57495.41662998 42.164
 288 288.477398  -3.852366    77.688    77.552  5 57505.33226236 37.427
 289 288.474463  -3.848836    77.560    77.462  5 57515.24791860 51.547
 290 288.473353  -3.846862    76.560    76.375  5 57525.16357229 34.889
 291 288.472575  -3.846246    76.228    76.125  5 57535.07922345 51.495
 292 288.471146  -3.846320    76.236    76.209  5 57544.99487162 41.382
 293 288.470410  -3.844781    75.670    75.666  5 57554.91051832 36.214
 294 288.470295  -3.844357    76.589    75.080  5 57564.82616362 22.765
 295 288.471034  -3.843995    74.425    74.415  5 57574.74180844 38.376
 296 288.471607  -3.844829    73.881    73.928  5 57584.65745242 35.636
 297 288.471842  -3.846410    72.043    72.010  4 57594.57309414 28.627
