#    0.000  -0.343   3.340 ;Mean Elev.(m), Avg Gradient(m/km), RMS Gradient(m/km) - SRTM1     
#    0.369  -0.895  10.688 ;Mean Elev.(m), Avg Gradient(m/km), RMS Gradient(m/km) - ASTER GDEM
#    0.000  -0.349   3.376 ;Mean Elev.(m), Avg Gradient(m/km), RMS Gradient(m/km) - GMTED2010 
   1 309.817018   0.347987     1.967     2.115 51 54660.48058461 36.789
   2 309.813485   0.345015    -0.739     1.164 51 54670.39622921 41.474
   3 309.811901   0.344066    -0.966     1.191 51 54680.31187245 42.307
   4 309.814235   0.346144    -1.288     0.277 51 54690.22751546 40.586
   5 309.819477   0.350363    -1.656     0.879 51 54700.14315691 41.368
   6 309.820550   0.349872    -2.251     0.128 51 54710.05880192 39.279
   7 309.817121   0.348437     0.732     1.420 51 54719.97445243 34.535
   8 309.811505   0.344619    -0.518     1.282 51 54729.89009993 40.660
   9 309.806962   0.341994    -0.600     0.615 51 54739.80574655 39.278
  10 309.805101   0.341170    -1.171    -2.021 52 54749.72139391 40.628
  11 309.804787   0.340981    -0.771    -0.048 52 54759.63704137 39.819
  12 309.805734   0.340926    -0.453     0.383 52 54769.55268664 40.717
  13 309.807465   0.341844     1.504     1.921 52 54779.46832872 34.397
  14 309.809293   0.343693     2.704     2.934 51 54789.38396826 25.464
  15 309.810427   0.344052    -0.509     1.065 51 54799.29960609 38.847
  16 309.812779   0.344965    -1.054     1.066 51 54809.21524404 39.626
  17 309.816720   0.346819    -0.865    -0.528 51 54819.13088218 39.438
  18 309.815508   0.347495    -0.646    -0.188 51 54829.04653433 39.699
  19 309.811551   0.345089     1.523     1.783 51 54838.96217236 34.156
  20 309.806049   0.341403     2.424     2.955 52 54848.87782047 24.293
  21 309.801915   0.337943     0.032     0.501 53 54858.79346849 38.006
  22 309.800585   0.337081    -0.631    -0.047 53 54868.70911746 42.290
  23 309.801561   0.338109    -0.515     0.119 54 54878.62476617 42.304
  24 309.803866   0.340336    -0.755    -0.610 52 54888.54041198 41.918
  25 309.803378   0.339958    -0.960    -0.763 53 54898.45605354 44.265
  26 309.801249   0.337982     2.061     2.681 53 54908.37169178 25.924
  27 309.801016   0.337239     0.264     1.035 54 54918.28732888 38.322
  28 309.804453   0.340113    -0.114     0.848 52 54928.20296680 39.241
  29 309.810153   0.344308    -0.955    -0.110 52 54938.11860446 41.080
  30 309.815445   0.346593    -1.188    -0.524 51 54948.03424001 37.799
  31 309.819334   0.348753    -1.463    -0.765 51 54957.94987598 36.961
  32 309.815951   0.346202     2.702     3.050 51 54967.86552351 34.117
  33 309.813790   0.346587     0.982     2.492 51 54977.78117096 33.334
  34 309.811395   0.344231     0.381     1.219 51 54987.69681792 33.401
  35 309.811005   0.344364    -2.219    -2.299 51 54997.61246575 39.366
  36 309.810644   0.344198    -1.703    -0.932 52 55007.52811169 38.876
  37 309.809800   0.343262    -2.644    -2.887 51 55017.44375517 38.218
  38 309.808705   0.342924     2.769     2.913 52 55027.35939714 32.222
  39 309.808396   0.343275     2.801     3.441 52 55037.27503867 28.256
  40 309.810734   0.344490     1.239     2.186 51 55047.19067957 33.469
  41 309.815151   0.346034    -3.359    -3.558 51 55057.10631880 37.025
  42 309.819696   0.349562    -3.117    -3.195 51 55067.02195648 35.991
  43 309.815384   0.346193    -3.692    -5.936 51 55076.93760561 36.951
  44 309.810268   0.344200     0.700     1.733 51 55086.85325268 31.222
  45 309.806000   0.341379     3.356     3.667 52 55096.76889834 25.572
  46 309.805137   0.341041     1.263     2.456 52 55106.68454452 35.081
  47 309.806070   0.341216    -1.636    -0.181 52 55116.60019054 37.990
  48 309.807734   0.342620    -1.828    -0.853 52 55126.51583450 40.068
  49 309.808631   0.343455    -1.786    -1.738 52 55136.43147572 38.617
  50 309.809058   0.343411    -1.852    -0.113 51 55146.34711444 37.395
  51 309.810244   0.343757     3.440     3.553 52 55156.26275233 27.347
  52 309.812810   0.345882     0.022     1.678 51 55166.17839075 32.080
  53 309.816134   0.347837    -2.830    -4.386 51 55176.09402888 35.626
  54 309.817602   0.348278    -3.239    -5.423 51 55186.00967096 35.479
  55 309.813381   0.345475    -0.717    -0.098 51 55195.92532118 36.997
  56 309.808368   0.342474    -2.352    -4.188 52 55205.84097024 37.334
  57 309.805069   0.340308     3.417     3.575 52 55215.75661918 25.452
  58 309.803709   0.339821     2.656     2.802 52 55225.67226810 31.401
  59 309.803972   0.340398    -0.926     0.734 52 55235.58791517 37.657
  60 309.805211   0.341356     0.715     0.501 52 55245.50355888 39.803
  61 309.805015   0.341933     0.846     0.616 52 55255.41919935 42.935
  62 309.802913   0.338862     0.490     0.648 53 55265.33483709 40.574
  63 309.803905   0.340277     2.384     3.156 52 55275.25047494 28.846
  64 309.807916   0.343050     3.358     4.136 52 55285.16611250 25.624
  65 309.813270   0.345039    -0.281     1.446 51 55295.08174822 34.561
  66 309.816837   0.348348    -3.206    -0.234 51 55304.99738751 33.928
  67 309.813655   0.345641    -1.976     0.930 51 55314.91303358 34.496
  68 309.811020   0.343687    -2.222     0.340 51 55324.82867839 33.558
  69 309.810463   0.344362     2.971     3.001 51 55334.74432287 35.484
  70 309.810293   0.344057     3.530     3.872 51 55344.65996687 32.024
  71 309.810460   0.343609    -1.278     1.067 51 55354.57561011 33.249
  72 309.810941   0.343643    -2.549    -0.763 51 55364.49125123 34.366
  73 309.812307   0.345589    -3.780    -1.848 51 55374.40689099 36.238
  74 309.813715   0.345588    -3.376    -1.112 51 55384.32252898 40.230
  75 309.816140   0.346960     0.692     1.351 51 55394.23816639 29.460
  76 309.820000   0.349858     2.988     2.971 51 55404.15380478 30.249
  77 309.817741   0.349006    -1.719     1.075 51 55414.06945558 32.890
  78 309.814564   0.346421    -2.378    -0.546 51 55423.98510313 33.117
  79 309.812042   0.345542    -3.015    -2.264 51 55433.90074871 35.259
  80 309.808737   0.343059    -1.036    -1.080 52 55443.81639263 38.665
  81 309.806995   0.341497    -0.498    -0.642 52 55453.73203583 33.614
  82 309.808381   0.342929     3.343     3.542 52 55463.64767917 28.944
  83 309.811567   0.345110     3.194     3.355 51 55473.56332052 31.035
  84 309.814264   0.346493    -2.771    -1.213 51 55483.47895869 29.151
  85 309.815866   0.347663    -1.058    -0.239 51 55493.39459441 41.761
  86 309.817300   0.347376    -1.107    -0.496 51 55503.31022822 42.417
  87 309.815194   0.346084    -1.105    -1.209 51 55513.22587491 42.097
  88 309.814059   0.346459     3.200     3.264 51 55523.14152427 31.634
  89 309.812371   0.345207     3.240     3.568 52 55533.05717169 34.574
  90 309.810394   0.344001    -1.665     0.090 51 55542.97281757 29.649
  91 309.808734   0.343730    -0.356    -0.223 52 55552.88846187 41.754
  92 309.807139   0.342448    -0.311    -0.045 52 55562.80410500 40.425
  93 309.808372   0.343442     0.075     0.145 52 55572.71974828 37.981
  94 309.810406   0.344121     3.017     2.967 51 55582.63539032 30.793
  95 309.812473   0.344307     0.025     2.078 51 55592.55102882 30.776
  96 309.815284   0.346694    -1.189    -0.806 50 55602.46666434 33.327
  97 309.817682   0.348478    -1.540     0.035 51 55612.38229729 39.858
  98 309.819406   0.348947    -1.372    -0.557 51 55622.29793192 38.546
  99 309.815115   0.345814    -0.873     0.068 51 55632.21358328 38.615
 100 309.814306   0.346694     1.458     2.733 51 55642.12923353 27.590
 101 309.814061   0.346707    -0.380    -0.055 51 55652.04488089 31.639
 102 309.813030   0.345538    -2.195    -3.208 51 55661.96052401 35.300
 103 309.811566   0.344810    -1.895    -1.343 51 55671.87616428 36.966
 104 309.811285   0.344815    -1.904    -1.755 51 55681.79180354 36.501
 105 309.813701   0.345332    -1.342    -0.904 51 55691.70744160 38.723
 106 309.818739   0.349706    -1.458    -1.159 51 55701.62307901 37.418
 107 309.819889   0.349744     0.361     2.618 52 55711.53872096 28.468
 108 309.815838   0.347271     1.428     2.709 51 55721.45436971 31.819
 109 309.812020   0.345126    -1.038    -0.994 51 55731.37001629 35.343
 110 309.810421   0.344304    -1.562    -2.194 52 55741.28566186 38.074
 111 309.810593   0.344238    -0.785    -0.913 52 55751.20130644 38.474
 112 309.812657   0.345308    -0.745    -0.749 51 55761.11694908 39.823
 113 309.814874   0.347030    -2.223    -2.917 51 55771.03258910 33.831
 114 309.815408   0.345920     3.329     3.430 51 55780.94822511 29.969
 115 309.817590   0.348494    -1.487    -2.504 51 55790.86385973 33.824
 116 309.821039   0.350992    -2.244    -1.049 51 55800.77949359 35.206
 117 309.818084   0.347812    -2.424    -3.141 51 55810.69514229 34.924
 118 309.817468   0.347889    -1.658    -2.033 51 55820.61079153 38.116
 119 309.818170   0.348290    -0.554     1.668 51 55830.52643623 25.523
 120 309.818603   0.348451     0.682     2.463 51 55840.44207617 25.873
 121 309.818353   0.348264    -1.690    -1.108 51 55850.35771269 34.413
 122 309.820153   0.350561    -1.488    -0.421 51 55860.27334761 38.427
 123 309.816712   0.347911    -1.786    -1.187 51 55870.18899770 37.118
 124 309.815960   0.347237    -2.050    -2.554 51 55880.10464812 41.222
 125 309.816558   0.347542    -1.680    -1.261 51 55890.02029227 32.664
 126 309.817663   0.348588     0.685     2.123 51 55899.93593097 25.503
 127 309.819890   0.350637    -1.503    -0.082 51 55909.85156542 34.217
 128 309.814116   0.346646    -1.667    -2.077 51 55919.76721644 35.970
 129 309.810970   0.344459    -2.362    -2.377 51 55929.68286887 37.072
 130 309.810570   0.344079    -1.683    -1.510 51 55939.59851818 38.340
 131 309.810168   0.343705    -0.948    -1.236 52 55949.51416262 41.317
 132 309.809296   0.342957    -1.146    -1.575 52 55959.42980241 32.081
 133 309.809637   0.344068     0.328     1.099 52 55969.34543995 33.374
 134 309.811812   0.344839    -1.037    -1.564 52 55979.26107633 36.897
 135 309.817059   0.348535    -1.906    -1.877 51 55989.17671276 38.676
 136 309.819066   0.348546    -1.536    -0.769 51 55999.09235474 38.186
 137 309.816741   0.347572    -2.106    -0.272 50 56009.00800485 37.515
 138 309.813877   0.346168     0.215     2.082 51 56018.92365083 32.530
 139 309.810308   0.343643     4.333     4.379 51 56028.83929381 28.156
 140 309.808862   0.343103    -0.396     0.526 51 56038.75493586 36.765
 141 309.810837   0.344131    -1.655    -1.456 51 56048.67057654 34.599
 142 309.814795   0.345961    -1.690    -2.135 51 56058.58621480 35.902
 143 309.821446   0.351297    -0.606     1.421 52 56068.50184985 34.391
 144 309.816958   0.348377     1.248     2.352 51 56078.41749993 29.371
 145 309.812270   0.345237     3.007     3.771 51 56088.33314701 31.129
 146 309.810332   0.344096    -0.002     2.100 51 56098.24879208 36.314
 147 309.811418   0.344976    -1.360    -0.146 51 56108.16443556 35.694
 148 309.814121   0.346027    -0.932     0.779 52 56118.08006483 36.258
 149 309.817406   0.347249    -0.473     0.560 51 56127.99570221 40.438
 150 309.820679   0.351005     0.118     1.320 51 56137.91133675 35.603
 151 309.816853   0.348488     2.856     3.231 51 56147.82698251 28.477
 152 309.813081   0.344719     1.226     2.844 51 56157.74263094 35.820
 153 309.812361   0.344369    -2.155    -2.358 51 56167.65827939 34.879
 154 309.813501   0.346150    -0.332     0.578 51 56177.57392576 37.217
 155 309.814388   0.345978    -0.836     0.861 51 56187.48956699 38.084
 156 309.815279   0.346933    -0.370     0.918 51 56197.40520465 39.367
 157 309.816505   0.347425     2.780     3.109 50 56207.32083906 26.393
 158 309.819609   0.349514     2.744     3.301 51 56217.23647219 34.915
 159 309.820628   0.350291     1.729     2.448 52 56227.15211504 31.723
 160 309.818625   0.349839    -0.802     1.027 51 56237.06776923 38.580
 161 309.815564   0.346589    -0.607     1.438 51 56246.98341907 38.668
 162 309.813444   0.345112    -0.011     1.055 51 56256.89906455 40.275
 163 309.812379   0.345214     2.588     2.554 51 56266.81470715 25.821
 164 309.812204   0.345459     3.999     4.165 51 56276.73034834 29.963
 165 309.810962   0.344682     1.961     2.876 51 56286.64599601 31.576
 166 309.809799   0.343789     0.437     1.487 51 56296.56164610 39.802
 167 309.808618   0.342879     0.747     1.237 52 56306.47729204 42.127
 168 309.807519   0.342442     0.912     1.366 51 56316.39293467 43.474
 169 309.807344   0.343037     1.832     2.821 52 56326.30857558 32.186
 170 309.809247   0.343817     3.299     4.019 52 56336.22421556 34.430
 171 309.813100   0.345365     2.774     3.200 52 56346.13985447 32.152
 172 309.818124   0.349288    -0.680     0.596 51 56356.05549157 41.356
 173 309.815434   0.346605     0.681     0.813 51 56365.97113742 40.554
 174 309.811100   0.344068     0.484     0.815 51 56375.88678518 41.693
 176 309.807412   0.342460     3.679     3.997 51 56395.71807439 29.379
 177 309.809377   0.343668     3.313     3.427 52 56405.63371659 31.690
 178 309.812499   0.344563    -0.734    -0.340 51 56415.54935550 33.534
 179 309.818299   0.349219    -0.875    -0.343 51 56425.46499038 41.434
 180 309.815282   0.346803    -0.071     0.172 51 56435.38063781 43.634
 181 309.810099   0.343727    -0.243     0.323 51 56445.29628814 44.090
 182 309.807813   0.343155     2.946     2.942 52 56455.21193671 27.792
 183 309.807465   0.342980     3.501     3.670 52 56465.12758255 35.084
 184 309.808620   0.342857    -0.403     0.178 52 56475.04322491 35.893
 185 309.811093   0.344364    -0.143     0.280 52 56484.95886443 44.464
 186 309.813104   0.345440    -0.346     0.130 51 56494.87450110 43.854
 187 309.815780   0.346277     0.101     0.078 51 56504.79013617 41.790
 188 309.821871   0.351317     3.415     3.379 51 56514.70577102 27.445
 189 309.819667   0.349765     4.091     4.302 51 56524.62142329 32.985
 190 309.816719   0.347480     0.663     1.779 51 56534.53707415 31.306
 192 309.810590   0.344275     0.659     0.164 52 56554.36836509 42.447
 193 309.809688   0.343558     0.686     0.463 52 56564.28400741 42.030
 194 309.811286   0.344678     3.332     3.356 51 56574.19964893 28.511
 195 309.814796   0.346189     3.928     4.023 51 56584.11528812 31.584
 196 309.820670   0.350249     0.647     1.573 51 56594.03092384 27.307
 197 309.815632   0.346499     0.220    -0.166 51 56603.94657605 39.811
 198 309.811833   0.344180     0.422     0.469 51 56613.86222410 41.071
 199 309.811051   0.344787     0.349     0.251 51 56623.77786926 40.545
 200 309.811232   0.344310     1.155     1.369 51 56633.69351157 28.416
 201 309.814909   0.346695     1.608     2.264 51 56643.60915004 25.325
 202 309.811905   0.344834     1.312     2.073 51 56653.52480186 29.793
 203 309.809034   0.343098     0.836     0.501 51 56663.44045067 35.462
 204 309.807042   0.342078     0.744     0.310 52 56673.35609665 42.012
 205 309.806515   0.341830     0.715     0.407 51 56683.27174127 43.732
 206 309.808258   0.342229     0.261    -0.107 52 56693.18738399 44.703
 207 309.812811   0.344786     3.325     3.418 51 56703.10302318 30.199
 208 309.818158   0.348983     2.853     3.190 51 56713.01865764 28.865
 209 309.813816   0.346085    -0.883    -2.012 51 56722.93430446 36.568
 210 309.807719   0.342309     0.179    -0.996 52 56732.84995418 42.590
 211 309.805195   0.341147     0.333     0.169 53 56742.76560143 43.020
 212 309.807235   0.343045     0.253    -0.003 52 56752.68124540 42.224
 213 309.812160   0.345475     3.534     3.500 51 56762.59688437 28.100
 214 309.818074   0.348387     4.058     4.152 51 56772.51251697 35.073
 215 309.810857   0.344163     1.127     1.450 52 56782.42817316 32.000
 216 309.804739   0.340322     0.177     0.220 52 56792.34382561 45.205
 217 309.800348   0.336642     0.337     0.386 54 56802.25947519 45.037
 218 309.802354   0.338758     0.280     0.009 53 56812.17511886 45.641
 219 309.805784   0.340765     1.807     2.344 52 56822.09075874 30.644
 220 309.810483   0.344348     2.755     2.720 52 56832.00639495 29.971
 221 309.815039   0.346520    -2.287    -1.030 50 56841.92202768 30.022
 222 309.816600   0.347473    -1.577    -3.023 50 56851.83766647 38.956
 223 309.812348   0.345327    -1.576    -2.443 51 56861.75332016 44.974
 224 309.809681   0.343359    -0.806    -0.588 51 56871.66897351 42.302
 225 309.808484   0.342659    -0.454    -1.914 51 56881.58462426 35.995
 226 309.807113   0.341749    -1.588    -2.387 52 56891.50027121 27.118
 227 309.804627   0.340403    -0.537     0.049 52 56901.41591476 31.856
 228 309.802009   0.338428     0.390     0.284 54 56911.33155600 37.775
 229 309.803358   0.339428    -0.591    -1.140 52 56921.24719645 44.401
 230 309.808750   0.343299    -1.012    -1.614 52 56931.16283568 45.808
 231 309.815839   0.347053    -1.267    -2.638 50 56941.07847003 45.175
 232 309.818961   0.349612    -2.245    -3.335 51 56950.99411108 29.316
 233 309.813725   0.346241     3.078     3.122 51 56960.90976157 23.886
 234 309.809637   0.343804    -1.281    -2.152 52 56970.82540763 33.137
 235 309.809408   0.343601    -1.984    -2.124 51 56980.74105072 44.619
 236 309.813053   0.345944    -1.010    -2.197 51 56990.65669032 45.395
 237 309.820291   0.350906    -2.314    -3.051 51 57000.57232439 44.874
 238 309.814530   0.345378    -1.644    -2.719 51 57010.48797913 29.492
 239 309.810639   0.344233     3.570     3.621 52 57020.40363085 28.388
 240 309.807565   0.342339     0.139     1.219 52 57030.31927921 27.666
 241 309.806813   0.341945    -1.305    -1.543 52 57040.23492607 44.422
 242 309.808027   0.342072    -1.276    -1.855 52 57050.15057098 47.774
 243 309.811549   0.344180    -1.491    -2.223 51 57060.06621250 44.145
 244 309.815369   0.346829    -1.479     0.019 51 57069.98184859 24.426
 245 309.818292   0.349093     3.461     3.518 51 57079.89748046 24.219
 246 309.817636   0.348648    -0.399     2.148 51 57089.81311952 24.454
 247 309.810981   0.344361    -1.030    -0.747 52 57099.72877639 39.195
 248 309.808392   0.342607    -0.894    -0.693 52 57109.64443106 46.780
 249 309.809541   0.343687    -1.693    -2.217 51 57119.56008112 45.792
 250 309.810279   0.344296    -1.104    -2.246 52 57129.47572493 46.556
 251 309.810632   0.344278    -2.136    -3.021 51 57139.39136286 29.019
 252 309.812653   0.345807     1.184     2.440 51 57149.30699737 25.212
 253 309.817791   0.349104    -1.915    -3.513 51 57159.22262957 32.909
 254 309.816731   0.347602    -1.999    -3.079 50 57169.13827905 44.963
 255 309.813959   0.345864    -1.282    -2.680 52 57179.05393370 46.266
 256 309.811269   0.344165    -0.991    -2.423 51 57188.96958438 45.483
 257 309.808931   0.342638    -1.244     0.256 52 57198.88523153 29.546
 258 309.807919   0.342640     3.669     3.722 51 57208.80086574 31.235
 259 309.808242   0.342507    -0.565    -1.123 51 57218.71651033 25.479
 260 309.810493   0.344564    -1.021    -2.271 51 57228.63215455 45.513
 261 309.812409   0.344703    -1.198    -2.413 51 57238.54779613 44.576
 262 309.814848   0.346182    -1.560    -2.640 51 57248.46343475 43.377
 263 309.817277   0.348776    -1.376    -2.184 51 57258.37907085 28.249
 264 309.818954   0.348932     3.901     4.228 51 57268.29470499 37.331
 265 309.816916   0.347382     2.815     3.020 51 57278.21035314 26.999
 266 309.814437   0.345919    -1.958    -2.857 51 57288.12600843 43.433
 267 309.812877   0.345667    -1.367    -2.411 51 57298.04166125 44.618
 268 309.811105   0.344075    -1.730    -2.308 52 57307.95731039 45.865
 269 309.808605   0.343670    -0.515    -0.734 52 57317.87295633 36.703
 270 309.805686   0.341323     2.739     3.158 52 57327.78859890 21.715
 271 309.805874   0.340750     2.575     2.974 52 57337.70424010 21.877
 272 309.806104   0.342019    -1.848    -1.735 52 57347.61988913 42.768
 273 309.806261   0.341021    -1.377    -1.699 52 57357.53553615 45.457
 274 309.807437   0.342326    -1.771    -1.617 52 57367.45118022 46.442
 275 309.808525   0.343382    -1.147    -1.495 52 57377.36682086 46.626
 276 309.810408   0.343621     2.684     2.696 51 57387.28245932 23.957
 277 309.814120   0.345277    -0.678    -0.855 51 57397.19809734 24.474
 278 309.819517   0.349480    -2.638    -4.096 52 57407.11373475 33.958
 279 309.817186   0.348429    -1.727    -1.988 51 57417.02938572 43.841
 280 309.812842   0.344714    -1.322    -1.954 51 57426.94503548 45.453
 281 309.809192   0.343651    -1.266    -1.872 51 57436.86068328 47.059
 282 309.806601   0.341247     3.070     3.102 52 57446.77632949 22.738
 283 309.807027   0.342587     3.911     3.981 52 57456.69197585 29.361
 284 309.809029   0.343023     3.068     3.064 51 57466.60761971 21.199
 285 309.813433   0.346382    -1.777    -2.205 51 57476.52326038 44.021
 286 309.816255   0.347648    -1.397    -1.904 51 57486.43889692 44.786
 287 309.818582   0.348852    -2.208    -2.768 51 57496.35453070 41.629
 288 309.820988   0.351034     3.085     3.054 51 57506.27016661 25.090
 289 309.815057   0.346010     2.400     3.592 51 57516.18582075 32.223
 290 309.812818   0.344600     0.370    -0.240 51 57526.10147332 28.410
 291 309.812278   0.345463    -0.569    -0.182 51 57536.01712411 45.778
 292 309.810558   0.344253    -0.370    -0.108 51 57545.93277172 46.065
 293 309.808712   0.342756     0.129     0.167 52 57555.84841773 45.825
 294 309.808479   0.342923    -0.780     0.430 51 57565.76406307 28.794
 295 309.809468   0.343812     3.410     3.665 51 57575.67970805 22.696
 296 309.810691   0.344584     1.304     2.674 51 57585.59535217 25.384
 297 309.811268   0.344365    -0.458     0.181 51 57595.51099385 45.622
