-237207.852    51.012     0.00    4.24
-236918.659    51.174     0.56    4.39
-236629.465    52.118     3.26    5.02
-236340.270    52.530     1.42    4.87
-236051.074    52.894     1.26    4.45
-235761.877    53.079     0.64    5.07
-235472.679    52.949    -0.45    5.45
-235183.479    52.159    -2.73    6.68
-234894.279    50.709    -5.01    6.92
-234605.078    49.220    -5.15    7.74
-234315.876    47.383    -6.35    8.78
-234026.673    46.517    -3.00    8.60
-233737.469    44.813    -5.89    7.70
-233448.263    43.412    -4.85    6.88
-233159.057    42.797    -2.13    6.33
-232869.850    41.383    -4.89    5.24
-232580.641    40.402    -3.39    4.36
-232291.432    40.142    -0.90    4.20
-232002.221    39.610    -1.84    4.25
-231713.010    38.814    -2.75    4.61
-231423.798    38.780    -0.12    4.53
-231134.584    38.697    -0.29    4.20
-230845.369    38.779     0.28    3.54
-230556.154    38.336    -1.53    3.67
-230266.937    37.938    -1.38    4.01
-229977.719    37.090    -2.93    4.05
-229688.501    35.396    -5.86    4.07
-229399.281    35.407     0.04    4.58
-229110.060    35.385    -0.07    4.97
-228820.838    35.711     1.12    6.04
-228531.615    36.573     2.98    7.09
-228242.391    37.538     3.34    7.16
-227953.166    38.813     4.41    6.19
-227663.940    38.862     0.17    5.64
-227374.713    38.900     0.13    4.67
-227085.484    38.745    -0.54    3.41
-226796.255    37.977    -2.66    4.26
-226507.025    35.966    -6.95    5.55
-226217.793    34.762    -4.16    5.58
-225928.561    34.152    -2.11    5.39
-225639.327    32.996    -4.00    5.88
-225350.093    32.495    -1.73    6.03
-225060.857    32.987     1.70    5.01
-224771.620    33.915     3.21    4.87
-224482.382    34.179     0.91    5.31
-224193.143    35.440     4.36    5.79
-223903.903    36.376     3.24    5.78
-223614.662    37.946     5.43    6.36
-223325.420    37.941    -0.02    7.67
-223036.177    37.295    -2.23    8.29
-222746.933    37.390     0.33    8.06
-222457.687    36.356    -3.57    7.67
-222168.441    35.918    -1.51    8.19
-221879.193    36.038     0.42    8.57
-221589.945    35.929    -0.38    8.34
-221300.695    37.339     4.87    7.54
-221011.444    37.090    -0.86    7.62
-220722.193    36.796    -1.02    7.86
-220432.940    36.870     0.25    8.29
-220143.686    36.203    -2.30    8.22
-219854.430    34.642    -5.40    8.67
-219565.174    34.648     0.02    9.38
-219275.917    34.661     0.05    9.27
-218986.659    33.796    -2.99    9.13
-218697.399    33.366    -1.49    8.14
-218408.138    32.955    -1.42    7.34
-218118.877    32.346    -2.11    7.27
-217829.614    32.237    -0.38    6.31
-217540.350    31.829    -1.41    5.21
-217251.085    31.987     0.54    4.77
-216961.819    32.815     2.86    4.35
-216672.552    33.648     2.88    4.63
-216383.284    34.695     3.62    5.43
-216094.014    36.296     5.53    5.14
-215804.744    38.245     6.74    4.79
-215515.472    39.056     2.80    5.05
-215226.199    39.400     1.19    5.49
-214936.925    39.487     0.30    5.82
-214647.651    38.795    -2.39    6.07
-214358.374    37.487    -4.52    6.78
-214069.097    35.678    -6.25    7.91
-213779.819    34.262    -4.89    7.87
-213490.540    33.068    -4.13    7.33
-213201.259    31.811    -4.34    7.13
-212911.977    30.349    -5.05    6.55
-212622.695    31.017     2.31    6.64
-212333.411    31.394     1.30    6.90
-212044.126    32.556     4.02    7.16
-211754.840    34.112     5.38    7.62
-211465.552    34.932     2.83    8.55
-211176.264    35.972     3.60    8.92
-210886.974    36.512     1.87    9.18
-210597.684    35.462    -3.63    8.90
-210308.392    35.349    -0.39    8.53
-210019.099    34.271    -3.73    8.47
-209729.805    33.615    -2.27    8.21
-209440.510    31.883    -5.99    8.02
-209151.213    30.474    -4.87    8.27
-208861.916    28.727    -6.04    7.59
-208572.617    28.221    -1.75    7.11
-208283.317    26.746    -5.10    5.72
-207994.017    25.746    -3.46    4.41
-207704.715    25.949     0.70    3.86
-207415.411    26.048     0.34    3.72
-207126.107    25.966    -0.28    3.74
-206836.802    25.762    -0.70    3.56
-206547.495    26.012     0.86    3.33
-206258.187    25.644    -1.27    3.77
-205968.878    24.745    -3.11    4.30
-205679.568    24.504    -0.83    4.42
-205390.257    24.969     1.61    4.82
-205100.944    24.796    -0.60    4.97
-204811.631    25.271     1.64    4.91
-204522.316    26.296     3.54    4.94
-204233.000    27.693     4.83    4.67
-203943.683    29.030     4.62    3.68
-203654.365    29.746     2.47    2.98
-203365.046    30.312     1.96    2.42
-203075.725    30.488     0.61    1.69
-202786.404    30.043    -1.54    2.51
-202497.081    29.625    -1.45    2.59
-202207.757    29.271    -1.22    2.42
-201918.432    28.900    -1.28    2.06
-201629.105    27.680    -4.22    3.58
-201339.778    27.107    -1.98    3.93
-201050.449    25.918    -4.11    4.49
-200761.119    25.056    -2.98    4.45
-200471.788    25.329     0.95    4.41
-200182.456    25.496     0.58    4.38
-199893.123    24.900    -2.06    4.96
-199603.788    23.462    -4.97    6.17
-199314.452    21.977    -5.13    7.02
-199025.115    20.452    -5.27    7.51
-198735.777    19.713    -2.55    7.47
-198446.438    19.254    -1.59    7.36
-198157.097    19.156    -0.34    7.32
-197867.756    18.834    -1.11    7.00
-197578.413    20.676     6.37    6.63
-197289.069    21.644     3.34    5.97
-196999.724    22.062     1.45    5.74
-196710.377    21.295    -2.65    5.87
-196421.030    20.236    -3.66    6.32
-196131.681    20.312     0.26    6.13
-195842.331    20.637     1.12    6.25
-195552.980    22.025     4.79    6.21
-195263.627    22.678     2.26    6.23
-194974.274    23.593     3.16    5.43
-194684.919    25.038     5.00    3.59
-194395.563    24.849    -0.66    3.29
-194106.206    24.129    -2.49    3.28
-193816.847    23.135    -3.43    3.45
-193527.488    22.029    -3.82    3.51
-193238.127    21.508    -1.80    3.74
-192948.765    21.370    -0.48    4.41
-192659.401    21.949     2.00    5.11
-192370.037    22.987     3.59    5.77
-192080.671    24.418     4.95    6.02
-191791.304    25.745     4.59    5.70
-191501.936    26.813     3.69    4.50
-191212.567    27.366     1.91    3.27
-190923.197    27.566     0.69    1.66
-190633.825    27.346    -0.76    1.77
-190344.452    27.169    -0.61    1.76
-190055.078    27.123    -0.16    1.72
-189765.702    26.918    -0.71    1.69
-189476.326    26.447    -1.63    1.66
-189186.948    25.795    -2.25    2.21
-188897.569    25.390    -1.40    2.19
-188608.188    25.246    -0.50    2.17
-188318.807    25.452     0.71    1.90
-188029.424    25.211    -0.83    2.08
-187740.040    25.090    -0.42    2.25
-187450.655    24.642    -1.55    2.62
-187161.268    24.221    -1.45    2.71
-186871.881    23.245    -3.37    2.75
-186582.492    21.390    -6.41    3.40
-186293.102    19.798    -5.50    3.44
-186003.710    19.169    -2.17    4.36
-185714.318    19.537     1.27    4.51
-185424.924    20.176     2.21    4.37
-185135.528    21.356     4.08    4.91
-184846.132    22.607     4.32    5.18
-184556.734    24.418     6.26    3.90
-184267.336    25.446     3.55    3.16
-183977.936    26.051     2.09    3.08
-183688.534    25.730    -1.11    3.42
-183399.132    24.852    -3.04    4.18
-183109.728    23.462    -4.80    4.80
-182820.503    22.061    -4.85    5.10
-182531.366    21.353    -2.45    6.14
-182242.228    19.844    -5.22    5.95
-181953.088    19.004    -2.91    6.13
-181663.948    18.525    -1.66    6.35
-181374.806    16.745    -6.16    4.66
-181085.663    16.369    -1.30    4.15
-180796.518    15.576    -2.74    2.76
-180507.373    15.746     0.59    3.27
-180218.226    16.390     2.23    4.46
-179929.077    17.387     3.45    5.18
-179639.928    18.847     5.05    6.10
-179350.777    20.142     4.48    6.71
-179061.625    21.129     3.41    6.84
-178772.472    22.429     4.50    6.81
-178483.317    23.866     4.97    5.93
-178194.162    24.797     3.22    6.01
-177905.005    26.573     6.14    6.35
-177615.846    27.496     3.19    7.31
-177326.687    28.712     4.20    7.64
-177037.526    30.254     5.33    8.10
-176748.363    30.780     1.82    8.87
-176459.200    30.201    -2.00    8.88
-176170.035    30.162    -0.13    8.52
-175880.869    30.162     0.00    8.29
-175591.702    29.295    -3.00    8.26
-175302.533    28.762    -1.84    6.71
-175013.364    29.349     2.03    6.17
-174724.192    30.695     4.65    5.05
-174435.020    32.642     6.73    2.93
-174145.846    33.156     1.78    2.93
-173856.671    33.090    -0.23    3.72
-173567.495    32.452    -2.21    5.13
-173278.317    33.021     1.97    6.51
-172989.138    33.678     2.27    7.47
-172699.958    35.262     5.48    8.30
-172410.777    36.831     5.43    8.20
-172121.594    39.896    10.60    8.31
-171832.410    43.334    11.89    7.26
-171543.225    45.556     7.68    6.28
-171254.038    47.512     6.77    5.13
-170964.850    49.000     5.14    5.11
-170675.661    50.214     4.20    4.80
-170386.470    51.334     3.87    5.02
-170097.278    52.659     4.58    5.12
-169808.085    54.056     4.83    5.65
-169518.890    55.029     3.37    5.34
-169229.695    56.488     5.05    4.70
-168940.498    56.538     0.17    4.61
-168651.299    56.879     1.18    4.28
-168362.099    56.464    -1.43    4.30
-168072.898    54.353    -7.30    5.18
-167783.696    52.579    -6.13    6.36
-167494.492    49.813    -9.56    6.62
-167205.287    47.625    -7.57    6.38
-166916.081    46.262    -4.71    6.29
-166626.873    45.379    -3.05    6.05
-166337.664    45.435     0.19    6.26
-166048.454    45.729     1.02    6.46
-165759.242    46.646     3.17    6.71
-165470.029    47.815     4.04    6.84
-165180.815    49.305     5.15    6.69
-164891.599    50.469     4.03    6.25
-164602.382    51.129     2.28    5.27
-164313.164    50.627    -1.74    5.20
-164023.945    50.593    -0.12    5.28
-163734.724    50.090    -1.74    5.12
-163445.501    49.183    -3.13    4.89
-163156.278    47.946    -4.28    5.10
-162867.053    46.612    -4.61    5.70
-162577.826    45.369    -4.30    5.85
-162288.599    44.142    -4.24    6.00
-161999.370    43.349    -2.74    5.56
-161710.140    43.525     0.61    5.84
-161420.908    45.262     6.01    6.82
-161131.675    46.992     5.98    7.12
-160842.440    48.435     4.99    6.45
-160553.205    51.107     9.24    5.11
-160263.968    52.021     3.16    4.65
-159974.729    52.607     2.03    4.25
-159685.490    52.846     0.82    4.46
-159396.248    52.176    -2.31    4.53
-159107.006    51.562    -2.12    4.86
-158817.762    49.941    -5.61    4.93
-158528.517    48.004    -6.70    5.02
-158239.271    46.746    -4.35    4.80
-157950.023    45.135    -5.57    4.96
-157660.773    44.579    -1.92    4.70
-157371.523    43.548    -3.56    4.74
-157082.271    42.280    -4.39    5.61
-156793.017    41.746    -1.85    5.92
-156503.763    41.579    -0.58    6.34
-156214.507    40.988    -2.04    5.95
-155925.249    40.469    -1.79    5.75
-155635.990    36.812   -12.64    8.89
-155346.730    34.219    -8.97   10.54
-155057.469    31.546    -9.24   10.72
-154768.206    28.135   -11.79    9.96
-154478.941    24.695   -11.89    9.71
-154189.676    21.712   -10.31    7.47
-153900.409    21.952     0.83    6.29
-153611.140    21.546    -1.40    6.32
-153321.870    21.987     1.52    6.24
-153032.599    22.172     0.64    6.20
-152743.327    23.262     3.77    5.85
-152454.053    25.657     8.28    5.18
-152164.777    26.983     4.58    5.25
-151875.501    29.883    10.03    5.06
-151586.223    31.946     7.13    4.84
-151296.943    32.796     2.94    4.40
-151007.662    33.932     3.93    3.90
-150718.380    34.262     1.14    4.04
-150429.096    34.495     0.80    4.12
-150139.811    35.101     2.10    4.05
-149850.525    35.491     1.35    4.03
-149561.237    35.929     1.51    4.23
-149271.947    36.831     3.12    4.15
-148982.657    36.727    -0.36    4.22
-148693.365    37.329     2.08    4.25
-148404.071    37.814     1.68    4.07
-148114.776    38.312     1.72    4.01
-147825.480    38.538     0.78    3.96
-147536.182    38.797     0.89    3.83
-147246.883    39.176     1.31    3.97
-146957.583    39.452     0.95    3.84
-146668.281    39.926     1.64    3.81
-146378.978    39.849    -0.27    3.62
-146089.673    40.542     2.40    3.70
-145800.367    40.548     0.02    3.47
-145511.059    41.271     2.50    3.33
-145221.750    42.069     2.76    3.42
-144932.440    42.678     2.10    3.46
-144643.128    44.000     4.57    3.51
-144353.815    44.900     3.11    3.56
-144064.500    45.693     2.74    3.21
-143775.184    46.254     1.94    3.03
-143485.867    46.362     0.37    3.05
-143196.548    45.795    -1.96    3.16
-142907.227    45.459    -1.16    3.33
-142617.906    44.612    -2.93    3.44
-142328.583    44.412    -0.69    3.66
-142039.258    44.156    -0.88    3.81
-141749.932    43.546    -2.11    4.13
-141460.604    43.745     0.69    4.15
-141171.275    43.610    -0.47    4.23
-140881.945    42.995    -2.13    4.28
-140592.613    42.412    -2.01    4.39
-140303.280    42.396    -0.06    4.31
-140013.945    42.446     0.17    4.09
-139724.609    43.373     3.20    3.78
-139435.272    43.852     1.66    3.99
-139145.933    45.051     4.14    4.56
-138856.592    46.142     3.77    4.55
-138567.251    47.593     5.02    4.09
-138277.907    48.429     2.89    3.92
-137988.562    48.849     1.45    3.93
-137699.216    49.193     1.19    3.97
-137409.869    49.125    -0.24    3.96
-137120.519    48.779    -1.19    3.88
-136831.169    48.390    -1.35    3.76
-136541.817    48.051    -1.17    4.06
-136252.463    47.745    -1.06    4.16
-135963.108    47.201    -1.88    4.06
-135673.752    47.074    -0.44    4.21
-135384.394    47.562     1.69    4.12
-135095.035    48.117     1.92    3.67
-134805.674    48.441     1.12    3.92
-134516.312    49.504     3.67    3.90
-134226.948    50.966     5.05    4.80
-133937.583    52.056     3.77    4.79
-133648.216    53.517     5.05    4.96
-133358.848    54.090     1.98    4.88
-133069.479    54.245     0.54    5.20
-132780.108    54.366     0.42    5.44
-132490.735    54.118    -0.86    5.38
-132201.361    53.943    -0.61    5.07
-131911.986    54.625     2.36    5.11
-131622.609    56.996     8.19    5.91
-131333.230    59.084     7.22    6.18
-131043.850    61.159     7.17    6.00
-130754.469    62.896     6.00    5.70
-130465.086    64.796     6.57    5.06
-130175.702    66.418     5.60    4.02
-129886.316    66.637     0.76    3.94
-129596.929    66.068    -1.97    4.54
-129307.540    64.779    -4.45    5.14
-129018.150    64.221    -1.93    4.90
-128728.758    62.908    -4.54    5.08
-128439.365    62.073    -2.88    4.02
-128149.970    62.196     0.42    4.84
-127860.574    63.173     3.38    5.23
-127571.176    64.058     3.06    5.53
-127281.777    65.407     4.66    5.56
-126992.376    65.983     1.99    5.25
-126702.974    66.866     3.05    5.05
-126413.570    67.341     1.64    4.85
-126124.165    67.135    -0.71    4.93
-125834.758    67.228     0.32    5.84
-125545.350    67.500     0.94    6.03
-125255.940    67.712     0.73    5.78
-124966.529    68.209     1.72    5.66
-124677.116    67.762    -1.54    5.43
-124387.702    67.762     0.00    5.15
-124098.286    68.008     0.85    4.89
-123808.869    68.814     2.78    4.98
-123519.450    69.779     3.34    5.22
-123230.030    70.711     3.22    5.68
-122940.608    72.289     5.45    6.53
-122651.185    74.500     7.64    6.47
-122361.760    75.779     4.42    5.84
-122072.334    75.795     0.06    5.94
-121782.906    76.464     2.31    5.50
-121493.477    76.056    -1.41    5.41
-121204.046    75.562    -1.70    5.41
-120914.613    74.440    -3.88    5.13
-120625.313    73.238    -4.16    4.78
-120336.208    72.659    -2.00    4.35
-120047.101    73.280     2.15    4.35
-119757.994    73.331     0.18    4.46
-119468.884    72.118    -4.20    4.96
-119179.773    71.500    -2.14    5.28
-118890.661    70.331    -4.04    6.06
-118601.547    68.000    -8.06    5.90
-118312.431    66.209    -6.19    5.34
-118023.314    64.179    -7.02    4.38
-117734.195    62.599    -5.47    4.09
-117445.075    60.864    -6.00    4.16
-117155.954    60.012    -2.95    3.88
-116866.830    59.066    -3.27    4.00
-116577.706    58.068    -3.45    4.04
-116288.579    56.593    -5.10    3.95
-115999.452    55.879    -2.47    3.93
-115710.322    54.779    -3.81    3.85
-115421.191    53.798    -3.39    3.97
-115132.059    52.112    -5.83    4.47
-114842.925    50.941    -4.05    4.65
-114553.789    50.117    -2.85    4.65
-114264.652    49.661    -1.58    4.30
-113975.513    49.457    -0.70    4.56
-113686.373    49.331    -0.44    4.87
-113397.232    49.469     0.48    4.94
-113108.088    49.262    -0.72    4.96
-112818.943    49.407     0.50    5.05
-112529.797    48.894    -1.77    5.06
-112240.649    48.017    -3.03    4.71
-111951.499    46.637    -4.77    4.36
-111662.348    46.000    -2.21    5.23
-111373.196    45.038    -3.32    5.43
-111084.041    45.058     0.07    5.21
-110794.886    45.711     2.26    5.11
-110505.728    46.339     2.17    5.20
-110216.569    45.918    -1.46    5.81
-109927.409    45.209    -2.45    6.53
-109638.247    44.596    -2.12    7.35
-109349.083    43.762    -2.88    8.10
-109059.918    43.058    -2.44    8.88
-108770.751    41.969    -3.76    8.49
-108481.583    43.125     3.99    8.00
-108192.413    43.467     1.19    6.96
-107903.242    44.152     2.37    6.03
-107614.069    44.796     2.23    5.11
-107324.894    45.657     2.98    4.15
-107035.718    45.900     0.84    3.42
-106746.540    45.366    -1.85    3.24
-106457.360    44.193    -4.05    3.87
-106168.180    43.976    -0.75    4.42
-105878.997    43.607    -1.27    4.65
-105589.813    42.407    -4.15    4.56
-105300.627    42.495     0.30    4.68
-105011.440    43.084     2.04    5.07
-104722.251    44.631     5.35    5.51
-104433.060    46.152     5.26    4.85
-104143.868    46.846     2.40    4.85
-103854.675    47.973     3.90    3.93
-103565.479    48.090     0.40    3.72
-103276.282    47.279    -2.80    3.94
-102987.084    46.446    -2.88    4.23
-102697.884    45.279    -4.04    4.06
-102408.682    44.923    -1.23    4.12
-102119.479    44.146    -2.69    4.01
-101830.274    43.512    -2.19    3.96
-101541.068    42.230    -4.43    5.30
-101251.859    40.610    -5.60    5.86
-100962.650    39.864    -2.58    6.11
-100673.438    38.237    -5.63    5.94
-100384.226    36.166    -7.16    5.54
-100095.011    36.162    -0.01    5.85
 -99805.795    35.576    -2.03    5.55
 -99516.577    37.451     6.48    6.96
 -99227.358    39.596     7.42    7.75
 -98938.137    42.405     9.71    7.91
 -98648.914    44.474     7.15    6.64
 -98359.690    45.883     4.87    4.49
 -98070.464    45.599    -0.98    4.13
 -97781.237    45.203    -1.37    4.40
 -97492.008    43.983    -4.22    4.06
 -97202.777    43.262    -2.49    3.97
 -96913.544    41.675    -5.49    3.83
 -96624.311    40.172    -5.19    4.45
 -96335.075    37.237   -10.15    7.23
 -96045.838    34.008   -11.16    8.50
 -95756.599    30.452   -12.30    8.77
 -95467.358    28.131    -8.03    8.07
 -95178.116    26.877    -4.33    6.91
 -94888.873    27.196     1.10    6.13
 -94599.627    27.429     0.81    5.58
 -94310.380    29.429     6.91    5.08
 -94021.132    31.487     7.11    4.29
 -93731.881    33.228     6.02    5.06
 -93442.629    35.056     6.32    5.79
 -93153.376    36.976     6.64    6.25
 -92864.121    39.349     8.20    5.98
 -92574.864    41.915     8.87    5.21
 -92285.605    44.209     7.93    4.85
 -91996.345    45.949     6.02    5.41
 -91707.083    47.150     4.15    5.04
 -91417.820    47.693     1.88    4.88
 -91128.555    47.627    -0.23    5.23
 -90839.288    47.952     1.12    5.23
 -90550.020    48.452     1.73    4.96
 -90260.749    48.562     0.38    4.48
 -89971.478    48.440    -0.42    4.13
 -89682.204    47.569    -3.01    4.28
 -89392.929    47.512    -0.20    4.46
 -89103.653    46.679    -2.88    4.62
 -88814.374    46.938     0.89    4.37
 -88525.094    46.908    -0.10    4.02
 -88235.813    48.162     4.34    4.64
 -87946.529    48.987     2.85    5.02
 -87657.244    50.169     4.09    4.44
 -87367.958    49.727    -1.53    4.80
 -87078.669    49.279    -1.55    4.91
 -86789.379    48.915    -1.26    5.17
 -86500.088    49.107     0.66    5.09
 -86210.794    49.678     1.97    5.29
 -85921.499    50.995     4.55    5.89
 -85632.203    52.186     4.12    6.18
 -85342.904    55.004     9.74    6.37
 -85053.604    56.862     6.42    5.72
 -84764.302    57.254     1.35    5.60
 -84474.999    57.349     0.33    5.53
 -84185.694    55.883    -5.07    6.55
 -83896.387    53.366    -8.70    7.64
 -83607.079    50.713    -9.17    7.84
 -83317.768    47.900    -9.72    6.69
 -83028.457    45.237    -9.21    5.43
 -82739.143    43.659    -5.45    4.72
 -82449.828    42.955    -2.43    3.44
 -82160.511    42.189    -2.65    3.61
 -81871.192    41.762    -1.47    4.45
 -81581.872    41.517    -0.85    4.99
 -81292.550    41.131    -1.33    5.00
 -81003.226    40.952    -0.62    4.63
 -80713.901    40.512    -1.52    4.12
 -80424.574    39.590    -3.19    3.42
 -80135.245    38.992    -2.07    2.92
 -79845.915    38.952    -0.14    2.68
 -79556.583    39.004     0.18    2.70
 -79267.249    39.012     0.03    2.62
 -78977.913    38.662    -1.21    2.84
 -78688.576    38.446    -0.75    3.12
 -78399.237    38.159    -0.99    3.05
 -78109.896    38.762     2.09    3.95
 -77820.554    38.120    -2.22    3.66
 -77531.210    37.849    -0.94    3.33
 -77241.864    37.678    -0.59    2.61
 -76952.516    37.796     0.41    2.80
 -76663.167    38.418     2.15    3.30
 -76373.816    38.852     1.50    3.49
 -76084.463    40.029     4.07    4.24
 -75795.109    40.262     0.81    3.93
 -75505.753    40.891     2.17    4.54
 -75216.395    41.959     3.69    5.43
 -74927.036    41.935    -0.08    5.96
 -74637.674    41.983     0.17    6.20
 -74348.311    43.923     6.71    8.07
 -74058.946    46.746     9.76    9.32
 -73769.580    49.983    11.18    9.35
 -73480.212    52.462     8.57    8.29
 -73190.842    53.952     5.15    7.17
 -72901.470    54.280     1.13    6.40
 -72612.097    53.046    -4.27    6.79
 -72322.722    51.469    -5.45    6.64
 -72033.345    50.894    -1.99    6.34
 -71743.966    51.246     1.22    6.02
 -71454.586    51.780     1.84    6.25
 -71165.204    52.400     2.14    6.18
 -70875.820    54.573     7.51    6.33
 -70586.434    55.861     4.45    6.08
 -70297.047    57.176     4.55    6.25
 -70007.658    58.356     4.08    6.05
 -69718.267    59.693     4.62    5.38
 -69428.875    60.620     3.20    5.31
 -69139.481    62.311     5.84    6.18
 -68850.085    62.296    -0.05    5.55
 -68560.687    63.041     2.58    5.16
 -68271.287    63.306     0.92    5.28
 -67981.886    64.521     4.20    5.43
 -67692.483    65.912     4.81    5.02
 -67403.078    66.695     2.70    5.01
 -67113.672    68.229     5.30    4.45
 -66824.263    69.125     3.09    4.17
 -66534.853    69.625     1.73    3.67
 -66245.441    69.538    -0.30    3.62
 -65956.028    69.562     0.08    3.75
 -65666.612    70.451     3.07    3.94
 -65377.195    70.400    -0.17    3.81
 -65087.776    70.896     1.71    3.51
 -64798.356    70.640    -0.89    3.88
 -64508.933    70.000    -2.21    4.19
 -64219.509    68.629    -4.74    4.76
 -63930.083    67.462    -4.03    4.87
 -63640.655    65.412    -7.08    4.68
 -63351.226    64.004    -4.87    4.61
 -63061.795    63.966    -0.13    4.68
 -62772.362    63.383    -2.01    4.22
 -62482.927    64.205     2.84    4.35
 -62193.490    64.412     0.72    4.72
 -61904.052    65.191     2.69    5.10
 -61614.611    66.504     4.54    5.18
 -61325.170    67.816     4.53    4.87
 -61035.726    68.812     3.44    4.82
 -60746.280    70.898     7.21    6.44
 -60456.833    73.079     7.54    7.87
 -60167.384    75.987    10.04    7.55
 -59877.933    78.183     7.59    7.54
 -59588.480    81.186    10.37    8.96
 -59299.026    84.305    10.77    8.66
 -59009.570    86.601     7.93    8.70
 -58720.111    88.280     5.80    8.44
 -58430.705    90.521     7.74    7.41
 -58141.633    92.142     5.61    6.22
 -57852.559    92.004    -0.48    5.38
 -57563.483    92.287     0.98    4.83
 -57274.406    92.693     1.41    4.26
 -56985.327    93.469     2.68    4.03
 -56696.246    93.849     1.31    4.26
 -56407.163    94.627     2.69    4.05
 -56118.078    95.029     1.39    4.01
 -55828.992    95.573     1.88    4.21
 -55539.903    95.246    -1.13    4.99
 -55250.813    94.120    -3.90    6.70
 -54961.721    92.400    -5.95    7.10
 -54672.628    92.162    -0.82    7.35
 -54383.532    92.423     0.90    7.33
 -54094.435    90.877    -5.35    7.97
 -53805.336    88.995    -6.51    8.68
 -53516.235    88.056    -3.25    8.21
 -53227.132    86.903    -3.99    7.92
 -52938.028    85.576    -4.59    7.89
 -52648.921    85.112    -1.60    7.68
 -52359.813    84.366    -2.58    7.23
 -52070.703    84.696     1.14    7.50
 -51781.591    83.866    -2.87    7.42
 -51492.478    82.976    -3.08    7.97
 -51203.362    80.096    -9.96    9.18
 -50914.245    79.346    -2.59    8.72
 -50625.126    78.412    -3.23    9.20
 -50336.005    77.469    -3.26    8.82
 -50046.882    78.339     3.01    9.57
 -49757.757    81.349    10.41   10.69
 -49468.631    85.172    13.22    8.63
 -49179.503    87.262     7.23    7.24
 -48890.373    87.941     2.35    7.64
 -48601.241    87.314    -2.17    7.89
 -48312.107    87.084    -0.80    8.22
 -48022.971    85.697    -4.80    8.61
 -47733.834    84.237    -5.05   10.28
 -47444.695    82.662    -5.45   11.60
 -47155.554    79.849    -9.73   12.87
 -46866.411    78.236    -5.58   13.30
 -46577.266    76.440    -6.21   13.82
 -46288.119    75.322    -3.87   13.24
 -45998.971    72.069   -11.25   12.32
 -45709.821    69.814    -7.80   10.12
 -45420.668    68.314    -5.19    8.04
 -45131.514    66.952    -4.71    7.71
 -44842.358    66.107    -2.92    7.00
 -44553.201    65.303    -2.78    6.57
 -44264.041    63.383    -6.64    6.05
 -43974.880    62.383    -3.46    5.94
 -43685.716    62.004    -1.31    6.56
 -43396.551    62.118     0.40    7.21
 -43107.384    60.729    -4.80    7.96
 -42818.215    58.262    -8.53    8.64
 -42529.045    56.746    -5.24    8.06
 -42239.872    56.780     0.12    8.33
 -41950.698    55.659    -3.88    6.81
 -41661.521    56.562     3.12    7.59
 -41372.343    57.034     1.63    7.85
 -41083.163    58.566     5.30    7.89
 -40793.981    59.887     4.57    8.21
 -40504.797    61.607     5.95    8.46
 -40215.612    61.477    -0.45    8.35
 -39926.424    60.762    -2.47    9.16
 -39637.235    59.029    -5.99    9.64
 -39348.044    56.711    -8.02   10.11
 -39058.851    54.029    -9.27   10.34
 -38769.655    51.280    -9.51    7.80
 -38480.459    50.549    -2.53    7.40
 -38191.260    50.312    -0.82    6.29
 -37902.059    50.579     0.92    6.00
 -37612.857    52.046     5.07    6.29
 -37323.652    52.969     3.19    6.05
 -37034.446    55.068     7.25    6.25
 -36745.238    55.952     3.06    5.84
 -36456.028    56.615     2.29    7.25
 -36166.816    56.396    -0.76    7.49
 -35877.602    56.209    -0.65    7.44
 -35588.386    55.935    -0.95    6.50
 -35299.168    56.280     1.19    6.13
 -35009.949    57.146     2.99    6.62
 -34720.727    57.203     0.20    6.56
 -34431.504    56.029    -4.06    6.45
 -34142.279    54.831    -4.14    6.86
 -33853.052    53.622    -4.18    7.12
 -33563.823    51.712    -6.61    7.13
 -33274.592    50.220    -5.16    7.38
 -32985.359    48.827    -4.82    6.72
 -32696.124    47.400    -4.93    5.73
 -32406.887    46.521    -3.04    5.54
 -32117.649    46.176    -1.19    5.68
 -31828.408    45.935    -0.83    5.55
 -31539.166    45.172    -2.64    5.43
 -31249.922    44.831    -1.18    4.25
 -30960.676    43.107    -5.96    5.18
 -30671.427    41.262    -6.38    6.24
 -30382.177    39.746    -5.24    6.30
 -30092.925    38.779    -3.34    5.92
 -29803.672    38.331    -1.55    5.56
 -29514.416    39.196     2.99    6.44
 -29225.158    40.495     4.49    7.00
 -28935.899    42.331     6.35    7.13
 -28646.637    45.379    10.54    6.35
 -28357.374    47.101     5.95    6.42
 -28068.108    48.107     3.48    5.38
 -27778.841    48.923     2.82    5.05
 -27489.572    48.987     0.22    4.78
 -27200.300    48.142    -2.92    4.93
 -26911.027    46.435    -5.90    5.31
 -26621.752    44.579    -6.41    5.70
 -26332.475    42.607    -6.82    5.54
 -26043.196    40.262    -8.11    6.03
 -25753.916    37.622    -9.13    7.11
 -25464.633    34.956    -9.22    7.47
 -25175.348    32.462    -8.62    6.78
 -24886.062    31.362    -3.80    6.55
 -24596.773    30.661    -2.43    5.72
 -24307.482    31.271     2.11    5.79
 -24018.190    32.779     5.21    6.60
 -23728.896    35.831    10.55    6.79
 -23439.599    37.517     5.82    6.10
 -23150.301    39.829     7.99    5.30
 -22861.001    40.903     3.71    4.43
 -22571.698    41.625     2.49    4.52
 -22282.394    42.038     1.43    4.60
 -21993.088    42.429     1.35    4.82
 -21703.780    42.407    -0.08    6.16
 -21414.470    42.373    -0.12    6.99
 -21125.158    42.711     1.17    7.32
 -20835.844    43.183     1.63    8.04
 -20546.528    44.096     3.15    9.08
 -20257.210    46.279     7.55    9.53
 -19967.891    46.343     0.22    9.08
 -19678.569    44.903    -4.98   10.63
 -19389.245    42.090    -9.72   12.03
 -19099.919    39.390    -9.33   13.19
 -18810.592    35.849   -12.24   12.71
 -18521.262    32.172   -12.71   11.16
 -18231.931    29.590    -8.92    9.96
 -17942.597    26.642   -10.19    8.57
 -17653.261    24.538    -7.27    7.40
 -17363.924    23.396    -3.95    6.90
 -17074.584    22.631    -2.64    6.95
 -16785.243    20.866    -6.10    6.74
 -16495.900    19.812    -3.64    6.84
 -16206.554    17.780    -7.02    7.69
 -15917.207    16.435    -4.65    7.66
 -15627.857    13.796    -9.12    7.25
 -15338.506    11.508    -7.91    6.58
 -15049.153    11.517     0.03    6.51
 -14759.797    11.745     0.79    7.20
 -14470.440    12.881     3.93    9.26
 -14181.081    14.356     5.10    9.74
 -13891.720    15.172     2.82   10.99
 -13602.356    17.238     7.14   11.07
 -13312.991    18.383     3.96   11.37
 -13023.624    20.462     7.19   12.70
 -12734.254    21.405     3.26   12.50
 -12444.883    20.172    -4.26   12.87
 -12155.510    19.879    -1.01   12.33
 -11866.135    17.512    -8.18   12.17
 -11576.758    15.866    -5.69   10.75
 -11287.378    15.137    -2.52    9.50
 -10997.997    14.186    -3.29    8.82
 -10708.614    15.056     3.00    8.41
 -10419.229    15.156     0.35    8.57
 -10129.841    16.542     4.79    9.76
  -9840.452    17.710     4.04   10.57
  -9551.061    18.659     3.28   11.18
  -9261.668    19.969     4.53   11.62
  -8972.272    20.467     1.72   11.80
  -8682.875    20.659     0.66   11.14
  -8393.476    19.051    -5.56   11.04
  -8104.074    17.573    -5.11   10.16
  -7814.671    16.727    -2.92    9.48
  -7525.266    16.369    -1.24    9.38
  -7235.858    16.012    -1.23    9.12
  -6946.449    16.012     0.00   10.17
  -6657.038    16.394     1.32   10.08
  -6367.624    17.504     3.83   11.24
  -6078.209    18.186     2.36   11.53
  -5788.791    17.373    -2.81   11.10
  -5499.372    17.479     0.37   11.45
  -5209.950    17.418    -0.21   10.82
  -4920.527    15.142    -7.86   10.89
  -4631.101    13.745    -4.83    9.99
  -4341.674    12.046    -5.87    9.01
  -4052.244    10.288    -6.07    8.07
  -3762.812     8.780    -5.21    6.71
  -3473.379     8.162    -2.13    6.81
  -3183.943     8.710     1.89    7.23
  -2894.505     8.949     0.83    7.75
  -2605.065     8.796    -0.53    8.68
  -2315.623     8.262    -1.84    9.58
  -2026.179     8.562     1.04    9.99
  -1736.733     8.412    -0.52   10.16
  -1447.286     6.847    -5.40    9.03
  -1157.835     4.676    -7.50    7.58
   -868.383     3.254    -4.91    6.02
   -578.929     2.615    -2.21    5.66
   -289.473     1.359    -4.34    4.64
     -0.015     1.356    -0.01    4.68
    289.445     1.173    -0.63    4.93
    578.908     1.230     0.20    4.72
    868.372     0.879    -1.21    4.04
   1157.839     1.212     1.15    3.54
   1447.307     1.883     2.32    3.91
   1736.778     2.236     1.22    4.24
   2026.250     2.898     2.29    4.79
   2315.725     3.508     2.11    5.08
   2605.202     4.311     2.77    5.46
   2894.680     4.693     1.32    5.19
   3184.161     4.831     0.48    4.75
   3473.644     4.831     0.00    4.30
   3763.129     4.469    -1.25    3.69
   4052.229     3.582    -3.07    3.49
   4341.272     2.745    -2.90    3.30
   4630.318     1.676    -3.70    2.83
   4919.365     0.883    -2.74    2.57
   5208.415     0.034    -2.94    1.88
   5497.467     0.053     0.07    2.69
   5786.521     1.237     4.10    4.63
   6075.577     3.629     8.28    6.95
   6364.634     6.236     9.02    8.50
   6653.694     9.366    10.83    9.14
   6942.757    12.796    11.87    8.81
   7231.821    15.610     9.74    7.60
   7520.887    17.596     6.87    6.08
   7809.955    18.262     2.31    5.05
   8099.026    19.056     2.74    5.02
   8388.098    18.816    -0.83    4.90
   8677.173    18.123    -2.40    4.79
   8966.249    18.844     2.50    4.63
   9255.328    18.366    -1.66    4.61
   9544.409    16.169    -7.60    6.19
   9833.492    16.038    -0.45    6.13
  10122.577    16.029    -0.03    6.47
  10411.664    16.546     1.79    6.87
  10700.753    16.396    -0.52    6.80
  10989.844    16.312    -0.29    6.91
  11278.937    16.642     1.14    6.88
  11568.033    16.996     1.22    6.86
  11857.130    17.642     2.23    6.73
  12146.230    16.877    -2.64    6.72
  12435.332    16.303    -1.98    6.97
  12724.436    16.298    -0.02    6.66
  13013.542    15.193    -3.82    6.41
  13302.650    14.602    -2.05    6.57
  13591.760    13.238    -4.72    6.41
  13880.872    12.220    -3.52    6.19
  14169.986    12.146    -0.26    6.38
  14459.103    11.969    -0.61    6.69
  14748.221    11.745    -0.78    6.95
  15037.342    12.129     1.33    7.02
  15326.465    13.659     5.29    7.55
  15615.590    15.712     7.10    7.72
  15904.717    17.423     5.92    7.12
  16193.846    19.073     5.70    6.49
  16482.977    19.780     2.44    6.00
  16772.110    20.797     3.52    5.46
  17061.246    20.631    -0.57    5.62
  17350.383    20.107    -1.81    5.80
  17639.523    19.418    -2.39    6.17
  17928.665    19.004    -1.43    6.26
  18217.809    18.814    -0.66    6.09
  18506.955    17.682    -3.92    6.69
  18796.103    16.779    -3.12    6.90
  19085.254    15.610    -4.04    7.05
  19374.406    14.918    -2.39    6.64
  19663.561    14.314    -2.09    6.40
  19952.717    14.396     0.28    6.49
  20241.876    14.646     0.86    6.42
  20531.037    15.279     2.19    5.78
  20820.200    16.073     2.75    5.00
  21109.366    16.847     2.68    4.16
  21398.533    16.780    -0.23    3.35
  21687.703    15.396    -4.79    3.49
  21976.874    13.828    -5.42    3.44
  22266.048    12.797    -3.57    3.75
  22555.224    12.152    -2.23    3.81
  22844.402    11.038    -3.85    3.55
  23133.583    10.512    -1.82    3.29
  23422.765    10.162    -1.21    3.15
  23711.950    10.262     0.35    3.04
  24001.136     9.695    -1.96    3.31
  24290.325     9.412    -0.98    3.46
  24579.516     8.929    -1.67    3.51
  24868.709     8.625    -1.05    3.21
  25157.905     8.402    -0.77    2.83
  25447.102     8.644     0.84    2.80
  25736.302     9.107     1.60    2.34
  26025.504     9.366     0.89    2.21
  26314.708     9.423     0.20    2.17
  26603.914     9.186    -0.82    2.04
  26893.122     9.203     0.06    2.03
  27182.333     9.346     0.49    1.99
  27471.545     8.797    -1.90    1.82
  27760.760     8.441    -1.23    2.14
  28049.977     8.229    -0.73    2.61
  28339.196     7.883    -1.20    3.04
  28628.417     7.629    -0.88    3.61
  28917.641     7.508    -0.42    4.10
  29206.866     7.987     1.65    4.56
  29496.094     9.021     3.58    4.53
  29785.324     9.573     1.91    5.39
  30074.556     9.533    -0.14    5.89
  30363.791     9.487    -0.16    6.23
  30653.027    10.101     2.13    6.58
  30942.266    10.530     1.48    7.12
  31231.507    10.262    -0.93    7.20
  31520.750     9.908    -1.23    7.22
  31809.995     9.186    -2.49    7.50
  32099.243     8.762    -1.46    7.41
  32388.492     8.201    -1.94    7.65
  32677.744     8.021    -0.62    7.78
  32966.998     8.812     2.74    7.90
  33256.254     9.679     3.00    8.08
  33545.513    10.488     2.80    7.68
  33834.773    10.850     1.25    7.34
  34124.036    10.762    -0.30    6.58
  34413.301    11.833     3.70    5.39
  34702.568    12.467     2.19    3.77
  34991.838    11.847    -2.14    3.55
  35281.109    11.830    -0.06    3.47
  35570.383    11.627    -0.70    3.18
  35859.659    11.814     0.65    3.35
  36148.937    12.162     1.20    3.36
  36438.218    12.186     0.08    3.33
  36727.500    11.631    -1.92    3.68
  37016.785    11.610    -0.07    3.74
  37306.072    11.602    -0.03    4.12
  37595.361    11.068    -1.85    4.17
  37884.653     9.504    -5.41    5.50
  38173.946     7.959    -5.34    6.04
  38463.242     6.457    -5.19    6.27
  38752.540     6.745     1.00    6.52
  39041.841     7.107     1.25    7.13
  39331.143     7.271     0.57    7.35
  39620.448     7.979     2.45    7.68
  39909.755     8.881     3.12    6.87
  40199.064     9.877     3.44    6.67
  40488.375     9.935     0.20    6.29
  40777.689     9.487    -1.55    6.31
  41067.005     7.664    -6.30    6.39
  41356.323     5.237    -8.39    6.64
  41645.643     3.976    -4.36    6.39
  41934.966     3.289    -2.37    6.31
  42224.291     3.056    -0.81    6.32
  42513.618     3.125     0.24    6.29
  42802.947     3.966     2.91    6.13
  43092.278     4.828     2.98    5.84
  43381.612     6.176     4.66    5.19
  43670.948     7.034     2.96    4.19
  43960.286     7.584     1.90    4.09
  44249.627     8.562     3.38    4.41
  44538.969    10.375     6.27    4.09
  44828.314    11.830     5.03    3.77
  45117.661    13.996     7.48    5.39
  45407.011    16.131     7.38    6.36
  45696.362    18.627     8.63    7.64
  45985.716    20.918     7.92    7.92
  46275.073    23.610     9.30    8.25
  46564.431    26.537    10.11    7.92
  46853.792    29.096     8.84    7.12
  47143.154    30.496     4.84    6.78
  47432.520    31.262     2.65    6.66
  47721.887    29.811    -5.02    8.39
  48011.257    28.129    -5.81    9.18
  48300.629    27.112    -3.51    9.45
  48590.003    25.642    -5.08    9.51
  48879.379    24.297    -4.65    8.81
  49168.758    23.983    -1.09    7.71
  49458.139    25.051     3.69    8.08
  49747.522    27.311     7.81    7.98
  50036.908    29.474     7.48    8.08
  50326.296    32.552    10.63    6.99
  50615.686    33.830     4.42    6.21
  50905.078    34.021     0.66    6.61
  51194.473    33.680    -1.18    7.07
  51483.870    33.383    -1.03    7.63
  51773.269    31.935    -5.00    8.42
  52062.670    31.193    -2.56    8.71
  52352.074    31.021    -0.60    8.59
  52641.480    32.046     3.54    8.43
  52930.888    34.176     7.36    7.09
  53220.299    35.812     5.65    6.51
  53509.711    36.012     0.69    6.03
  53799.126    35.607    -1.40    5.84
  54088.544    36.246     2.21    5.39
  54377.964    35.830    -1.44    4.99
  54667.386    35.320    -1.76    5.52
  54956.810    35.495     0.60    4.94
  55246.236    36.297     2.77    4.77
  55535.665    37.096     2.76    4.46
  55825.096    37.929     2.88    4.27
  56114.530    38.303     1.29    4.33
  56403.965    38.900     2.06    4.85
  56693.403    40.612     5.92    5.20
  56982.844    41.987     4.75    5.27
  57272.286    43.910     6.65    4.58
  57561.731    44.929     3.52    4.54
  57851.178    45.812     3.05    4.40
  58140.628    46.896     3.74    4.20
  58430.080    46.883    -0.04    4.08
  58719.534    46.813    -0.24    4.49
  59008.990    46.383    -1.49    4.21
  59298.449    46.582     0.69    4.71
  59587.910    45.979    -2.08    4.81
  59877.373    45.798    -0.63    4.92
  60166.839    45.881     0.29    4.57
  60456.307    46.245     1.26    4.78
  60745.777    46.546     1.04    4.89
  61035.250    46.881     1.16    4.88
  61324.725    46.593    -1.00    4.96
  61614.202    46.504    -0.31    4.71
  61903.682    45.289    -4.20    4.59
  62193.164    44.162    -3.89    4.06
  62482.648    42.762    -4.84    3.91
  62772.134    41.843    -3.18    3.76
  63061.623    41.412    -1.49    3.24
  63351.114    41.314    -0.34    3.02
  63640.608    41.559     0.85    2.96
  63930.104    42.452     3.08    3.74
  64219.602    43.861     4.87    4.47
  64509.103    45.590     5.97    4.87
  64798.605    46.107     1.79    5.28
  65088.111    46.383     0.95    5.15
  65377.618    47.179     2.75    5.21
  65667.128    47.762     2.01    5.33
  65956.640    48.262     1.73    5.33
  66245.851    47.246    -3.52    5.73
  66534.864    47.780     1.85    5.56
  66823.878    48.125     1.19    6.53
  67112.895    48.156     0.11    6.54
  67401.915    47.912    -0.84    6.26
  67690.936    47.664    -0.86    6.18
  67979.960    47.852     0.65    5.66
  68268.987    47.949     0.34    5.53
  68558.015    48.186     0.82    4.85
  68847.046    48.601     1.44    4.75
  69136.080    49.664     3.68    4.96
  69425.115    50.331     2.31    4.84
  69714.153    52.762     8.41    5.60
  70003.194    54.548     6.18    5.89
  70292.236    57.041     8.63    7.67
  70581.282    59.179     7.40    8.12
  70870.329    60.795     5.59    8.37
  71159.379    62.712     6.63    8.28
  71448.431    64.316     5.55    8.16
  71737.485    64.034    -0.98    8.60
  72026.542    63.607    -1.48    8.38
  72315.602    62.696    -3.15    7.85
  72604.663    62.796     0.35    7.28
  72893.727    62.073    -2.50    6.11
  73182.793    62.211     0.48    5.93
  73471.862    63.849     5.67    6.36
  73760.933    65.582     6.00    5.67
  74050.006    66.457     3.03    5.04
  74339.082    67.112     2.27    4.93
  74628.160    67.866     2.61    4.31
  74917.241    69.004     3.94    3.46
  75206.324    68.287    -2.48    3.96
  75495.409    67.346    -3.26    4.57
  75784.497    66.943    -1.39    4.76
  76073.587    65.605    -4.63    5.03
  76362.679    64.176    -4.94    4.87
  76651.774    63.279    -3.10    4.78
  76940.871    62.659    -2.15    4.29
  77229.970    62.697     0.13    4.23
  77519.072    62.693    -0.01    4.08
  77808.176    63.678     3.40    3.91
  78097.283    64.602     3.20    4.09
  78386.392    65.362     2.63    3.86
  78675.504    65.175    -0.65    3.99
  78964.617    64.915    -0.90    3.72
  79253.734    65.796     3.05    4.09
  79542.852    65.952     0.54    4.35
  79831.973    64.762    -4.11    4.83
  80121.096    64.457    -1.06    5.07
  80410.222    64.966     1.76    5.25
  80699.350    65.682     2.48    5.70
  80988.481    65.868     0.64    5.90
  81277.614    66.812     3.27    6.17
  81566.749    67.012     0.69    6.02
  81855.887    68.150     3.93    5.84
  82145.027    69.162     3.50    5.38
  82434.170    69.712     1.90    5.17
  82723.315    70.969     4.35    5.62
  83012.462    73.078     7.29    7.65
  83301.612    74.254     4.07    8.18
  83590.764    75.254     3.46    8.20
  83879.919    76.166     3.15    8.15
  84169.076    77.068     3.12    7.01
  84458.235    78.637     5.43    7.86
  84747.397    80.152     5.24    8.15
  85036.561    82.021     6.46    8.95
  85325.728    85.615    12.43   10.31
  85614.897    87.935     8.02   10.46
  85904.068    92.918    17.23   11.79
  86193.242    94.056     3.94   11.20
  86482.419    95.866     6.26    9.80
  86771.597    96.429     1.95    8.80
  87060.779    95.193    -4.27    8.67
  87349.962    94.012    -4.08    8.76
  87639.148    92.620    -4.82    8.59
  87928.337    90.573    -7.08    8.27
  88217.528    89.712    -2.98    8.61
  88506.721    88.559    -3.99    8.64
  88795.917    87.829    -2.52    8.53
  89085.115    85.352    -8.57    8.69
  89374.315    81.952   -11.76    7.14
  89663.518    80.625    -4.59    7.24
  89952.724    79.881    -2.57    6.41
  90241.932    80.074     0.67    6.38
  90531.142    81.280     4.17    7.33
  90820.355    83.562     7.89    7.85
  91109.570    86.935    11.66    8.47
  91398.788    89.246     7.99    9.21
  91688.008    89.079    -0.58    8.98
  91977.231    89.129     0.17    9.01
  92266.456    88.262    -3.00    9.12
  92555.683    86.900    -4.71    9.46
  92844.913    84.678    -7.68    8.27
  93134.146    82.642    -7.04    5.87
  93423.380    81.664    -3.38    6.17
  93712.618    80.829    -2.89    6.23
  94001.857    80.887     0.20    6.27
  94291.100    81.487     2.07    5.72
  94580.344    82.191     2.44    4.79
  94869.591    82.058    -0.46    4.06
  95158.841    81.271    -2.72    3.32
  95448.093    81.646     1.30    3.74
  95737.348    82.245     2.07    3.93
  96026.604    82.359     0.39    4.07
  96315.864    82.346    -0.05    4.32
  96605.126    81.152    -4.13    4.77
  96894.390    79.988    -4.02    5.36
  97183.657    78.305    -5.82    6.38
  97472.926    75.676    -9.09    6.76
  97762.198    73.590    -7.21    7.29
  98051.472    70.262   -11.50    6.43
  98340.749    67.320   -10.17    6.46
  98630.028    64.866    -8.48    6.16
  98919.310    62.745    -7.33    5.54
  99208.594    61.625    -3.87    4.70
  99497.881    61.780     0.54    4.78
  99787.170    62.650     3.01    5.46
 100076.462    63.661     3.50    5.57
 100365.756    64.729     3.69    5.68
 100655.052    65.211     1.67    5.64
 100944.351    65.280     0.24    5.73
 101233.653    65.546     0.92    5.52
 101522.957    65.746     0.69    5.25
 101812.263    66.279     1.84    5.47
 102101.572    67.566     4.45    4.93
 102390.884    68.812     4.31    4.22
 102680.198    68.008    -2.78    4.78
 102969.514    65.189    -9.75    7.41
 103258.833    61.262   -13.57    9.58
 103548.155    58.004   -11.26   10.50
 103837.479    53.508   -15.54    9.39
 104126.805    50.569   -10.16    7.34
 104416.134    48.429    -7.40    5.38
 104705.466    46.712    -5.94    3.33
 104994.800    46.779     0.23    3.26
 105284.136    47.479     2.42    2.54
 105573.475    47.816     1.16    2.57
 105862.817    48.118     1.05    2.31
 106152.161    49.004     3.06    2.37
 106441.508    50.172     4.04    3.33
 106730.857    51.932     6.08    4.56
 107020.208    53.983     7.09    5.36
 107309.562    55.883     6.57    5.70
 107598.919    57.973     7.22    5.53
 107888.278    60.212     7.74    5.63
 108177.640    61.407     4.13    5.39
 108467.004    62.762     4.69    5.43
 108756.370    63.314     1.91    5.43
 109045.740    63.659     1.19    5.17
 109335.111    64.615     3.30    4.64
 109624.486    65.017     1.39    4.54
 109913.862    65.696     2.35    4.64
 110203.242    66.254     1.93    4.66
 110492.624    67.004     2.59    4.54
 110782.008    68.373     4.73    4.42
 111071.395    70.305     6.68    4.55
 111360.784    71.697     4.81    4.52
 111650.176    73.159     5.05    4.77
 111939.571    75.017     6.42    4.70
 112228.968    76.096     3.73    4.64
 112518.367    76.949     2.95    4.38
 112807.770    77.385     1.51    4.60
 113097.174    77.220    -0.57    4.61
 113386.581    78.046     2.85    4.74
 113675.991    78.418     1.28    4.92
 113965.403    78.627     0.72    4.53
 114254.818    79.969     4.64    4.82
 114544.236    81.390     4.91    4.61
 114833.656    83.262     6.47    5.61
 115123.078    85.078     6.27    5.54
 115412.503    86.146     3.69    5.67
 115701.931    87.569     4.92    5.80
 115991.361    88.311     2.56    5.45
 116280.794    90.212     6.57    6.79
 116570.229    92.196     6.85    7.31
 116859.667    93.676     5.12    8.10
 117149.107    95.435     6.08    8.02
 117438.550    95.644     0.72    7.63
 117727.996    97.457     6.27    6.67
 118017.444    97.408    -0.17    7.08
 118306.894    96.966    -1.53    7.42
 118596.347    96.831    -0.46    8.00
 118885.803    95.813    -3.52    8.29
 119175.262    96.142     1.13    7.81
 119464.722    96.418     0.95    8.22
 119754.186    95.952    -1.61    7.18
 120043.652    96.521     1.97    7.36
 120333.121    96.969     1.55    7.34
 120622.592    96.846    -0.43    7.45
 120912.066    97.096     0.86    7.41
 121201.542    96.969    -0.44    7.01
 121491.021    96.362    -2.10    5.31
 121780.502    97.137     2.68    5.10
 122069.987    96.935    -0.70    5.59
 122359.473    97.529     2.05    6.35
 122648.962    98.051     1.80    6.35
 122938.454    98.166     0.40    6.49
 123227.949    98.495     1.14    5.73
 123517.446    99.440     3.27    6.10
 123806.945   100.521     3.73    6.64
 124096.448   102.424     6.57    7.62
 124385.952   104.582     7.46    8.49
 124675.460   106.797     7.65    9.56
 124964.970   108.079     4.43   10.22
 125254.482   108.517     1.51   10.56
 125543.998   107.843    -2.33   11.79
 125833.515   106.979    -2.98   12.92
 126123.036   106.279    -2.42   13.25
 126412.559   103.220   -10.57   12.81
 126702.084    99.512   -12.81   11.69
 126991.612    97.135    -8.21   11.10
 127281.143    94.331    -9.68    8.09
 127570.677    93.303    -3.55    5.50
 127860.213    92.762    -1.87    4.79
 128149.751    92.762     0.00    4.95
 128439.105    92.831     0.24    4.69
 128728.086    92.435    -1.37    4.67
 129017.069    91.336    -3.80    5.25
 129306.055    89.625    -5.92    5.35
 129595.043    87.912    -5.92    5.34
 129884.034    86.831    -3.74    5.66
 130173.028    86.193    -2.21    5.58
 130462.024    85.746    -1.55    5.43
 130751.023    84.779    -3.35    5.36
 131040.025    83.648    -3.92    5.49
 131329.029    82.201    -5.01    6.39
 131618.036    80.607    -5.51    6.78
 131907.045    79.379    -4.25    6.32
 132196.057    78.262    -3.86    5.75
 132485.072    78.008    -0.88    5.65
 132774.089    78.883     3.03    6.47
 133063.109    81.508     9.08    7.23
 133352.131    84.209     9.34    7.22
 133641.156    86.446     7.74    7.17
 133930.184    87.381     3.24    7.25
 134219.214    87.932     1.90    7.39
 134508.247    87.212    -2.49    7.31
 134797.283    86.452    -2.63    7.02
 135086.321    84.593    -6.43    7.92
 135375.362    82.712    -6.51    7.38
 135664.405    82.203    -1.76    6.52
 135953.451    81.827    -1.30    6.12
 136242.500    81.376    -1.56    5.59
 136531.551    80.546    -2.87    4.63
 136820.605    80.137    -1.41    4.49
 137109.662    80.069    -0.24    4.31
 137398.721    79.962    -0.37    4.57
 137687.783    80.429     1.61    4.78
 137976.848    81.297     3.00    5.47
 138265.915    81.711     1.43    5.67
 138554.985    82.474     2.64    5.74
 138844.057    84.017     5.34    5.91
 139133.132    85.069     3.64    5.41
 139422.210    86.017     3.28    5.15
 139711.291    86.534     1.79    5.28
 140000.374    87.407     3.02    5.76
 140289.459    87.521     0.40    5.52
 140578.548    87.762     0.83    5.25
 140867.639    87.607    -0.54    4.86
 141156.733    87.969     1.25    5.12
 141445.829    88.452     1.67    5.00
 141734.928    89.728     4.41    5.60
 142024.030    91.402     5.79    5.52
 142313.134    92.662     4.36    4.85
 142602.241    93.629     3.34    4.95
 142891.351    94.833     4.16    4.52
 143180.463    95.331     1.73    4.66
 143469.578    95.629     1.03    4.83
 143758.696    96.068     1.52    5.24
 144047.816    97.246     4.08    5.61
 144336.939    98.831     5.48    6.21
 144626.065   100.883     7.10    5.83
 144915.193   102.711     6.32    6.27
 145204.324   105.861    10.90    8.33
 145493.458   108.894    10.49    9.05
 145782.594   111.176     7.89    9.03
 146071.733   112.830     5.72    8.52
 146360.875   113.659     2.87    7.79
 146650.020   113.812     0.53    7.40
 146939.167   112.579    -4.27    7.91
 147228.317   110.679    -6.57    6.00
 147517.469   109.746    -3.23    5.44
 147806.624   108.745    -3.46    4.43
 148095.782   107.346    -4.84    5.19
 148384.943   106.918    -1.48    5.31
 148674.106   107.058     0.48    5.65
 148963.272   106.529    -1.83    5.92
 149252.441   105.625    -3.13    5.59
 149541.612   104.625    -3.46    5.31
 149830.786   103.405    -4.22    5.37
 150119.963   102.079    -4.59    5.80
 150409.142   100.629    -5.01    5.64
 150698.324    98.929    -5.88    5.59
 150987.509    98.831    -0.34    5.21
 151276.697    97.280    -5.36    4.96
 151565.887    96.246    -3.58    4.67
 151855.080    94.831    -4.89    4.70
 152144.275    93.612    -4.22    4.74
 152433.474    93.349    -0.91    4.61
 152722.675    93.400     0.18    4.30
 153011.879    93.969     1.97    4.25
 153301.085    94.918     3.28    4.69
 153590.294    95.533     2.13    4.81
 153879.506    95.883     1.21    4.95
 154168.721    95.129    -2.61    5.68
 154457.938    94.030    -3.80    6.07
 154747.158    92.356    -5.79    6.41
 155036.381    90.631    -5.96    6.04
 155325.607    88.762    -6.46    4.83
 155614.835    87.562    -4.15    4.14
 155904.066    86.977    -2.03    4.28
 156193.299    86.435    -1.87    4.27
 156482.536    85.762    -2.32    4.19
 156771.775    85.546    -0.75    4.32
 157061.017    85.246    -1.04    4.93
 157350.261    85.349     0.35    5.08
 157639.509    84.996    -1.22    5.07
 157928.759    85.798     2.77    4.69
 158218.012    85.631    -0.57    4.65
 158507.267    85.034    -2.07    4.37
 158796.525    84.542    -1.70    3.78
 159085.786    83.418    -3.89    3.77
 159375.050    82.903    -1.78    3.52
 159664.317    82.096    -2.79    3.90
 159953.586    81.504    -2.05    3.69
 160242.858    80.254    -4.32    3.86
 160532.133    79.029    -4.24    4.63
 160821.410    76.254    -9.59    5.94
 161110.690    73.814    -8.43    7.23
 161399.973    70.935    -9.95    7.34
 161689.259    69.090    -6.38    7.04
 161978.547    68.107    -3.40    6.08
 162267.839    68.508     1.39    6.17
 162557.133    70.176     5.77    7.02
 162846.429    73.173    10.36    6.16
 163135.729    75.585     8.34    5.75
 163425.031    77.279     5.86    5.06
 163714.336    78.859     5.46    4.37
 164003.644    79.885     3.55    4.01
 164292.954    80.366     1.66    3.89
 164582.267    81.062     2.41    4.02
 164871.584    82.745     5.82    5.40
 165160.902    84.929     7.55    5.96
 165450.224    87.314     8.24    6.59
 165739.548    89.898     8.93    6.84
 166028.875    91.219     4.56    6.81
 166318.205    92.479     4.36    6.13
 166607.538    93.221     2.57    5.69
 166896.873    92.262    -3.31    6.20
 167186.212    90.112    -7.43    6.58
 167475.553    88.946    -4.03    5.87
 167764.896    86.912    -7.03    4.70
 168054.243    85.712    -4.15    4.58
 168343.592    85.112    -2.07    5.09
 168632.944    84.041    -3.70    5.67
 168922.299    82.850    -4.12    5.49
 169211.657    81.496    -4.68    5.58
 169501.017    79.952    -5.33    4.57
 169790.381    78.762    -4.11    4.49
 170079.747    77.529    -4.26    4.57
 170369.115    76.693    -2.89    4.28
 170658.487    77.331     2.20    5.03
 170947.861    77.868     1.85    5.01
 171237.239    78.205     1.17    5.07
 171526.619    78.412     0.72    5.12
 171816.001    79.418     3.48    4.98
 172105.387    79.440     0.08    4.67
 172394.775    77.762    -5.80    5.26
 172684.167    75.562    -7.60    6.74
 172973.560    72.780    -9.62    8.29
 173262.957    69.435   -11.56    8.99
 173552.357    66.383   -10.54    8.20
 173841.759    64.487    -6.55    6.60
 174131.164    64.280    -0.71    6.06
 174420.572    64.932     2.25    6.15
 174709.983    65.926     3.44    6.54
 174999.397    68.538     9.03    5.89
 175288.813    70.979     8.43    4.91
 175578.233    72.852     6.47    3.80
 175867.655    73.969     3.86    3.79
 176157.080    75.320     4.67    4.14
 176446.507    76.830     5.22    4.30
 176735.938    78.041     4.18    4.31
 177025.371    78.459     1.44    4.41
 177314.807    79.051     2.04    4.13
 177604.246    80.246     4.13    3.98
 177893.688    81.123     3.03    4.21
 178183.133    82.569     5.00    4.56
 178472.580    83.797     4.24    4.62
 178762.031    84.896     3.80    4.66
 179051.484    86.155     4.35    4.99
 179340.940    86.713     1.93    4.53
 179630.398    87.593     3.04    4.49
 179919.860    87.746     0.53    4.75
 180209.324    88.625     3.03    5.19
 180498.792    89.995     4.73    5.88
 180788.262    90.729     2.54    5.95
 181077.735    90.987     0.89    6.54
 181367.211    90.877    -0.38    7.03
 181656.689    90.746    -0.45    7.70
 181946.171    89.073    -5.78    8.83
 182235.655    88.073    -3.45    9.94
 182525.142    86.814    -4.35    9.54
 182814.632    83.943    -9.92   10.36
 183104.125    81.435    -8.66    9.13
 183393.621    80.525    -3.14    9.08
 183683.119    80.245    -0.97    7.70
 183972.621    80.605     1.24    7.21
 184262.125    82.295     5.84    7.52
 184551.632    83.746     5.01    7.16
 184841.142    86.679    10.13    6.52
 185130.655    88.780     7.26    5.65
 185420.171    90.676     6.55    5.98
 185709.689    92.662     6.86    5.68
 185999.211    93.829     4.03    5.64
 186288.735    94.679     2.94    5.54
 186578.262    95.659     3.38    6.86
 186867.792    96.012     1.22    7.54
 187157.325    96.920     3.14    7.56
 187446.861    97.329     1.41    7.23
 187736.399    98.517     4.10    7.44
 188025.941   100.452     6.69    6.29
 188315.485   101.610     4.00    5.63
 188605.032   102.396     2.71    4.65
 188894.582   103.229     2.88    4.79
 189184.135   104.762     5.30    5.18
 189473.691   106.730     6.79    5.68
 189763.250   107.012     0.98    5.57
 190052.812   105.587    -4.92    6.74
 190342.376   103.813    -6.13    7.94
 190631.904   100.314   -12.09    9.09
 190920.851    97.662    -9.18    9.27
 191209.800    93.881   -13.09    8.65
 191498.753    90.479   -11.77    6.72
 191787.708    88.849    -5.64    5.53
 192076.666    88.429    -1.45    5.05
 192365.627    88.629     0.69    5.20
 192654.591    88.662     0.12    5.36
 192943.558    88.943     0.97    5.49
 193232.528    89.034     0.31    5.18
 193521.500    87.711    -4.58    4.94
 193810.476    86.862    -2.94    4.49
 194099.454    86.125    -2.55    4.12
 194388.435    85.517    -2.10    4.34
 194677.420    85.021    -1.71    4.52
 194966.407    85.107     0.30    4.80
 195255.396    85.349     0.84    4.59
 195544.389    85.212    -0.47    4.36
 195833.385    85.336     0.43    3.61
 196122.384    86.245     3.15    3.30
 196411.385    87.579     4.62    3.75
 196700.389    88.155     1.99    3.39
 196989.397    88.504     1.21    3.51
 197278.407    88.238    -0.92    3.98
 197567.420    88.879     2.22    4.16
 197856.436    89.418     1.87    5.10
 198145.455    89.227    -0.66    5.64
 198434.476    88.229    -3.45    6.17
 198723.501    87.678    -1.91    5.89
 199012.529    87.424    -0.88    5.58
 199301.559    86.976    -1.55    5.19
 199590.593    85.915    -3.67    4.54
 199879.629    84.745    -4.05    4.38
 200168.668    84.441    -1.05    3.87
 200457.710    83.992    -1.55    3.63
 200746.755    83.644    -1.20    3.54
 201035.803    83.877     0.81    3.27
 201324.854    84.312     1.51    3.23
 201613.908    84.905     2.05    3.55
 201902.965    85.000     0.33    4.43
 202192.024    84.814    -0.64    5.28
 202481.087    83.713    -3.81    6.08
 202770.152    82.898    -2.82    6.26
 203059.221    81.987    -3.15    5.89
 203348.292    81.245    -2.56    5.31
 203637.366    81.538     1.01    4.55
 203926.444    82.529     3.43    5.16
 204215.524    84.780     7.79    5.67
 204504.607    86.212     4.96    5.42
 204793.693    87.710     5.18    5.35
 205082.782    88.107     1.37    5.24
 205371.873    88.254     0.51    5.42
 205660.968    87.373    -3.05    6.11
 205950.066    85.179    -7.59    6.74
 206239.167    82.423    -9.53    6.37
 206528.270    79.590    -9.80    5.74
 206817.377    77.915    -5.79    4.88
 207106.486    76.881    -3.58    4.50
 207395.599    75.533    -4.66    4.15
 207684.714    74.969    -1.95    3.91
 207973.832    74.012    -3.31    4.04
 208262.954    73.366    -2.24    3.94
 208552.078    73.029    -1.16    3.87
 208841.205    72.046    -3.40    3.80
 209130.335    71.546    -1.73    3.71
 209419.468    70.962    -2.02    3.99
 209708.604    70.021    -3.26    4.01
 209997.743    69.596    -1.47    3.96
 210286.885    68.797    -2.76    3.82
 210576.030    67.926    -3.01    4.19
 210865.178    67.408    -1.79    3.97
 211154.329    66.850    -1.93    4.23
 211443.483    66.383    -1.62    3.99
 211732.640    66.048    -1.16    3.99
 212021.799    65.828    -0.76    3.93
 212310.962    65.593    -0.81    4.21
 212600.128    65.112    -1.66    4.30
 212889.296    63.211    -6.58    5.78
 213178.468    61.137    -7.17    6.48
 213467.642    58.829    -7.98    5.94
 213756.820    56.125    -9.35    5.64
 214046.001    53.929    -7.59    4.89
 214335.184    52.203    -5.97    4.77
 214624.371    50.366    -6.35    5.02
 214913.560    50.331    -0.12    5.29
 215202.752    50.418     0.30    5.62
 215491.948    51.385     3.35    6.60
 215781.146    53.038     5.72    6.34
 216070.348    55.576     8.78    7.11
 216359.552    58.441     9.91    7.50
 216648.759    61.646    11.08    7.40
 216937.970    64.585    10.16    6.30
 217227.183    66.356     6.12    5.62
 217516.399    68.484     7.36    4.80
 217805.619    69.833     4.66    4.36
 218094.841    70.642     2.80    4.15
 218384.066    70.929     0.99    4.03
 218673.295    70.846    -0.29    4.20
 218962.526    70.682    -0.57    4.51
 219251.760    70.883     0.70    4.32
 219540.998    70.279    -2.09    4.52
 219830.238    70.008    -0.94    4.65
 220119.481    69.713    -1.02    4.94
 220408.728    69.101    -2.12    5.04
 220697.977    68.846    -0.88    5.22
 220987.229    67.607    -4.28    5.39
 221276.484    66.885    -2.50    5.55
 221565.743    66.096    -2.73    6.54
 221855.004    65.676    -1.45    5.95
 222144.269    65.762     0.30    6.38
 222433.536    66.008     0.85    7.10
 222722.806    66.383     1.30    7.09
 223012.080    66.469     0.30    7.25
 223301.356    66.107    -1.25    6.89
 223590.636    64.353    -6.07    6.65
 223879.918    63.262    -3.77    6.11
 224169.204    62.864    -1.38    5.04
 224458.492    62.849    -0.05    4.92
 224747.784    61.831    -3.52    5.19
 225037.078    61.408    -1.47    5.53
 225326.376    61.096    -1.08    5.83
 225615.676    60.385    -2.46    5.73
 225904.980    59.534    -2.94    5.69
 226194.287    58.935    -2.07    6.29
 226483.596    57.932    -3.47    5.67
 226772.909    56.946    -3.41    5.13
 227062.225    55.812    -3.92    4.79
 227351.544    54.693    -3.87    3.13
 227640.866    54.356    -1.17    3.51
 227930.190    54.850     1.71    3.62
 228219.518    56.096     4.31    4.09
 228508.849    57.779     5.82    5.27
 228798.183    59.280     5.19    5.54
 229087.520    61.662     8.24    6.62
 229376.860    63.196     5.30    6.61
 229666.204    64.830     5.65    6.68
 229955.550    67.245     8.35    5.97
 230244.899    68.074     2.86    5.73
 230534.251    69.279     4.17    5.23
 230823.607    70.008     2.52    4.88
 231112.965    70.729     2.49    4.88
 231402.326    69.797    -3.22    5.72
 231691.691    70.079     0.98    5.75
 231981.059    69.962    -0.40    5.70
 232270.429    70.186     0.77    5.52
 232559.803    71.262     3.72    5.50
 232849.180    72.236     3.36    5.40
 233138.559    73.090     2.95    5.71
 233427.942    74.812     5.95    5.66
 233717.328    75.585     2.67    5.57
 234006.717    76.711     3.89    5.95
 234296.109    77.573     2.98    5.74
 234585.504    77.796     0.77    5.37
 234874.903    78.366     1.97    5.33
 235164.304    78.844     1.65    5.11
 235453.708    79.056     0.73    4.81
 235743.116    80.383     4.59    4.84
 236032.526    81.469     3.75    4.85
 236321.940    81.795     1.13    4.70
 236611.356    81.894     0.34    4.55
 236900.776    81.987     0.32    4.48
 237190.199    81.844    -0.49    4.24
 237479.625    82.289     1.54    4.49
 237769.054    82.797     1.76    4.69
 238058.486    84.079     4.43    5.20
 238347.921    85.966     6.52    6.06
 238637.359    90.172    14.53    8.80
 238926.801    92.675     8.65    9.36
 239216.245    95.612    10.15    9.48
 239505.693    99.400    13.09    9.87
 239795.143   102.279     9.94    9.63
 240084.597   106.062    13.07    9.58
 240374.054   107.662     5.53    9.58
 240663.514   108.745     3.74    9.10
 240952.977   108.815     0.24    9.35
 241242.443   107.712    -3.81    9.54
 241531.912   107.135    -1.99    8.98
 241821.384   106.037    -3.80    8.14
 242110.860   106.356     1.10    8.56
 242400.338   106.655     1.04    8.48
 242689.820   107.296     2.21    8.58
 242979.304   108.900     5.54    9.08
 243268.792   110.271     4.73    8.80
 243558.283   110.831     1.94    9.11
 243847.777   110.366    -1.61   10.03
 244137.274   108.762    -5.54    9.58
 244426.775   107.186    -5.45    7.73
 244716.278   106.496    -2.38    6.88
 245005.785   106.676     0.62    7.28
 245295.294   108.146     5.08    8.02
 245584.807   107.655    -1.69    7.48
 245874.323   108.642     3.41    7.70
 246163.842   110.246     5.54    7.44
 246453.364   111.254     3.48    6.81
 246742.889   112.279     3.54    6.09
 247032.417   112.602     1.12    6.15
 247321.949   112.576    -0.09    6.38
 247611.484   112.525    -0.18    6.83
 247901.021   112.762     0.82    7.70
 248190.562   112.921     0.55    8.01
 248480.106   112.625    -1.02    7.62
 248769.653   111.229    -4.82    8.05
 249059.204   109.227    -6.92    7.50
 249348.757   108.320    -3.13    7.27
 249638.314   108.179    -0.49    6.39
 249927.873   108.172    -0.02    5.74
 250217.436   107.797    -1.30    5.32
 250507.002   107.334    -1.60    5.36
 250796.571   107.712     1.31    5.15
 251086.144   107.900     0.65    5.61
 251375.719   106.730    -4.04    6.13
 251665.298   105.912    -2.82    6.35
 251954.879   105.521    -1.35    6.35
 252244.464   106.262     2.56    6.15
 252534.052   107.021     2.62    6.27
 252823.643   106.762    -0.89    5.84
 253112.702   107.659     3.10    5.61
 253401.622   108.829     4.05    5.79
 253690.546   109.952     3.89    5.66
 253979.472   110.610     2.28    5.93
 254268.402   110.451    -0.55    6.00
 254557.334   108.746    -5.90    6.75
 254846.270   107.779    -3.35    6.08
 255135.209   107.464    -1.09    6.50
 255424.151   107.331    -0.46    6.32
 255713.096   107.423     0.32    6.56
 256002.045   108.896     5.10    7.00
 256290.996   110.549     5.72    6.30
 256579.951   112.090     5.33    6.42
 256868.909   113.429     4.63    7.75
 257157.870   114.228     2.76    8.07
 257446.834   113.582    -2.24    8.46
 257735.801   112.129    -5.03    7.90
 258024.772   112.529     1.38    7.89
 258313.746   113.596     3.69    8.35
 258602.722   113.693     0.34    8.45
 258891.702   116.288     8.98   10.08
 259180.686   118.245     6.77    9.95
 259469.672   120.451     7.63    9.63
 259758.661   120.730     0.96    8.66
 260047.654   120.710    -0.07    8.11
 260336.650   120.831     0.42    8.49
 260625.649   120.495    -1.17    8.26
 260914.651   121.596     3.81    8.00
 261203.656   122.017     1.46    8.38
 261492.665   122.396     1.31    8.62
 261781.677   123.504     3.83    8.88
 262070.692   123.973     1.62    8.37
 262359.710   126.012     7.06    7.74
 262648.731   127.728     5.94    7.05
 262937.755   128.612     3.06    7.17
 263226.783   129.186     1.99    6.73
 263515.814   130.987     6.23    6.94
 263804.848   132.245     4.35    7.69
 264093.885   134.090     6.38    7.75
 264382.925   134.517     1.48    7.42
 264671.969   134.245    -0.94    7.84
 264961.016   133.288    -3.31    8.22
 265250.066   132.548    -2.56    7.79
 265539.119   131.396    -3.99    7.09
 265828.175   132.230     2.89    7.25
 266117.235   133.745     5.24    8.61
 266406.297   136.238     8.62    8.53
 266695.363   137.227     3.42    7.98
 266984.432   136.407    -2.84    8.44
 267273.505   134.379    -7.01    9.97
 267562.580   132.582    -6.22   10.40
 267851.659   128.827   -12.99   10.47
 268140.741   125.659   -10.96    9.00
 268429.826   121.862   -13.13    7.32
 268718.915   119.709    -7.45    6.50
 269008.006   117.517    -7.58    6.94
 269297.101   115.546    -6.82    5.90
 269586.199   114.500    -3.62    5.25
 269875.300   113.780    -2.49    5.61
 270164.405   113.566    -0.74    5.94
 270453.512   114.312     2.58    6.39
 270742.623   116.952     9.13    5.73
 271031.737   118.730     6.15    6.26
 271320.855   118.996     0.92    6.48
 271609.975   118.573    -1.46    6.59
 271899.099   117.814    -2.62    6.47
 272188.226   115.935    -6.50    7.18
 272477.356   113.599    -8.08    7.05
 272766.490   111.021    -8.91    6.97
 273055.626   108.129   -10.00    5.79
 273344.766   106.418    -5.92    5.35
 273633.909   104.949    -5.08    4.31
 273923.056   103.861    -3.76    4.58
 274212.205   102.696    -4.03    4.46
 274501.358   102.107    -2.04    5.10
 274790.514   101.815    -1.01    5.12
 275079.674   100.314    -5.19    5.33
 275368.836    99.101    -4.19    5.16
 275658.002    98.051    -3.63    5.31
 275947.171    97.123    -3.21    5.31
 276236.343    95.831    -4.47    5.22
 276525.519    93.962    -6.46    4.03
 276814.698    92.935    -3.55    4.20
 277103.880    91.926    -3.49    4.45
 277393.065    90.662    -4.37    4.34
 277682.253    90.329    -1.15    4.33
 277971.445    89.546    -2.71    4.90
 278260.640    88.262    -4.44    4.71
 278549.839    87.915    -1.20    4.62
 278839.040    86.487    -4.94    5.04
 279128.245    86.041    -1.54    4.58
 279417.453    86.648     2.10    5.22
 279706.664    88.349     5.88    6.20
 279995.879    89.831     5.13    6.12
 280285.097    91.120     4.45    6.30
 280574.318    92.329     4.18    5.62
 280863.542    92.915     2.03    5.46
 281152.770    92.579    -1.16    5.64
 281442.001    91.607    -3.36    5.97
 281731.235    89.991    -5.59    6.19
 282020.473    88.212    -6.15    6.18
 282309.713    85.220   -10.35    5.42
 282598.957    83.312    -6.60    4.75
 282888.205    82.297    -3.51    4.32
 283177.455    82.245    -0.18    4.43
 283466.709    81.693    -1.91    4.61
 283755.966    82.610     3.17    5.12
 284045.227    83.844     4.27    5.23
 284334.490    85.642     6.21    4.62
 284623.757    86.847     4.17    4.37
 284913.027    87.387     1.87    4.23
 285202.301    87.546     0.55    4.24
 285491.578    87.311    -0.81    4.65
 285780.858    86.373    -3.24    4.61
 286070.141    86.196    -0.61    4.54
 286359.428    86.482     0.99    4.60
 286648.718    86.559     0.27    4.56
 286938.011    86.949     1.35    4.30
 287227.308    87.012     0.22    4.21
 287516.608    87.375     1.25    4.24
 287805.911    87.435     0.21    4.39
 288095.217    86.762    -2.32    4.67
 288384.527    85.370    -4.81    4.58
 288673.840    83.956    -4.89    4.20
 288963.157    83.412    -1.88    4.15
 289252.476    82.746    -2.30    4.13
 289541.799    82.331    -1.43    3.89
 289831.125    81.727    -2.09    3.67
 290120.455    81.329    -1.38    3.48
 290409.788    80.693    -2.20    4.19
 290699.124    80.287    -1.40    4.18
 290988.464    79.496    -2.73    4.54
 291277.807    77.987    -5.22    4.24
 291567.153    77.314    -2.32    4.34
 291856.502    76.780    -1.85    4.32
 292145.855    76.435    -1.19    4.48
 292435.211    75.659    -2.68    4.26
 292724.571    74.932    -2.51    4.33
 293013.933    74.383    -1.90    4.84
 293303.299    73.542    -2.91    5.45
 293592.669    70.666    -9.94    7.12
 293882.042    67.288   -11.67    8.38
 294171.418    63.612   -12.70    8.55
 294460.797    61.324    -7.91    8.18
 294750.180    58.400   -10.10    7.09
 295039.566    55.429   -10.27    4.46
 295328.955    54.146    -4.43    3.32
 295618.348    53.246    -3.11    3.36
 295907.744    53.021    -0.78    3.46
 296197.143    52.629    -1.35    3.31
 296486.546    52.587    -0.15    3.61
 296775.952    52.713     0.44    3.69
 297065.361    52.745     0.11    4.10
 297354.774    53.046     1.04    4.12
 297644.190    53.280     0.81    3.97
 297933.610    53.176    -0.36    3.69
 298223.032    53.467     1.01    3.40
 298512.459    54.314     2.93    2.80
 298801.888    54.828     1.78    2.58
 299091.321    54.680    -0.51    3.85
 299380.757    53.400    -4.42    6.09
 299670.197    53.038    -1.25    6.54
 299959.640    53.004    -0.12    6.59
 300249.086    52.615    -1.34    6.78
 300538.535    52.004    -2.11    6.55
 300827.988    52.169     0.57    6.70
 301117.445    52.780     2.11    6.51
 301406.904    52.849     0.24    6.79
 301696.367    53.585     2.54    7.48
 301985.834    54.712     3.90    8.13
 302275.303    54.648    -0.22    8.42
 302564.777    55.324     2.34    7.71
 302854.253    54.883    -1.52    7.67
 303143.733    54.271    -2.12    7.62
 303433.216    53.729    -1.87    7.27
 303722.703    52.041    -5.83    6.62
 304012.193    51.452    -2.03    5.84
 304301.686    51.246    -0.71    5.52
 304591.183    52.131     3.06    5.60
 304880.683    52.533     1.39    5.52
 305170.187    53.322     2.72    5.32
 305459.693    54.695     4.74    5.22
 305749.204    56.034     4.63    4.13
 306038.717    56.212     0.62    4.62
 306328.234    56.246     0.12    5.56
 306617.755    56.590     1.19    6.69
 306907.278    56.844     0.88    7.33
 307196.806    57.012     0.58    7.50
 307486.336    57.969     3.31    8.11
 307775.870    59.152     4.09    7.77
 308065.407    60.607     5.03    6.83
 308354.948    61.451     2.91    5.26
 308644.492    61.625     0.60    4.44
 308934.040    62.912     4.45    5.83
 309223.591    64.435     5.26    6.45
 309513.145    66.376     6.71    7.14
 309802.703    68.262     6.51    7.33
 310092.264    70.262     6.91    7.04
 310381.829    72.198     6.68    4.98
 310671.396    73.236     3.59    3.09
 310960.968    73.556     1.10    3.21
 311250.543    73.096    -1.59    3.34
 311540.121    73.196     0.35    3.08
 311829.702    72.929    -0.92    3.35
 312119.287    72.883    -0.16    3.40
 312408.876    73.068     0.64    3.50
 312698.467    72.868    -0.69    3.27
 312988.063    73.262     1.36    2.75
 313277.661    74.172     3.14    2.33
 313567.263    74.366     0.67    2.21
 313856.869    74.474     0.37    2.16
 314146.478    74.262    -0.73    2.22
 314436.090    74.329     0.23    2.17
 314725.706    74.220    -0.38    2.11
 315015.325    73.287    -3.22    3.46
 315304.566    72.646    -2.22    4.22
 315593.457    72.517    -0.45    4.50
 315882.351    72.429    -0.30    4.40
 316171.248    72.262    -0.58    4.26
 316460.149    71.862    -1.38    4.16
 316749.053    71.629    -0.81    4.17
 317037.960    72.373     2.57    4.21
 317326.871    72.952     2.01    4.12
 317615.785    73.464     1.77    4.11
 317904.703    74.090     2.17    4.13
 318193.624    74.312     0.77    4.15
 318482.549    75.456     3.96    3.92
 318771.477    76.107     2.25    4.32
 319060.409    77.038     3.22    4.38
 319349.343    77.676     2.21    4.45
 319638.282    78.262     2.03    4.48
 319927.223    78.189    -0.26    4.26
 320216.169    78.969     2.70    3.40
 320505.117    78.627    -1.19    3.37
 320794.069    78.534    -0.32    3.33
 321083.025    78.288    -0.85    3.13
 321371.984    78.424     0.47    3.02
 321660.946    79.288     2.99    2.25
 321949.912    79.429     0.49    2.23
 322238.881    79.262    -0.58    2.11
 322527.854    79.525     0.91    2.19
 322816.830    80.062     1.86    2.75
 323105.809    80.529     1.61    3.16
 323394.792    81.085     1.92    3.47
 323683.779    81.552     1.62    3.98
 323972.768    82.429     3.04    4.25
 324261.762    83.334     3.13    4.23
 324550.758    84.150     2.82    3.91
 324839.759    84.646     1.72    3.18
 325128.762    84.566    -0.28    2.99
 325417.769    84.038    -1.83    3.42
 325706.780    83.780    -0.89    3.30
 325995.794    82.996    -2.71    3.53
 326284.812    82.659    -1.17    3.28
 326573.832    82.582    -0.27    3.05
 326862.857    82.629     0.16    3.02
 327151.885    83.711     3.74    2.58
 327440.916    84.176     1.61    2.13
 327729.951    84.590     1.43    2.10
 328018.989    84.943     1.22    2.19
 328308.031    86.349     4.86    4.35
 328597.076    87.962     5.58    5.44
 328886.125    89.935     6.82    6.99
 329175.177    92.712     9.61    8.20
 329464.232    96.359    12.62    9.42
 329753.291    98.596     7.74    9.42
 330042.354   100.926     8.06    8.91
 330331.420   103.008     7.20    8.72
 330620.490   104.952     6.73    8.21
 330909.563   106.932     6.85    7.57
 331198.639   107.446     1.78    6.85
 331487.719   107.221    -0.78    7.07
 331776.802   107.125    -0.34    6.73
 332065.889   106.212    -3.16    7.07
 332354.980   106.004    -0.72    6.49
 332644.074   106.058     0.19    6.04
 332933.171   107.296     4.28    6.30
 333222.272   108.679     4.79    5.67
 333511.376   109.829     3.98    5.51
 333800.484   109.952     0.43    5.57
 334089.595   109.662    -1.00    6.14
 334378.710   109.142    -1.80    7.13
 334667.828   107.517    -5.62    7.68
 334956.950   105.385    -7.37    8.18
 335246.076   101.491   -13.47    9.55
 335535.204    98.004   -12.06    9.73
 335824.337    94.885   -10.79    8.95
 336113.472    93.402    -5.13    8.38
 336402.612    92.678    -2.50    7.44
 336691.755    92.517    -0.56    7.70
 336980.901    92.159    -1.24    7.30
 337270.051    92.107    -0.18    7.43
 337559.204    92.585     1.65    8.02
 337848.361    92.356    -0.79    8.07
 338137.521    92.596     0.83    8.86
 338426.685    92.850     0.88    9.17
 338715.853    93.090     0.83    9.52
 339005.024    92.932    -0.55    8.52
 339294.198    92.881    -0.18    7.05
 339583.376    93.189     1.06    6.43
 339872.557    93.056    -0.46    5.99
 340161.742    92.712    -1.19    5.02
 340450.931    93.640     3.21    5.60
 340740.123    95.203     5.41    6.40
 341029.319    96.943     6.02    6.71
 341318.518    98.979     7.04    7.18
 341607.720   100.221     4.30    6.66
 341896.927   101.885     5.75    6.54
 342186.136   103.046     4.01    6.33
 342475.349   105.107     7.13    6.89
 342764.566   106.956     6.39    7.04
 343053.786   108.956     6.92    6.74
 343343.010   109.949     3.43    5.69
 343632.238   111.004     3.65    5.43
 343921.469   112.262     4.35    4.90
 344210.703   112.254    -0.03    5.22
 344499.941   112.896     2.22    4.98
 344789.183   112.992     0.33    5.16
 345078.428   113.383     1.35    4.94
 345367.676   113.078    -1.05    4.76
 345656.928   114.046     3.35    4.80
 345946.184   115.280     4.27    5.00
 346235.443   116.303     3.54    4.71
 346524.706   116.711     1.41    4.56
 346813.973   116.952     0.83    4.48
 347103.242   117.314     1.25    4.18
 347392.516   116.996    -1.10    4.09
 347681.793   116.496    -1.73    4.34
 347971.074   116.469    -0.09    4.14
 348260.358   116.329    -0.48    4.12
 348549.645   116.227    -0.35    3.99
 348838.937   116.607     1.32    4.01
 349128.232   117.385     2.69    3.80
 349417.530   117.712     1.13    4.04
 349706.832   116.894    -2.83    4.49
 349996.137   116.905     0.04    4.99
 350285.447   116.012    -3.09    5.59
 350574.759   114.949    -3.68    5.81
 350864.076   114.279    -2.32    6.34
 351153.395   113.606    -2.33    6.36
 351442.719   113.323    -0.98    6.35
