-231011.463   373.884     0.00   25.47
-230722.156   373.638    -0.85   22.95
-230432.849   376.893    11.25   23.37
-230143.542   386.648    33.72   30.08
-229854.234   391.707    17.49   29.09
-229564.927   388.114   -12.42   28.92
-229275.620   388.719     2.09   29.28
-228986.313   388.045    -2.33   27.60
-228697.006   388.407     1.25   26.86
-228407.699   389.145     2.55   29.58
-228118.391   387.372    -6.13   25.80
-227829.084   390.724    11.59   29.63
-227539.777   398.399    26.53   33.65
-227250.470   410.441    41.62   41.07
-226961.162   417.041    22.81   42.18
-226671.855   411.940   -17.63   40.97
-226382.548   409.988    -6.75   41.68
-226093.241   406.424   -12.32   40.78
-225803.933   400.614   -20.08   33.66
-225514.626   396.329   -14.81   26.16
-225225.319   394.205    -7.34   23.72
-224936.011   396.822     9.04   24.91
-224646.704   400.131    11.44   25.22
-224357.397   408.092    27.52   25.60
-224068.089   411.748    12.64   27.95
-223778.782   417.702    20.58   31.07
-223489.474   426.238    29.50   35.55
-223200.167   433.788    26.10   39.06
-222910.859   435.576     6.18   39.45
-222621.552   435.819     0.84   40.12
-222332.244   432.702   -10.77   40.04
-222042.937   422.252   -36.12   43.45
-221753.629   412.238   -34.61   41.01
-221464.321   399.396   -44.39   30.19
-221175.014   389.562   -33.99   17.88
-220885.706   387.109    -8.48   17.76
-220596.398   393.159    20.91   27.92
-220307.090   404.436    38.98   41.08
-220017.782   418.855    49.84   53.64
-219728.475   429.431    36.56   58.98
-219439.167   448.872    67.20   61.21
-219149.859   464.943    55.55   57.61
-218860.551   470.702    19.91   54.02
-218571.242   465.719   -17.22   53.40
-218281.934   459.984   -19.82   48.48
-217992.626   461.397     4.89   42.77
-217703.318   470.516    31.52   44.46
-217414.010   484.363    47.87   44.78
-217124.701   500.734    56.59   42.17
-216835.393   507.347    22.86   39.81
-216546.084   510.872    12.19   39.77
-216256.776   512.821     6.73   39.81
-215967.467   506.045   -23.42   44.55
-215678.159   492.329   -47.41   46.22
-215388.850   473.505   -65.06   48.75
-215099.541   464.872   -29.84   46.97
-214810.232   460.622   -14.69   44.93
-214520.924   459.206    -4.89   44.49
-214231.615   451.993   -24.93   40.40
-213942.306   456.527    15.67   41.59
-213652.996   473.516    58.72   44.83
-213363.687   482.143    29.82   44.96
-213074.378   476.569   -19.27   47.00
-212785.069   475.958    -2.11   43.27
-212495.759   480.770    16.63   44.60
-212206.450   480.165    -2.09   46.42
-211917.140   467.429   -44.02   49.05
-211627.831   448.993   -63.72   48.35
-211338.521   437.092   -41.13   48.84
-211049.211   441.962    16.83   50.32
-210759.901   434.372   -26.24   50.59
-210470.592   428.101   -21.67   51.04
-210181.282   415.872   -42.27   47.89
-209891.971   405.719   -35.09   50.21
-209602.661   397.206   -29.43   44.85
-209313.351   388.062   -31.61   38.06
-209024.041   387.516    -1.89   36.20
-208734.730   384.499   -10.43   34.82
-208445.420   381.068   -11.86   32.49
-208156.109   379.301    -6.11   33.96
-207866.798   372.338   -24.07   31.32
-207577.487   362.510   -33.97   21.02
-207288.177   359.576   -10.14   19.59
-206998.866   358.740    -2.89   18.45
-206709.554   359.062     1.11   19.40
-206420.243   360.855     6.20   18.94
-206130.932   360.444    -1.42   20.70
-205841.620   356.972   -12.00   19.29
-205552.309   354.991    -6.85   17.41
-205262.997   355.022     0.11   17.86
-204973.686   356.924     6.58   17.48
-204684.374   356.498    -1.47   17.28
-204395.062   355.889    -2.10   17.12
-204105.750   358.200     7.99   18.07
-203816.437   360.544     8.10   18.18
-203527.125   364.160    12.50   19.47
-203237.813   367.659    12.09   20.93
-202948.500   371.752    14.15   21.84
-202659.188   378.734    24.14   18.18
-202369.875   382.937    14.53   18.28
-202080.562   383.200     0.91   19.28
-201791.249   382.938    -0.90   19.37
-201501.936   383.079     0.49   19.14
-201212.623   385.364     7.90   17.71
-200923.309   382.527    -9.80   18.73
-200633.996   380.472    -7.10   19.62
-200344.682   374.609   -20.26   21.68
-200055.368   370.715   -13.46   23.45
-199766.055   367.200   -12.15   22.78
-199476.741   364.448    -9.51   20.42
-199187.426   366.752     7.96   21.65
-198898.112   372.544    20.02   24.54
-198608.798   376.752    14.54   23.09
-198319.483   377.269     1.79   21.76
-198030.168   376.407    -2.98   21.58
-197740.854   378.286     6.50   21.72
-197451.539   379.904     5.59   23.49
-197162.224   376.079   -13.22   22.64
-196872.908   377.448     4.73   21.56
-196583.593   378.516     3.69   21.11
-196294.277   380.638     7.34   21.15
-196004.962   380.117    -1.80   19.18
-195715.646   381.669     5.36   19.08
-195426.330   387.855    21.38   22.10
-195137.014   389.680     6.31   22.85
-194847.698   390.614     3.23   24.52
-194558.381   393.505     9.99   24.52
-194269.065   395.272     6.11   23.10
-193979.748   396.387     3.86   22.59
-193690.431   399.944    12.29   21.56
-193401.114   399.405    -1.86   20.21
-193111.797   399.785     1.31   20.73
-192822.479   400.265     1.66   21.63
-192533.162   398.753    -5.22   21.11
-192243.844   400.527     6.13   20.98
-191954.526   400.414    -0.39   20.53
-191665.208   401.748     4.61   19.28
-191375.890   402.605     2.96   19.34
-191086.572   405.770    10.94   17.78
-190797.253   403.272    -8.64   20.38
-190507.935   399.322   -13.65   20.44
-190218.616   397.373    -6.74   20.49
-189929.297   397.211    -0.56   21.02
-189640.006   394.596    -9.04   19.87
-189350.725   394.330    -0.92   19.94
-189061.444   394.550     0.76   20.41
-188772.162   395.321     2.66   22.37
-188482.881   396.234     3.16   22.99
-188193.599   392.803   -11.86   22.96
-187904.317   389.538   -11.29   21.52
-187615.035   387.838    -5.88   20.59
-187325.753   386.422    -4.90   22.09
-187036.471   385.045    -4.76   24.42
-186747.188   380.837   -14.54   26.76
-186457.905   371.757   -31.39   26.95
-186168.622   369.988    -6.11   26.39
-185879.339   370.166     0.62   27.42
-185590.056   368.373    -6.20   26.78
-185300.772   367.527    -2.92   23.95
-185011.488   368.482     3.30   24.88
-184722.205   371.458    10.29   25.53
-184432.920   376.789    18.43   24.26
-184143.636   383.372    22.76   24.57
-183854.352   387.596    14.60   28.10
-183565.067   390.217     9.06   29.82
-183275.782   386.072   -14.33   30.56
-182986.497   382.605   -11.98   32.05
-182697.211   378.441   -14.39   32.48
-182407.926   369.705   -30.20   28.33
-182118.640   361.284   -29.11   20.79
-181829.354   362.838     5.37   22.30
-181540.068   368.338    19.01   26.28
-181250.782   376.655    28.75   30.25
-180961.495   382.138    18.95   28.18
-180672.208   388.766    22.91   25.19
-180382.921   393.286    15.63   23.77
-180093.634   394.355     3.70   23.69
-179804.347   394.938     2.02   22.91
-179515.059   389.986   -17.12   23.46
-179225.771   384.389   -19.35   19.60
-178936.483   381.222   -10.95   18.82
-178647.195   380.592    -2.18   18.71
-178357.906   381.005     1.43   18.95
-178068.618   384.126    10.79   19.09
-177779.329   387.991    13.36   18.78
-177490.039   393.787    20.04   18.49
-177200.750   396.555     9.57   19.14
-176911.460   398.205     5.70   19.65
-176622.170   395.527    -9.26   19.95
-176332.880   395.601     0.25   19.01
-176043.590   396.722     3.87   19.27
-175754.299   396.697    -0.08   19.09
-175465.008   399.228     8.75   18.64
-175175.717   401.579     8.13   17.59
-174886.426   403.972     8.27   18.23
-174597.135   407.055    10.66   19.53
-174307.843   411.165    14.21   23.59
-174018.551   420.855    33.49   28.82
-173729.258   425.962    17.65   30.11
-173439.966   425.505    -1.58   29.81
-173150.673   422.788    -9.39   25.49
-172861.380   419.888   -10.02   22.53
-172572.087   420.717     2.86   22.70
-172282.793   420.676    -0.14   24.23
-171993.500   428.138    25.79   32.76
-171704.206   438.700    36.51   39.30
-171414.911   442.772    14.08   41.61
-171125.617   446.347    12.36   40.25
-170836.322   447.217     3.01   41.41
-170547.027   448.114     3.10   42.41
-170257.732   447.631    -1.67   42.71
-169968.436   442.216   -18.72   41.55
-169679.141   433.803   -29.08   36.20
-169389.844   430.131   -12.69   37.59
-169100.548   423.200   -23.96   36.57
-168811.252   413.114   -34.86   31.05
-168521.955   412.403    -2.46   29.98
-168232.658   413.092     2.38   29.48
-167943.360   412.550    -1.87   31.48
-167654.063   412.574     0.08   32.93
-167364.765   413.631     3.65   35.11
-167075.466   415.788     7.46   34.34
-166786.168   418.533     9.49   31.58
-166496.869   417.839    -2.40   29.19
-166207.570   414.784   -10.56   30.17
-165918.271   416.303     5.25   29.23
-165628.971   414.784    -5.25   28.26
-165339.671   412.222    -8.86   28.05
-165050.371   404.088   -28.11   27.23
-164761.071   397.717   -22.02   25.18
-164471.770   399.172     5.03   25.78
-164182.469   395.683   -12.06   28.60
-163893.168   389.635   -20.91   28.99
-163603.866   384.972   -16.12   27.61
-163314.565   381.572   -11.75   26.30
-163025.262   382.288     2.48   27.35
-162735.960   385.372    10.66   28.43
-162446.657   390.702    18.42   32.45
-162157.354   397.976    25.14   32.44
-161868.051   402.888    16.98   31.64
-161578.747   411.155    28.58   34.18
-161289.443   423.212    41.68   38.61
-161000.139   432.397    31.75   41.86
-160710.835   436.510    14.22   40.07
-160421.530   441.755    18.13   39.22
-160132.225   448.238    22.41   39.59
-159842.919   454.109    20.29   41.66
-159553.614   456.683     8.89   42.57
-159264.308   455.557    -3.89   38.29
-158975.001   460.025    15.44   36.02
-158685.695   460.669     2.23   35.00
-158396.388   455.661   -17.31   33.59
-158107.081   455.228    -1.50   32.26
-157817.773   452.159   -10.61   34.08
-157528.465   451.872    -0.99   34.44
-157239.157   442.527   -32.30   31.66
-156949.848   441.281    -4.31   31.27
-156660.540   442.321     3.59   31.63
-156371.230   445.648    11.50   36.83
-156081.921   448.200     8.82   38.72
-155792.611   451.424    11.14   37.02
-155503.301   453.429     6.93   36.47
-155213.991   449.062   -15.09   34.41
-154924.680   449.022    -0.14   36.59
-154635.369   456.623    26.27   36.57
-154346.057   460.330    12.81   35.67
-154056.746   468.544    28.39   37.77
-153767.434   474.222    19.63   37.66
-153478.121   489.314    52.17   43.43
-153188.809   500.750    39.53   44.40
-152899.495   504.665    13.53   44.69
-152610.182   495.702   -30.98   57.47
-152320.868   473.906   -75.34   73.63
-152031.554   451.922   -75.99   77.06
-151742.240   434.924   -58.75   75.01
-151452.925   402.753  -111.20   57.46
-151163.610   386.715   -55.44   45.68
-150874.295   374.488   -42.26   32.38
-150584.979   368.478   -20.77   28.59
-150295.663   363.838   -16.04   25.67
-150006.346   360.228   -12.48   27.85
-149717.029   360.873     2.23   29.81
-149427.712   361.567     2.40   31.39
-149138.395   357.906   -12.65   33.01
-148849.077   353.188   -16.31   30.75
-148559.759   349.216   -13.73   27.16
-148270.440   347.890    -4.58   26.26
-147981.121   346.889    -3.46   27.31
-147691.802   343.321   -12.33   27.94
-147402.482   341.072    -7.77   28.02
-147113.162   339.117    -6.76   28.36
-146823.842   337.821    -4.48   28.62
-146534.521   335.631    -7.57   28.10
-146245.200   331.123   -15.58   24.76
-145955.879   324.694   -22.22   23.80
-145666.557   323.008    -5.83   25.07
-145377.235   318.122   -16.89   24.16
-145087.912   312.596   -19.10   19.66
-144798.589   310.890    -5.90   18.11
-144509.266   309.702    -4.10   16.60
-144219.942   307.734    -6.80   16.51
-143930.618   306.757    -3.38   17.65
-143641.294   308.131     4.75   20.18
-143351.969   309.767     5.66   21.74
-143062.644   309.476    -1.01   21.18
-142773.318   306.389   -10.67   19.99
-142483.992   306.314    -0.26   19.35
-142194.666   306.165    -0.51   18.94
-141905.339   310.803    16.03   21.94
-141616.012   313.665     9.89   24.26
-141326.685   315.648     6.85   24.17
-141037.357   317.122     5.09   25.29
-140748.029   318.669     5.35   24.90
-140458.700   314.655   -13.87   27.81
-140169.371   302.980   -40.35   26.61
-139880.042   294.183   -30.41   24.91
-139590.712   285.555   -29.82   18.89
-139301.382   280.974   -15.83   14.39
-139012.051   278.380    -8.96   10.46
-138722.720   279.944     5.41   11.36
-138433.389   283.924    13.75   10.47
-138144.057   286.465     8.78   10.24
-137854.725   287.669     4.16    9.78
-137565.393   289.172     5.20    9.95
-137276.060   289.545     1.29    9.52
-136986.726   290.211     2.30    9.03
-136697.393   290.048    -0.56    8.49
-136408.058   290.588     1.87    7.91
-136118.724   293.429     9.82   12.55
-135829.389   295.579     7.43   15.01
-135540.054   296.805     4.24   14.30
-135250.718   299.252     8.46   13.39
-134961.381   301.993     9.47   13.38
-134672.045   306.872    16.86   16.11
-134382.708   310.177    11.42   16.92
-134093.370   312.822     9.14   17.54
-133804.033   318.123    18.32   19.22
-133514.694   328.305    35.19   24.64
-133225.356   332.872    15.79   28.95
-132936.016   336.694    13.21   34.66
-132646.677   337.905     4.19   38.16
-132357.337   336.380    -5.27   38.40
-132067.996   336.665     0.98   41.20
-131778.656   328.605   -27.86   38.50
-131489.314   324.330   -14.77   32.19
-131199.973   320.889   -11.89   27.58
-130910.631   313.905   -24.14   20.13
-130621.288   307.424   -22.40   12.10
-130331.945   305.855    -5.42   12.30
-130042.602   305.188    -2.30   12.57
-129753.258   305.476     0.99   13.63
-129463.914   302.488   -10.32   13.53
-129174.569   301.538    -3.28   13.08
-128885.224   304.424     9.97   16.85
-128595.878   306.665     7.75   18.02
-128306.532   310.010    11.56   19.44
-128017.186   310.658     2.24   18.38
-127727.839   314.355    12.78   16.84
-127438.538   316.753     8.29   16.38
-127149.288   315.889    -2.99   17.62
-126860.037   311.694   -14.50   16.93
-126570.786   308.380   -11.46   16.11
-126281.535   306.588    -6.19   14.01
-125992.283   305.722    -3.00   12.62
-125703.030   307.855     7.38   13.31
-125413.777   308.924     3.70   12.75
-125124.524   310.238     4.54   12.20
-124835.270   311.669     4.94   12.63
-124546.016   310.806    -2.98   13.70
-124256.761   308.045    -9.55   14.41
-123967.506   304.683   -11.62   14.12
-123678.250   300.364   -14.93   11.90
-123388.994   297.522    -9.83   10.88
-123099.738   296.288    -4.26    9.75
-122810.481   295.562    -2.51    9.81
-122521.223   297.025     5.06   11.47
-122231.965   297.819     2.75   12.03
-121942.707   299.719     6.57   13.13
-121653.448   300.232     1.77   14.88
-121364.188   300.279     0.16   15.32
-121074.929   300.772     1.70   15.30
-120785.668   299.998    -2.68   14.12
-120496.408   296.923   -10.63   11.79
-120207.146   294.889    -7.03   12.73
-119917.885   292.588    -7.96   13.60
-119628.622   291.371    -4.21   13.82
-119339.360   289.978    -4.82   13.14
-119050.096   289.138    -2.90   13.49
-118760.833   291.016     6.49   16.72
-118471.569   292.581     5.41   18.63
-118182.304   294.126     5.34   19.13
-117893.039   298.431    14.88   20.18
-117603.773   300.993     8.86   21.86
-117314.507   301.188     0.68   23.23
-117025.241   301.088    -0.35   22.62
-116735.973   299.041    -7.08   22.62
-116446.706   300.691     5.70   22.86
-116157.438   301.092     1.39   22.48
-115868.169   297.694   -11.75   19.14
-115578.900   295.770    -6.65   16.70
-115289.631   295.821     0.17   15.11
-115000.361   297.560     6.01   15.42
-114711.090   302.533    17.19   16.10
-114421.819   308.228    19.69   16.31
-114132.548   311.407    10.99   16.36
-113843.275   311.557     0.52   14.86
-113554.003   311.088    -1.62   14.94
-113264.730   309.397    -5.85   15.38
-112975.456   307.255    -7.41   16.19
-112686.182   303.769   -12.05   16.17
-112396.908   301.284    -8.59   14.12
-112107.632   299.953    -4.60   12.24
-111818.357   302.072     7.32   11.96
-111529.081   303.705     5.65   12.31
-111239.804   307.662    13.68   12.36
-110950.527   311.907    14.67   12.95
-110661.249   315.786    13.41   13.74
-110371.971   320.407    15.97   14.44
-110082.692   322.462     7.10   13.99
-109793.413   328.752    21.74   18.07
-109504.133   340.579    40.89   24.97
-109214.853   347.462    23.79   27.60
-108925.572   351.906    15.36   27.20
-108636.291   352.871     3.34   27.38
-108347.009   356.683    13.17   26.09
-108057.727   360.652    13.72   21.88
-107768.444   359.259    -4.82   21.36
-107479.160   357.303    -6.76   17.89
-107189.876   354.279   -10.46   15.96
-106900.592   349.700   -15.83   16.95
-106611.307   350.161     1.60   17.94
-106322.021   347.944    -7.66   18.95
-106032.735   349.194     4.32   22.68
-105743.448   350.786     5.50   23.70
-105454.161   349.576    -4.18   23.61
-105164.873   356.855    25.16   22.57
-104875.585   360.872    13.89   21.32
-104586.296   363.025     7.44   22.30
-104297.007   362.694    -1.14   20.60
-104007.717   360.101    -8.96   19.08
-103718.426   359.472    -2.18   19.00
-103429.135   355.397   -14.08   17.98
-103139.844   347.770   -26.36   16.76
-102850.552   341.641   -21.19   13.38
-102561.259   340.855    -2.72   14.36
-102271.966   343.355     8.64   16.55
-101982.672   346.372    10.43   18.57
-101693.378   351.138    16.48   18.65
-101404.083   354.118    10.30   17.18
-101114.787   354.872     2.61   15.83
-100825.491   352.510    -8.16   15.94
-100536.195   349.638    -9.93   16.12
-100246.897   343.923   -19.76   18.22
 -99957.600   337.618   -21.79   14.43
 -99668.301   334.993    -9.07   13.86
 -99379.003   333.908    -3.75   14.27
 -99089.703   331.438    -8.54   15.86
 -98800.403   327.472   -13.71   17.37
 -98511.103   323.871   -12.44   15.86
 -98221.802   323.476    -1.37   15.45
 -97932.500   323.311    -0.57   13.77
 -97643.198   324.072     2.63   14.24
 -97353.895   330.424    21.96   18.61
 -97064.591   338.478    27.84   19.92
 -96775.287   346.217    26.75   20.84
 -96485.983   357.648    39.51   27.84
 -96196.678   368.838    38.68   38.25
 -95907.372   386.941    62.58   47.54
 -95618.065   403.658    57.78   52.65
 -95328.759   420.010    56.52   53.96
 -95039.451   445.448    87.93   71.08
 -94750.143   458.051    43.56   76.28
 -94460.834   465.272    24.96   80.51
 -94171.525   451.774   -46.65   82.99
 -93882.215   435.363   -56.72   87.39
 -93592.905   413.499   -75.57   87.38
 -93303.594   394.592   -65.35   79.14
 -93014.282   370.286   -84.01   63.63
 -92724.970   351.160   -66.11   41.70
 -92435.657   341.355   -33.89   23.90
 -92146.344   340.565    -2.73   18.23
 -91857.029   343.259     9.31   24.08
 -91567.715   350.922    26.49   27.28
 -91278.400   355.487    15.78   33.87
 -90989.084   361.055    19.25   37.69
 -90699.767   360.923    -0.46   38.16
 -90410.450   366.493    19.25   39.49
 -90121.133   373.719    24.98   41.72
 -89831.814   382.452    30.18   41.96
 -89542.496   389.538    24.49   44.96
 -89253.176   408.372    65.10   52.26
 -88963.856   432.438    83.18   64.21
 -88674.535   469.618   128.51   76.96
 -88385.214   503.294   116.40   88.44
 -88095.892   527.738    84.49   81.18
 -87806.569   553.286    88.30   64.27
 -87517.246   558.505    18.04   56.37
 -87227.922   557.938    -1.96   56.55
 -86938.598   545.962   -41.39   63.49
 -86649.273   520.683   -87.37   59.83
 -86359.947   503.123   -60.69   46.07
 -86070.621   502.788    -1.16   57.05
 -85781.294   517.940    52.37   87.41
 -85491.967   545.105    93.89  110.86
 -85202.638   586.476   142.99  123.90
 -84913.310   624.452   131.25  116.99
 -84623.980   645.889    74.09  100.79
 -84334.650   638.228   -26.48  102.10
 -84045.319   613.403   -85.80  116.34
 -83755.988   574.993  -132.76  120.55
 -83466.656   528.596  -160.36  100.66
 -83177.324   505.786   -78.84   83.33
 -82887.990   491.924   -47.91   83.93
 -82598.656   477.363   -50.32   91.74
 -82309.322   458.458   -65.34   95.51
 -82019.987   453.114   -18.47   96.94
 -81730.651   446.665   -22.29   87.64
 -81441.314   442.550   -14.22   75.88
 -81151.977   451.605    31.30   72.53
 -80862.640   474.941    80.65   81.25
 -80573.301   509.588   119.75   78.22
 -80283.962   538.730   100.72   61.80
 -79994.622   559.958    73.37   42.68
 -79705.282   568.722    30.29   41.67
 -79415.941   572.205    12.04   42.29
 -79126.599   574.305     7.26   50.29
 -78837.257   579.676    18.56   51.32
 -78547.914   585.200    19.09   47.23
 -78258.570   587.614     8.34   40.93
 -77969.226   586.588    -3.54   32.20
 -77679.881   576.314   -35.51   32.61
 -77390.536   564.389   -41.21   35.85
 -77101.189   536.155   -97.58   43.48
 -76811.842   500.574  -122.97   69.30
 -76522.495   458.272  -146.20   91.50
 -76233.146   410.160  -166.28  100.06
 -75943.797   384.510   -88.65   91.18
 -75654.448   361.022   -81.18   75.54
 -75365.098   352.505   -29.43   68.62
 -75075.747   354.972     8.52   66.03
 -74786.395   368.200    45.72   63.72
 -74497.043   378.821    36.71   56.82
 -74207.690   376.655    -7.49   58.56
 -73918.336   356.381   -70.07   63.98
 -73628.982   338.618   -61.39   59.34
 -73339.627   314.148   -84.57   54.67
 -73050.271   299.955   -49.05   49.40
 -72760.914   285.722   -49.19   41.97
 -72471.557   272.200   -46.73   30.57
 -72182.200   265.665   -22.58   26.94
 -71892.841   262.730   -10.14   21.38
 -71603.482   259.722   -10.40   23.86
 -71314.122   253.672   -20.91   25.67
 -71024.762   247.455   -21.48   21.54
 -70735.400   242.079   -18.58   16.97
 -70446.038   238.855   -11.14   14.06
 -70156.676   236.755    -7.26   11.97
 -69867.313   233.614   -10.86   11.22
 -69577.949   230.872    -9.48   12.82
 -69288.584   227.872   -10.37   14.52
 -68999.218   220.114   -26.81   14.10
 -68709.852   214.217   -20.38   12.66
 -68420.486   208.096   -21.15   11.71
 -68131.118   203.593   -15.56   10.35
 -67841.750   200.872    -9.40    9.39
 -67552.381   198.717    -7.45   10.29
 -67263.011   197.596    -3.87   14.78
 -66973.641   194.700   -10.01   26.33
 -66684.270   187.597   -24.55   31.86
 -66394.898   179.957   -26.40   38.24
 -66105.526   167.838   -41.88   40.19
 -65816.153   153.539   -49.41   31.39
 -65526.779   141.665   -41.03   18.47
 -65237.439   135.972   -19.68   12.05
 -64948.219   134.211    -6.09   11.72
 -64658.998   135.281     3.70   12.96
 -64369.776   137.337     7.11   14.47
 -64080.554   138.562     4.23   15.39
 -63791.331   140.534     6.82   16.00
 -63502.107   141.205     2.32   16.18
 -63212.882   137.822   -11.70   16.55
 -62923.657   132.183   -19.50   13.11
 -62634.431   127.488   -16.23   11.20
 -62345.204   124.096   -11.73    9.99
 -62055.977   121.652    -8.45    7.70
 -61766.749   119.522    -7.36    4.90
 -61477.520   119.188    -1.15    4.21
 -61188.290   119.538     1.21    4.41
 -60899.060   120.993     5.03    6.21
 -60609.829   124.567    12.36   11.04
 -60320.597   136.889    42.60   31.84
 -60031.364   145.658    30.32   36.09
 -59742.131   152.705    24.36   36.80
 -59452.897   158.998    21.76   36.26
 -59163.662   160.041     3.61   34.44
 -58874.426   157.644    -8.29   33.95
 -58585.190   150.724   -23.93   31.33
 -58295.953   140.972   -33.72   17.38
 -58006.715   136.188   -16.54   11.85
 -57717.477   133.389    -9.68    8.33
 -57428.237   133.206    -0.63    9.22
 -57138.997   134.567     4.71   12.58
 -56849.757   138.380    13.18   15.24
 -56560.515   140.290     6.60   14.42
 -56271.273   140.753     1.60   14.17
 -55982.030   141.409     2.27   12.47
 -55692.786   142.686     4.41   12.62
 -55403.541   149.855    24.79   20.77
 -55114.296   160.412    36.50   28.51
 -54825.050   169.200    30.38   29.36
 -54535.803   178.734    32.96   26.00
 -54246.555   182.269    12.22   22.82
 -53957.307   180.062    -7.63   20.42
 -53668.058   175.772   -14.83   17.86
 -53378.808   172.252   -12.17   16.56
 -53089.557   168.472   -13.07   15.80
 -52800.306   165.891    -8.92   15.91
 -52511.054   164.752    -3.94   15.08
 -52221.801   161.740   -10.41   13.95
 -51932.547   159.572    -7.50   12.25
 -51643.292   157.921    -5.71    9.87
 -51354.037   156.750    -4.05    7.35
 -51064.781   156.510    -0.83    5.92
 -50775.524   159.414    10.04   10.55
 -50486.266   165.438    20.83   16.45
 -50197.008   171.122    19.65   18.64
 -49907.749   175.407    14.81   18.76
 -49618.489   178.313    10.05   17.66
 -49329.228   177.715    -2.07   17.73
 -49039.966   175.988    -5.97   18.20
 -48750.704   170.488   -19.01   17.32
 -48461.441   166.803   -12.74   14.90
 -48172.177   162.172   -16.01    8.97
 -47882.912   160.700    -5.09    6.19
 -47593.647   159.584    -3.86    6.14
 -47304.380   158.991    -2.05    6.52
 -47015.113   159.126     0.47    6.43
 -46725.845   158.035    -3.77    6.20
 -46436.577   156.925    -3.84    6.37
 -46147.307   154.272    -9.17    6.62
 -45858.037   151.579    -9.31    6.57
 -45568.766   149.740    -6.36    6.34
 -45279.494   148.788    -3.29    5.75
 -44990.221   147.562    -4.24    4.72
 -44700.948   147.700     0.48    5.21
 -44411.673   149.409     5.91    6.49
 -44122.398   150.272     2.98    6.24
 -43833.122   151.041     2.66    6.20
 -43543.846   151.705     2.29    6.23
 -43254.568   153.010     4.51    6.90
 -42965.290   155.248     7.74    7.22
 -42676.010   156.488     4.29    7.00
 -42386.730   159.338     9.85    8.21
 -42097.450   162.438    10.72    8.09
 -41808.168   165.262     9.76    7.65
 -41518.886   167.079     6.28    6.75
 -41229.602   167.527     1.55    5.80
 -40940.318   166.631    -3.10    6.05
 -40651.033   165.609    -3.53    6.43
 -40361.748   165.321    -1.00    7.33
 -40072.461   165.736     1.44    9.61
 -39783.174   167.717     6.85   11.18
 -39493.885   171.284    12.33   13.14
 -39204.596   175.544    14.73   14.78
 -38915.306   179.272    12.89   14.31
 -38626.016   183.199    13.58   14.46
 -38336.724   186.364    10.94   14.83
 -38047.432   189.821    11.95   15.31
 -37758.139   192.957    10.84   16.61
 -37468.845   194.804     6.39   15.69
 -37179.550   196.838     7.03   16.57
 -36890.254   197.872     3.57   16.39
 -36600.957   194.493   -11.68   17.75
 -36311.660   192.924    -5.42   19.06
 -36022.362   186.397   -22.56   20.97
 -35733.063   183.228   -10.96   20.61
 -35443.763   179.200   -13.92   22.08
 -35154.462   174.601   -15.90   23.16
 -34865.160   173.087    -5.23   24.08
 -34575.858   170.722    -8.18   24.66
 -34286.554   169.038    -5.82   26.76
 -33997.250   171.177     7.39   28.33
 -33707.945   171.605     1.48   29.19
 -33418.639   170.891    -2.47   30.83
 -33129.333   170.516    -1.30   32.66
 -32840.025   175.889    18.57   29.73
 -32550.717   181.889    20.74   26.13
 -32261.407   183.527     5.66   23.52
 -31972.097   176.083   -25.73   28.26
 -31682.786   166.188   -34.20   32.23
 -31393.474   153.373   -44.30   33.99
 -31104.161   141.097   -42.43   34.15
 -30814.848   126.755   -49.57   30.22
 -30525.533   115.072   -40.38   22.65
 -30236.218   105.510   -33.05   16.17
 -29946.902   100.452   -17.48   16.50
 -29657.584    96.702   -12.96   16.13
 -29368.266    92.313   -15.17   16.27
 -29078.948    89.642    -9.23   15.73
 -28789.628    88.338    -4.51   15.52
 -28500.307    92.855    15.61   18.48
 -28210.986    97.584    16.34   19.66
 -27921.663   102.907    18.40   19.51
 -27632.340   106.609    12.80   20.43
 -27343.016   110.752    14.32   19.36
 -27053.691   115.010    14.72   16.46
 -26764.365   115.821     2.80   15.50
 -26475.038   113.821    -6.91   15.44
 -26185.711   108.265   -19.20   17.50
 -25896.382   100.769   -25.91   19.69
 -25607.053    91.005   -33.75   18.40
 -25317.722    83.183   -27.04   16.54
 -25028.391    75.545   -26.40   16.07
 -24739.059    66.839   -30.09   16.03
 -24449.726    60.055   -23.45   14.86
 -24160.392    54.572   -18.95   12.62
 -23871.057    51.873    -9.33   11.54
 -23581.722    50.458    -4.89    9.72
 -23292.385    48.955    -5.20    9.52
 -23003.048    46.769    -7.56    9.47
 -22713.709    45.922    -2.93   10.81
 -22424.370    44.096    -6.31   12.52
 -22135.030    40.889   -11.09   12.54
 -21845.689    36.694   -14.50   10.03
 -21556.347    34.472    -7.68    8.25
 -21267.004    31.838    -9.10    7.40
 -20977.660    30.907    -3.22    7.26
 -20688.315    32.143     4.27    8.81
 -20398.970    33.801     5.73   11.28
 -20109.623    37.872    14.07   14.14
 -19820.276    41.109    11.19   15.19
 -19530.927    41.455     1.19   14.70
 -19241.578    42.986     5.29   13.91
 -18952.228    42.444    -1.87   13.64
 -18662.877    39.347   -10.71   16.11
 -18373.525    36.717    -9.09   17.43
 -18084.172    32.288   -15.31   15.64
 -17794.818    28.281   -13.85   15.82
 -17505.463    24.008   -14.77   14.80
 -17216.107    20.872   -10.84   15.72
 -16926.750    16.337   -15.67   12.37
 -16637.393    12.597   -12.93    9.28
 -16348.034     9.414   -11.00    5.25
 -16058.675     7.736    -5.80    3.63
 -15769.314     6.648    -3.76    3.46
 -15479.953     5.641    -3.48    2.82
 -15190.591     4.872    -2.66    2.37
 -14901.228     4.234    -2.20    1.59
 -14611.863     3.921    -1.08    1.55
 -14322.498     3.652    -0.93    1.30
 -14033.132     3.248    -1.40    1.26
 -13743.765     2.976    -0.94    1.33
 -13454.398     2.786    -0.66    1.25
 -13165.029     2.576    -0.72    1.24
 -12875.659     2.407    -0.59    1.30
 -12586.288     2.234    -0.60    1.18
 -12296.917     2.217    -0.06    1.17
 -12007.544     2.276     0.20    1.18
 -11718.170     2.281     0.02    1.20
 -11428.796     2.172    -0.38    1.16
 -11139.420     2.576     1.40    1.24
 -10850.044     2.504    -0.25    1.51
 -10560.667     2.527     0.08    1.81
 -10271.288     2.505    -0.08    1.80
  -9981.909     2.380    -0.43    1.84
  -9692.529     2.347    -0.12    1.77
  -9403.147     2.416     0.24    1.69
  -9113.765     2.424     0.03    1.53
  -8824.382     2.669     0.85    1.50
  -8534.998     2.974     1.05    1.54
  -8245.613     3.871     3.10    2.75
  -7956.227     4.907     3.58    3.67
  -7666.840     5.499     2.05    3.68
  -7377.452     5.409    -0.31    3.93
  -7088.063     5.228    -0.62    3.84
  -6798.673     4.740    -1.69    3.47
  -6509.282     4.025    -2.47    2.76
  -6219.890     3.405    -2.14    2.05
  -5930.498     3.416     0.04    1.78
  -5641.104     3.363    -0.18    1.82
  -5351.709     3.618     0.88    2.25
  -5062.313     4.143     1.82    3.05
  -4772.917     3.903    -0.83    3.70
  -4483.519     3.391    -1.77    3.96
  -4194.120     2.555    -2.89    3.87
  -3904.720     1.785    -2.66    3.85
  -3615.320     1.307    -1.65    3.71
  -3325.918     0.138    -4.04    1.52
  -3036.516    -0.145    -0.98    0.00
  -2747.320    -0.145     0.00    0.00
  -2458.129    -0.145     0.00    0.00
  -2168.937    -0.145     0.00    0.00
  -1879.744    -0.145     0.00    0.00
  -1590.551    -0.145     0.00    0.00
  -1301.356    -0.145     0.00    0.00
  -1012.160    -0.145     0.00    0.00
   -722.963    -0.145     0.00    0.00
   -433.765    -0.145     0.00    0.00
   -144.566    -0.145     0.00    0.00
    144.633    -0.145     0.00    0.00
    433.834    -0.145     0.00    0.00
    723.036    -0.145     0.00    0.00
   1012.239    -0.145     0.00    0.00
   1301.443    -0.145     0.00    0.00
   1590.648    -0.145     0.00    0.00
   1879.853    -0.145     0.00    0.00
   2169.060    -0.145     0.00    0.00
   2458.268    -0.145     0.00    0.00
   2747.477    -0.145     0.00    0.00
   3036.687    -0.145     0.00    0.00
   3325.898    -0.145     0.00    0.00
   3615.110    -0.145     0.00    0.00
   3904.323     0.527     2.32    2.05
   4193.537     1.522     3.44    3.00
   4482.752     2.355     2.88    3.14
   4771.968     3.101     2.58    2.98
   5061.185     3.924     2.85    2.63
   5350.403     4.803     3.04    2.04
   5639.622     4.766    -0.13    1.46
   5928.842     4.414    -1.21    1.60
   6218.063     4.265    -0.52    1.60
   6507.285     4.045    -0.76    1.74
   6796.508     3.635    -1.42    1.72
   7085.732     3.355    -0.97    1.64
   7374.957     3.079    -0.95    1.31
   7664.184     2.788    -1.01    1.29
   7953.411     2.472    -1.09    1.46
   8242.639     2.183    -1.00    1.29
   8531.869     2.176    -0.02    1.21
   8821.099     2.025    -0.53    1.12
   9110.331     1.958    -0.23    1.18
   9399.563     1.822    -0.47    1.06
   9688.797     1.788    -0.12    1.06
   9978.031     1.700    -0.31    1.07
  10267.267     1.618    -0.28    1.15
  10556.503     1.587    -0.11    1.05
  10845.741     1.658     0.25    1.06
  11134.980     1.705     0.16    1.23
  11424.220     1.753     0.17    1.27
  11713.460     1.855     0.35    1.26
  12002.702     1.926     0.25    1.32
  12291.945     2.008     0.28    1.45
  12581.189     1.821    -0.65    1.39
  12870.434     1.757    -0.22    1.37
  13159.681     1.772     0.05    1.37
  13448.928     1.730    -0.14    1.28
  13738.176     1.941     0.73    1.29
  14027.425     1.838    -0.36    1.15
  14316.676     1.675    -0.56    1.20
  14605.927     1.321    -1.22    1.25
  14895.179     1.222    -0.34    1.30
  15184.433     1.165    -0.19    1.37
  15473.688     1.188     0.08    1.41
  15762.943     1.288     0.35    1.53
  16052.200     1.488     0.69    1.46
  16341.458     1.658     0.59    1.31
  16630.717     1.752     0.32    1.13
  16919.977     1.614    -0.48    1.10
  17209.238     1.414    -0.69    1.04
  17498.500     1.355    -0.21    1.11
  17787.763     1.281    -0.26    1.06
  18077.027     1.200    -0.28    1.00
  18366.293     1.183    -0.06    0.98
  18655.559     1.355     0.60    1.06
  18944.827     1.533     0.62    1.27
  19234.095     1.462    -0.25    1.14
  19523.365     1.510     0.17    1.18
  19812.636     1.414    -0.33    1.09
  20101.908     1.534     0.41    1.42
  20391.181     1.822     1.00    1.74
  20680.455     2.199     1.31    2.37
  20969.730     2.516     1.09    2.57
  21259.006     3.296     2.70    2.82
  21548.283     4.574     4.42    4.52
  21837.562     6.596     6.99    6.49
  22126.841     8.955     8.15    7.73
  22416.122     9.872     3.17    7.59
  22705.403    12.258     8.25    8.18
  22994.686    14.118     6.43    8.47
  23283.970    15.472     4.68    8.61
  23573.255    15.399    -0.25    8.67
  23862.541    14.113    -4.44    8.41
  24151.829    13.669    -1.54    8.37
  24441.117    14.338     2.31    8.86
  24730.406    15.194     2.96    8.29
  25019.697    16.592     4.83    8.59
  25308.988    17.755     4.02    8.97
  25598.281    20.753    10.36    8.83
  25887.575    23.576     9.76    8.27
  26176.870    26.194     9.05    7.53
  26466.166    27.266     3.70    7.98
  26755.463    27.753     1.69    8.21
  27044.762    28.321     1.96    7.32
  27334.061    28.538     0.75    7.62
  27623.362    30.347     6.25    7.37
  27912.663    32.245     6.56    8.39
  28201.966    34.683     8.43    8.53
  28491.270    38.767    14.12   10.84
  28780.575    43.722    17.13   11.76
  29069.881    48.279    15.75   11.91
  29359.189    53.072    16.57   10.84
  29648.497    57.872    16.59    9.39
  29937.807    61.194    11.48    8.28
  30227.117    63.986     9.65   10.38
  30516.429    68.388    15.22   12.15
  30805.742    71.272     9.97   12.44
  31095.056    73.907     9.11   12.58
  31384.372    76.286     8.22   11.58
  31673.688    77.355     3.69   11.46
  31963.006    78.355     3.46   11.24
  32252.324    79.052     2.41   11.30
  32541.644    80.114     3.67   11.19
  32830.965    83.079    10.25   10.38
  33120.287    85.469     8.26    9.43
  33409.610    88.584    10.77    7.91
  33698.935    91.052     8.53    5.53
  33988.260    92.562     5.22    3.51
  34277.587    93.279     2.48    2.57
  34566.915    93.013    -0.92    2.57
  34856.244    92.579    -1.50    2.67
  35145.574    91.753    -2.85    2.83
  35434.905    90.753    -3.46    2.89
  35724.238    89.613    -3.94    3.19
  36013.571    88.766    -2.93    3.48
  36302.906    87.482    -4.44    3.45
  36592.242    86.734    -2.58    3.01
  36881.579    85.970    -2.64    3.00
  37170.917    85.445    -1.81    2.85
  37460.257    84.648    -2.75    2.78
  37749.597    83.872    -2.68    2.54
  38038.939    82.605    -4.38    3.09
  38328.282    79.166   -11.88    9.34
  38617.626    73.205   -20.60   14.99
  38906.971    67.109   -21.07   17.52
  39196.318    63.058   -14.00   17.08
  39485.665    63.034    -0.09   16.97
  39775.014    64.505     5.09   17.50
  40064.364    68.700    14.50   18.43
  40353.715    75.305    22.83   17.56
  40643.067    82.205    23.85   12.20
  40932.421    87.188    17.22    5.05
  41221.775    88.907     5.94    3.16
  41511.131    88.976     0.24    2.85
  41800.488    88.922    -0.19    3.00
  42089.846    89.131     0.72    3.16
  42379.206    89.238     0.37    3.24
  42668.566    89.372     0.46    3.36
  42957.928    89.943     1.97    3.64
  43247.291    90.872     3.21    3.55
  43536.655    91.888     3.51    3.42
  43826.021    92.183     1.02    3.12
  44115.387    92.165    -0.06    3.08
  44404.755    92.183     0.06    3.35
  44694.124    92.075    -0.37    3.37
  44983.494    92.234     0.55    3.21
  45272.865    92.626     1.35    3.00
  45562.238    92.838     0.73    2.69
  45851.611    92.165    -2.32    3.74
  46140.986    90.458    -5.90    5.74
  46430.362    85.804   -16.08    9.99
  46719.740    79.705   -21.08   14.45
  47009.118    71.217   -29.33   18.28
  47298.498    61.753   -32.70   17.56
  47587.879    55.676   -21.00   15.58
  47877.261    51.472   -14.53   11.82
  48166.644    49.839    -5.64   10.29
  48456.029    49.906     0.23   10.05
  48745.415    52.770     9.90   11.59
  49034.802    56.516    12.94   13.20
  49324.190    61.389    16.84   14.20
  49613.579    67.672    21.71   13.63
  49902.970    72.238    15.78   11.35
  50192.362    75.694    11.94   11.25
  50481.755    77.837     7.41   11.27
  50771.149    80.205     8.18   11.21
  51060.545    81.462     4.34   11.15
  51349.941    81.049    -1.43   11.29
  51639.339    81.448     1.38   10.81
  51928.738    81.855     1.41   10.61
  52218.139    84.041     7.56    9.82
  52507.541    87.960    13.54    9.76
  52796.943    90.672     9.37   10.31
  53086.348    95.584    16.97   10.80
  53375.753   100.248    16.12   11.03
  53665.159   106.245    20.72    9.78
  53954.567   111.426    17.90    9.62
  54243.976   116.618    17.94   10.74
  54533.387   123.769    24.71   13.98
  54822.798   130.478    23.18   15.21
  55112.211   135.482    17.29   14.50
  55401.625   138.652    10.95   12.72
  55691.040   140.665     6.96   11.76
  55980.457   142.294     5.63   11.14
  56269.875   142.101    -0.67   11.85
  56559.294   140.109    -6.88   11.43
  56848.714   138.465    -5.68   11.65
  57138.135   138.027    -1.51   11.47
  57427.558   138.802     2.68   11.10
  57716.982   143.740    17.06   13.41
  58006.407   149.838    21.07   16.81
  58295.834   156.511    23.05   17.22
  58585.262   163.680    24.77   14.71
  58874.691   169.165    18.95   10.02
  59164.121   171.228     7.13    7.72
  59453.357   172.924     5.86    3.56
  59742.518   172.314    -2.11    3.46
  60031.681   171.389    -3.20    3.38
  60320.845   170.717    -2.33    3.26
  60610.010   170.176    -1.87    3.45
  60899.176   169.722    -1.57    3.23
  61188.344   169.626    -0.33    3.51
  61477.513   169.976     1.21    3.35
  61766.684   170.652     2.34    3.63
  62055.855   171.276     2.16    3.68
  62345.028   171.234    -0.14    3.81
  62634.202   171.972     2.55    4.01
  62923.377   172.635     2.29    3.85
  63212.554   173.016     1.32    3.73
  63501.732   172.944    -0.25    3.47
  63790.911   173.038     0.33    3.43
  64080.091   172.631    -1.41    3.55
  64369.273   172.789     0.55    3.67
  64658.456   172.134    -2.27    3.67
  64947.641   172.045    -0.31    3.57
  65236.826   170.499    -5.34    6.81
  65526.013   168.444    -7.11    9.41
  65815.201   165.003   -11.90   13.86
  66104.391   163.172    -6.33   14.59
  66393.581   162.438    -2.54   14.59
  66682.773   158.482   -13.68   16.62
  66971.967   152.337   -21.25   20.82
  67261.161   146.855   -18.96   22.50
  67550.357   137.717   -31.60   27.23
  67839.554   130.488   -25.00   26.86
  68128.753   121.041   -32.67   23.85
  68417.953   113.734   -25.27   21.39
  68707.154   108.993   -16.39   17.01
  68996.356   107.010    -6.86   15.75
  69285.560   105.172    -6.36   17.04
  69574.765   102.092   -10.65   17.66
  69863.971    97.753   -15.00   18.14
  70153.179    93.614   -14.31   16.12
  70442.387    92.194    -4.91   14.27
  70731.598    91.738    -1.58   12.98
  71020.809    92.388     2.25   12.61
  71310.022    94.484     7.25   13.56
  71599.236    99.998    19.06   14.23
  71888.452   104.976    17.21   15.16
  72177.668   108.957    13.76   16.66
  72466.886   115.769    23.55   18.82
  72756.106   123.494    26.71   22.42
  73045.326   133.527    34.69   25.71
  73334.549   146.372    44.41   25.62
  73623.772   154.665    28.67   23.74
  73912.997   162.372    26.64   18.97
  74202.223   167.922    19.19   10.74
  74491.450   170.045     7.34    5.22
  74780.678   169.655    -1.35    4.17
  75069.908   168.569    -3.75    4.21
  75359.140   167.958    -2.11    3.76
  75648.372   167.988     0.10    3.32
  75937.606   167.923    -0.23    3.31
  76226.842   167.872    -0.18    3.33
  76516.078   167.998     0.44    3.40
  76805.316   167.614    -1.33    3.28
  77094.555   167.635     0.07    2.83
  77383.796   167.705     0.24    2.64
  77673.038   167.549    -0.54    2.70
  77962.281   167.424    -0.43    2.79
  78251.526   167.438     0.05    2.92
  78540.772   167.855     1.44    3.10
  78830.019   167.609    -0.85    3.06
  79119.268   167.923     1.08    3.14
  79408.518   168.075     0.53    3.48
  79697.769   167.734    -1.18    4.37
  79987.022   167.821     0.30    4.29
  80276.276   167.605    -0.75    5.04
  80565.531   167.614     0.03    5.19
  80854.788   167.396    -0.75    6.52
  81144.046   167.988     2.05    5.47
  81433.306   168.276     0.99    4.88
  81722.566   166.889    -4.80    7.32
  82011.829   165.131    -6.08    8.49
  82301.092   162.055   -10.63   11.14
  82590.357   158.665   -11.72   14.33
  82879.623   154.738   -13.58   15.66
  83168.891   151.389   -11.58   16.21
  83458.160   149.557    -6.34   16.70
  83747.430   150.488     3.22   16.82
  84036.702   152.672     7.55   16.73
  84325.975   154.314     5.68   16.80
  84615.249   157.820    12.12   15.23
  84904.525   160.907    10.67   14.07
  85193.802   161.838     3.22   13.89
  85483.081   164.941    10.73   11.03
  85772.361   167.396     8.49    8.60
  86061.642   169.493     7.25    5.05
  86350.925   170.355     2.98    3.25
  86640.209   170.958     2.09    3.33
  86929.494   171.389     1.49    3.15
  87218.781   171.691     1.04    3.18
  87508.069   171.648    -0.15    3.16
  87797.359   171.923     0.95    3.26
  88086.650   172.069     0.51    3.10
  88375.942   172.122     0.18    3.27
  88665.236   172.183     0.21    3.31
  88954.531   171.991    -0.66    3.12
  89243.827   172.126     0.47    3.14
  89533.125   172.469     1.19    2.97
  89822.424   172.389    -0.27    2.90
  90111.725   172.438     0.17    2.98
  90401.027   171.972    -1.61    2.70
  90690.331   172.161     0.66    2.92
  90979.635   172.855     2.40    2.88
  91268.942   173.105     0.86    3.03
  91558.249   173.171     0.23    2.83
  91847.558   173.576     1.40    2.90
  92136.869   173.753     0.61    3.07
  92426.181   174.010     0.89    3.40
  92715.494   174.431     1.46    3.28
  93004.809   174.873     1.53    3.55
  93294.125   175.272     1.38    3.60
  93583.442   175.974     2.43    3.56
  93872.761   176.494     1.80    3.99
  94162.081   176.330    -0.57    4.16
  94451.403   176.426     0.33    3.80
  94740.726   176.669     0.84    3.82
  95030.051   176.010    -2.28    3.65
  95319.377   176.372     1.25    3.49
  95608.704   176.092    -0.97    3.44
  95898.033   175.075    -3.51    4.43
  96187.363   172.648    -8.39    7.70
  96476.695   166.960   -19.66   12.59
  96766.028   158.388   -29.63   18.28
  97055.362   148.821   -33.07   22.74
  97344.698   137.855   -37.90   24.31
  97634.035   125.924   -41.24   22.67
  97923.374   117.605   -28.75   19.18
  98212.714   113.593   -13.87   15.98
  98502.056   113.888     1.02   16.15
  98791.399   116.238     8.12   18.84
  99080.743   121.924    19.65   21.39
  99370.089   130.338    29.08   16.82
  99659.437   135.183    16.74   14.16
  99948.785   142.596    25.62   13.92
 100238.135   149.068    22.37   15.12
 100527.487   155.941    23.75   14.56
 100816.840   161.424    18.95   14.07
 101106.195   166.105    16.18   11.22
 101395.551   170.622    15.61    6.31
 101684.908   172.593     6.81    3.70
 101974.267   173.527     3.23    3.44
 102263.627   173.313    -0.74    4.23
 102552.989   173.890     2.00    3.86
 102842.352   173.821    -0.24    4.04
 103131.717   174.355     1.85    3.77
 103421.083   175.414     3.66    4.26
 103710.450   176.807     4.81    4.98
 103999.819   178.212     4.86    5.16
 104289.190   179.838     5.62    5.02
 104578.562   182.045     7.63    5.39
 104867.935   183.544     5.18    4.41
 105157.310   184.773     4.25    4.16
 105446.686   185.389     2.13    4.40
 105736.064   185.974     2.02    4.49
 106025.443   186.944     3.35    4.30
 106314.824   186.488    -1.58    4.36
 106604.206   185.988    -1.73    4.48
 106893.590   185.923    -0.23    4.62
 107182.975   185.838    -0.29    4.25
 107472.361   186.159     1.11    4.48
 107761.749   186.177     0.06    4.44
 108051.139   186.441     0.91    4.51
 108340.530   186.576     0.47    4.52
 108629.922   187.058     1.67    4.33
 108919.316   188.013     3.30    4.55
 109208.711   187.976    -0.13    4.37
 109498.108   188.631     2.26    4.47
 109787.507   190.150     5.25    5.19
 110076.906   191.734     5.47    6.08
 110366.308   193.538     6.23    5.72
 110655.710   195.131     5.50    5.40
 110945.115   195.641     1.76    5.09
 111234.520   195.691     0.17    4.75
 111523.928   195.888     0.68    4.82
 111813.336   195.742    -0.51    4.96
 112102.747   195.504    -0.82    4.92
 112392.158   195.424    -0.28    4.67
 112681.572   194.972    -1.56    4.67
 112970.986   195.217     0.85    5.08
 113260.402   196.183     3.34    4.94
 113549.820   196.838     2.26    4.86
 113839.239   197.889     3.63    5.01
 114128.660   198.631     2.56    4.97
 114418.082   198.688     0.20    4.60
 114707.506   198.372    -1.09    4.57
 114996.931   198.131    -0.83    4.42
 115286.358   197.702    -1.48    4.60
 115575.786   197.587    -0.40    4.16
 115865.216   197.669     0.28    4.05
 116154.647   197.742     0.25    4.17
 116444.079   197.821     0.27    4.03
 116733.514   197.638    -0.63    4.29
 117022.949   197.409    -0.79    4.08
 117312.387   197.279    -0.45    3.98
 117601.825   198.527     4.31    4.29
 117891.266   198.955     1.48    4.35
 118180.707   200.085     3.90    4.45
 118470.151   200.381     1.03    4.34
 118759.596   201.822     4.98    4.36
 119049.042   202.748     3.20    3.82
 119338.490   203.758     3.49    4.51
 119627.939   204.088     1.14    4.88
 119917.390   204.822     2.53    5.13
 120206.842   205.321     1.72    5.94
 120496.296   206.614     4.47    6.37
 120785.752   207.618     3.47    6.43
 121075.209   209.686     7.14    5.83
 121364.668   211.049     4.71    5.45
 121653.973   212.177     3.90    7.93
 121943.104   212.676     1.73    8.26
 122232.237   212.821     0.50    9.28
 122521.372   213.165     1.19    8.88
 122810.508   212.970    -0.68    8.81
 123099.645   214.062     3.78    4.95
 123388.784   212.958    -3.82    6.11
 123677.925   210.596    -8.17    9.40
 123967.067   206.010   -15.86   13.99
 124256.211   196.572   -32.64   21.42
 124545.356   188.465   -28.04   22.52
 124834.503   181.138   -25.34   21.51
 125123.651   178.188   -10.20   18.79
 125412.801   179.148     3.32   19.49
 125701.952   183.560    15.26   20.18
 125991.105   188.160    15.91   20.03
 126280.260   193.705    19.18   17.60
 126569.416   197.399    12.77   14.54
 126858.574   195.527    -6.47   13.98
 127147.733   192.347   -11.00   15.49
 127436.893   187.092   -18.17   17.31
 127726.056   183.412   -12.73   16.83
 128015.220   179.596   -13.20   14.67
 128304.385   176.143   -11.94   12.73
 128593.552   177.409     4.38   12.39
 128882.720   179.313     6.58   12.14
 129171.890   181.134     6.30    9.66
 129461.062   182.499     4.72    8.00
 129750.235   180.205    -7.93    9.04
 130039.410   178.259    -6.73    9.18
 130328.586   172.906   -18.51   10.47
 130617.764   168.906   -13.83    9.94
 130906.944   168.313    -2.05    9.38
 131196.125   167.968    -1.19    9.30
 131485.307   169.534     5.41   10.95
 131774.491   172.522    10.33   12.47
 132063.677   176.605    14.12   13.45
 132352.864   181.694    17.60   12.45
 132642.053   186.972    18.25    9.23
 132931.244   190.755    13.08    7.82
 133220.436   193.872    10.78    6.58
 133509.629   196.188     8.01    6.15
 133798.825   198.055     6.45    6.78
 134088.021   201.143    10.68    7.03
 134377.220   203.626     8.58    6.84
 134666.420   206.088     8.52    6.34
 134955.621   209.069    10.31    7.35
 135244.825   212.363    11.39    7.97
 135534.029   216.683    14.93    9.00
 135823.236   219.675    10.35    8.76
 136112.443   221.269     5.51    8.57
 136401.653   221.614     1.19    8.09
 136690.864   220.338    -4.41    9.31
 136980.077   217.960    -8.22   10.84
 137269.291   215.605    -8.14   10.47
 137558.507   215.296    -1.07    9.34
 137847.724   212.605    -9.30    8.81
 138136.943   211.769    -2.89    8.75
 138426.164   212.346     2.00    8.98
 138715.386   211.675    -2.32    9.43
 139004.610   212.005     1.14    8.88
 139293.836   211.522    -1.67    8.79
 139583.063   211.399    -0.42    8.54
 139872.292   210.200    -4.15    9.23
 140161.522   210.736     1.86    9.41
 140450.754   211.010     0.95    8.78
 140739.987   211.494     1.67    8.79
 141029.223   212.148     2.26    8.38
 141318.459   213.516     4.73    7.15
 141607.698   214.266     2.59    6.96
 141896.938   216.738     8.55    7.76
 142186.179   217.920     4.08    8.76
 142475.423   219.269     4.66    9.73
 142764.667   220.638     4.73    9.47
 143053.914   222.303     5.76    8.76
 143343.162   221.838    -1.61    8.82
 143632.412   221.025    -2.81    8.58
 143921.663   219.516    -5.22    8.63
 144210.916   215.758   -12.99   11.10
 144500.171   211.516   -14.67   10.68
 144789.427   206.622   -16.92   12.01
 145078.685   202.662   -13.69   13.51
 145367.944   199.516   -10.88   14.26
 145657.205   197.072    -8.45   15.38
 145946.468   193.122   -13.66   18.41
 146235.733   188.683   -15.35   21.36
 146524.999   183.284   -18.66   22.99
 146814.266   178.150   -17.75   22.84
 147103.536   172.753   -18.66   23.75
 147392.807   164.052   -30.08   25.49
 147682.079   154.991   -31.32   27.51
 147971.353   146.980   -27.69   29.11
 148260.629   139.499   -25.86   28.50
 148549.907   127.993   -39.78   27.36
 148839.186   115.255   -44.03   22.79
 149128.467   107.245   -27.69   17.43
 149417.749   103.286   -13.69   15.66
 149707.034   103.027    -0.89   16.69
 149996.319   104.631     5.54   17.39
 150285.607   108.396    13.02   18.38
 150574.896   114.010    19.41   18.46
 150864.187   122.584    29.64   16.93
 151153.479   128.372    20.01   15.41
 151442.773   134.941    22.71   14.91
 151732.069   139.166    14.61   14.89
 152021.366   144.022    16.78   13.63
 152310.665   149.072    17.46   15.60
 152599.966   149.259     0.65   16.42
 152889.269   148.148    -3.84   15.00
 153178.573   147.455    -2.40   14.61
 153467.878   146.493    -3.33   13.27
 153757.186   148.755     7.82   14.77
 154046.495   150.734     6.84   13.90
 154335.806   153.228     8.62   14.46
 154625.118   154.943     5.93   12.48
 154914.432   154.272    -2.32   12.83
 155203.748   152.355    -6.62   13.41
 155493.065   148.407   -13.65   14.81
 155782.384   141.005   -25.58   12.99
 156071.705   136.294   -16.28   13.03
 156361.028   132.510   -13.08   11.78
 156650.352   127.363   -17.79   11.59
 156939.678   123.288   -14.09   10.48
 157229.005   121.888    -4.84    9.45
 157518.334   121.206    -2.36   10.34
 157807.665   122.972     6.10   11.73
 158096.998   125.889    10.08   12.26
 158386.332   128.565     9.25   13.13
 158675.668   133.188    15.98   11.18
 158965.006   133.855     2.30   10.43
 159254.345   133.269    -2.03   11.59
 159543.686   131.444    -6.31   11.27
 159833.029   130.661    -2.71   10.61
 160122.373   130.499    -0.56   10.02
 160411.720   128.538    -6.78    8.47
 160701.067   128.131    -1.41    8.08
 160990.417   128.534     1.39    7.96
 161279.768   129.905     4.74    9.42
 161569.121   131.458     5.37    9.90
 161858.476   133.805     8.11   10.73
 162147.832   136.938    10.83   10.88
 162437.190   141.027    14.13   10.14
 162726.550   144.700    12.69    9.19
 163015.912   148.941    14.66    9.07
 163305.275   152.494    12.28    7.45
 163594.640   154.907     8.34    6.82
 163884.006   156.753     6.38    7.84
 164173.375   157.217     1.60    9.40
 164462.745   156.627    -2.04   10.61
 164752.117   153.710   -10.08   12.08
 165041.490   150.555   -10.90   13.01
 165330.865   147.338   -11.12   12.08
 165620.242   145.557    -6.16   11.26
 165909.621   143.993    -5.40   12.19
 166199.001   140.372   -12.51   14.86
 166488.383   139.380    -3.43   20.68
 166777.767   143.555    14.43   25.49
 167067.153   147.183    12.54   28.22
 167356.540   153.355    21.33   30.32
 167645.929   156.785    11.85   30.18
 167935.320   161.755    17.17   26.28
 168224.713   166.035    14.79   22.29
 168514.107   162.131   -13.49   21.96
 168803.503   157.821   -14.89   20.58
 169092.900   152.101   -19.77   21.72
 169382.300   152.635     1.85   20.84
 169671.701   154.055     4.91   21.38
 169961.104   154.422     1.27   23.38
 170250.509   156.672     7.77   23.68
 170539.915   160.346    12.70   25.04
 170829.323   162.872     8.73   29.92
 171118.733   167.355    15.49   28.98
 171408.145   161.003   -21.95   31.21
 171697.558   159.088    -6.61   29.86
 171986.973   158.319    -2.66   30.96
 172276.390   158.889     1.97   30.58
 172565.809   155.837   -10.55   27.81
 172855.229   154.871    -3.34   26.03
 173144.652   157.075     7.62   27.16
 173434.075   161.672    15.88   27.08
 173723.501   162.441     2.66   29.12
 174012.929   164.276     6.34   30.21
 174302.358   164.380     0.36   30.26
 174591.789   169.126    16.40   33.70
 174881.222   175.532    22.13   33.13
 175170.656   177.717     7.55   32.88
 175460.092   176.079    -5.66   31.42
 175749.530   179.527    11.91   29.58
 176038.970   180.803     4.41   28.52
 176328.412   186.085    18.25   24.17
 176617.855   188.183     7.25   18.81
 176907.300   187.889    -1.01   17.66
 177196.747   185.631    -7.80   16.22
 177486.196   182.022   -12.47   16.31
 177775.646   176.322   -19.69   18.48
 178065.098   169.872   -22.28   19.33
 178354.552   160.755   -31.50   19.26
 178644.008   155.409   -18.47   18.40
 178933.466   148.493   -23.89   17.25
 179222.925   145.355   -10.84   15.87
 179512.386   140.618   -16.37   15.84
 179801.849   135.511   -17.64   17.03
 180091.314   129.712   -20.03   15.09
 180380.780   126.286   -11.84   11.81
 180670.248   124.234    -7.09   10.98
 180959.718   121.388    -9.83   11.58
 181249.190   119.232    -7.45   11.61
 181538.664   119.493     0.90   11.67
 181828.139   120.905     4.88   11.88
 182117.617   124.539    12.55   13.76
 182407.096   126.888     8.11   14.41
 182696.576   130.205    11.46   13.57
 182986.059   132.584     8.22   11.41
 183275.543   132.972     1.34   10.66
 183565.030   132.837    -0.46   10.00
 183854.433   132.753    -0.29    9.79
 184143.532   134.234     5.12   12.46
 184432.634   139.281    17.46   18.52
 184721.736   146.855    26.20   20.79
 185010.841   151.627    16.51   20.14
 185299.948   154.245     9.06   20.70
 185589.056   150.527   -12.86   23.86
 185878.166   148.955    -5.44   25.04
 186167.278   144.363   -15.88   23.98
 186456.392   136.211   -28.20   18.36
 186745.507   131.631   -15.84   12.66
 187034.625   131.785     0.53   11.32
 187323.744   136.101    14.93   12.37
 187612.865   140.188    14.14   12.41
 187901.988   143.420    11.18   11.88
 188191.113   146.027     9.02   12.09
 188480.239   149.458    11.87   11.96
 188769.367   151.025     5.42   11.44
 189058.497   153.614     8.96   11.18
 189347.629   156.150     8.77   12.10
 189636.763   158.407     7.81   12.69
 189925.899   162.872    15.44   17.52
 190215.036   168.665    20.04   22.15
 190504.175   181.188    43.31   27.81
 190793.316   189.238    27.84   28.38
 191082.459   191.976     9.47   27.10
 191371.604   195.288    11.46   22.27
 191660.750   193.605    -5.82   19.54
 191949.899   193.872     0.92   19.92
 192239.049   187.938   -20.52   24.30
 192528.201   180.188   -26.80   26.52
 192817.355   175.538   -16.08   25.51
 193106.511   171.766   -13.05   25.02
 193395.668   170.269    -5.18   22.96
 193684.828   172.296     7.01   21.44
 193973.989   175.238    10.18   18.72
 194263.152   180.904    19.59   15.89
 194552.317   184.872    13.72   13.20
 194841.484   186.338     5.07   11.19
 195130.652   186.487     0.51   10.76
 195419.823   182.904   -12.39   10.31
 195708.995   177.372   -19.13   14.21
 195998.169   171.397   -20.66   16.69
 196287.345   167.988   -11.79   17.08
 196576.523   165.680    -7.98   15.92
 196865.703   161.855   -13.23   14.45
 197154.885   160.562    -4.47   13.06
 197444.068   163.986    11.84   15.75
 197733.253   170.138    21.27   16.14
 198022.441   175.750    19.40   15.64
 198311.630   179.177    11.85   14.48
 198600.820   185.217    20.89   11.76
 198890.013   187.555     8.08   11.15
 199179.208   188.872     4.55   10.00
 199468.404   190.075     4.16   11.16
 199757.603   191.907     6.33   12.97
 200046.803   191.732    -0.60   14.07
 200336.005   191.216    -1.79   13.85
 200625.209   191.422     0.71   13.68
 200914.415   189.661    -6.09   15.62
 201203.623   186.045   -12.51   18.22
 201492.832   179.734   -21.82   19.62
 201782.044   173.533   -21.44   19.36
 202071.257   168.062   -18.92   17.21
 202360.472   166.117    -6.72   17.34
 202649.689   166.027    -0.31   17.52
 202938.908   169.062    10.49   18.86
 203228.129   174.079    17.35   22.37
 203517.352   184.772    36.97   34.60
 203806.577   190.588    20.11   36.92
 204095.803   197.407    23.58   37.66
 204385.032   199.255     6.39   37.78
 204674.262   198.837    -1.44   38.00
 204963.494   197.234    -5.54   37.37
 205252.728   195.555    -5.81   32.21
 205541.964   194.770    -2.71   23.89
 205831.202   198.921    14.35   23.80
 206120.442   206.355    25.70   21.52
 206409.684   212.045    19.67   16.27
 206698.927   213.958     6.62    9.41
 206988.173   213.255    -2.43    7.97
 207277.420   209.855   -11.75    7.91
 207566.669   207.476    -8.23    7.48
 207855.921   204.388   -10.67    7.05
 208145.174   201.820    -8.88    6.12
 208434.429   199.839    -6.85    5.74
 208723.686   197.172    -9.22    5.10
 209012.944   195.991    -4.08    5.20
 209302.205   195.114    -3.03    5.05
 209591.468   194.715    -1.38    5.72
 209880.732   194.172    -1.88    6.33
 210169.999   193.252    -3.18    7.45
 210459.267   192.805    -1.54    8.08
 210748.537   192.638    -0.58    8.49
 211037.810   191.978    -2.28    8.29
 211327.084   192.041     0.22    8.71
 211616.360   191.752    -1.00    8.90
 211905.638   192.488     2.55    8.90
 212194.918   192.683     0.67    9.02
 212484.200   192.788     0.37   10.12
 212773.483   192.752    -0.13   10.40
 213062.769   192.767     0.05    9.82
 213352.057   192.922     0.53    9.20
 213641.346   192.572    -1.21    7.99
 213930.638   191.468    -3.82    8.07
 214219.931   189.510    -6.77    8.26
 214509.226   186.752    -9.54    9.08
 214798.524   185.058    -5.85    9.11
 215087.823   182.855    -7.62    7.87
 215377.124   180.789    -7.14    7.12
 215666.427   180.045    -2.57    6.58
 215955.732   179.700    -1.19    6.38
 216245.039   180.941     4.29    6.82
 216534.348   182.672     5.98    8.07
 216823.659   185.138     8.53    8.62
 217112.972   187.527     8.26    8.83
 217402.287   190.705    10.98    8.64
 217691.603   192.391     5.83    8.45
 217980.922   193.465     3.71    7.49
 218270.242   193.789     1.12    6.95
 218559.565   194.041     0.87    6.69
 218848.889   193.642    -1.38    6.53
 219138.216   193.534    -0.37    6.80
 219427.544   194.397     2.99    7.93
 219716.875   193.974    -1.46    8.81
 220006.207   193.019    -3.30    9.64
 220295.541   191.161    -6.42   11.35
 220584.878   188.978    -7.55   12.04
 220874.216   184.005   -17.19   11.33
 221163.556   179.980   -13.91   10.51
 221452.898   176.178   -13.14    9.75
 221742.242   171.601   -15.82    8.64
 222031.588   169.005    -8.97    8.41
 222320.936   167.045    -6.78    6.73
 222610.286   167.311     0.92    6.51
 222899.638   166.974    -1.17    5.82
 223188.992   168.010     3.58    6.33
 223478.348   170.576     8.87    6.93
 223767.706   174.505    13.58   12.23
 224057.066   177.873    11.64   15.29
 224346.428   179.062     4.11   17.09
 224635.792   179.338     0.95   16.57
 224925.157   179.478     0.48   16.00
 225214.525   179.079    -1.38   15.36
 225503.895   179.958     3.04   14.10
 225793.267   179.993     0.12   14.02
 226082.640   180.592     2.07   13.53
 226372.016   183.855    11.28   14.38
 226661.394   189.205    18.49   17.84
 226950.774   191.478     7.85   17.98
 227240.155   191.837     1.24   18.07
 227529.539   189.321    -8.70   17.25
 227818.925   185.505   -13.19   17.00
 228108.312   181.177   -14.96   18.32
 228397.702   174.205   -24.09   14.27
 228687.094   169.355   -16.76   10.94
 228976.487   164.907   -15.37    8.35
 229265.883   162.303    -9.00    8.52
 229555.281   158.702   -12.44    7.81
 229844.680   156.025    -9.25    8.13
 230134.082   152.683   -11.55    9.43
 230423.486   147.686   -17.27    8.05
 230712.891   144.574   -10.75    8.15
 231002.299   142.005    -8.88    7.22
 231291.709   140.955    -3.63    6.22
 231581.121   140.288    -2.30    5.11
 231870.534   140.655     1.27    5.10
 232159.950   141.592     3.24    4.84
 232449.368   142.092     1.73    4.72
 232738.787   141.683    -1.42    4.38
 233028.209   141.005    -2.34    4.29
 233317.633   140.347    -2.27    3.91
 233607.059   139.943    -1.40    3.92
 233896.487   141.538     5.51    6.80
 234185.917   144.498    10.23   13.53
 234475.348   148.839    15.00   18.33
 234764.782   153.722    16.87   21.14
 235054.218   157.072    11.57   20.46
 235343.656   160.027    10.21   17.74
 235633.096   164.010    13.76   19.11
 235922.538   171.940    27.40   29.14
 236211.982   181.821    34.14   32.32
 236501.428   184.161     8.09   30.70
 236790.876   192.458    28.67   32.15
 237080.327   203.493    38.12   34.82
 237369.779   213.493    34.55   37.74
 237659.233   217.941    15.37   35.34
 237948.689   213.298   -16.04   33.25
 238238.147   216.527    11.16   34.38
 238527.608   222.458    20.49   37.63
 238817.070   220.855    -5.54   40.73
 239106.535   217.177   -12.71   41.08
 239396.001   215.622    -5.37   40.22
 239685.469   219.527    13.49   40.80
 239974.940   221.905     8.21   41.33
 240264.413   215.534   -22.01   41.31
 240553.887   208.700   -23.61   30.99
 240843.364   205.955    -9.48   30.93
 241132.843   200.770   -17.91   26.56
 241422.324   202.937     7.49   31.14
 241711.806   201.105    -6.33   29.78
 242001.291   195.872   -18.08   25.79
 242290.778   189.165   -23.17   19.50
 242580.267   184.205   -17.14   15.35
 242869.758   180.691   -12.14   14.21
 243159.252   177.389   -11.41    8.61
 243448.747   176.238    -3.98   10.85
 243738.244   177.434     4.13   13.13
 244027.743   181.052    12.50   15.29
 244317.245   181.205     0.53   13.84
 244606.748   180.787    -1.44   12.69
 244896.254   180.572    -0.74   12.31
 245185.762   181.013     1.52   11.62
 245475.271   179.888    -3.88   11.33
 245764.783   176.838   -10.54   10.26
 246054.297   174.724    -7.30    9.30
 246343.385   173.138    -5.48    8.72
 246632.458   171.837    -4.50    8.22
 246921.533   171.160    -2.34    8.36
 247210.611   174.338    10.99   13.07
 247499.690   176.588     7.79   14.13
 247788.771   179.686    10.71   13.84
 248077.855   182.296     9.03   12.28
 248366.940   184.889     8.97   11.21
 248656.028   186.995     7.28   10.78
 248945.118   188.380     4.79   10.37
 249234.210   189.038     2.28    9.09
 249523.303   190.242     4.16    9.27
 249812.399   193.206    10.25    8.76
 250101.497   194.458     4.33    8.49
 250390.598   195.194     2.54    8.91
 250679.700   195.458     0.91    8.52
 250968.804   195.953     1.71    8.68
 251257.911   197.183     4.25    9.02
 251547.019   196.148    -3.58    9.54
 251836.130   195.769    -1.31    9.32
 252125.242   196.055     0.99    8.10
 252414.357   196.555     1.73    7.95
 252703.474   197.700     3.96    7.07
 252992.593   199.488     6.19    7.35
 253281.714   200.159     2.32    7.55
 253570.837   200.217     0.20    7.33
 253859.962   198.672    -5.35    8.18
 254149.090   196.372    -7.95    9.32
 254438.219   194.871    -5.19    8.77
 254727.351   194.159    -2.46    8.51
 255016.485   191.482    -9.26    7.94
 255305.620   188.510   -10.28    7.52
 255594.758   187.035    -5.10    7.04
 255883.898   186.806    -0.79    7.02
 256173.041   188.286     5.12    8.10
 256462.185   189.472     4.10    8.75
 256751.331   190.574     3.81    8.30
 257040.480   190.016    -1.93    8.50
 257329.630   190.405     1.34    8.48
 257618.783   190.305    -0.35    9.00
 257907.938   187.160   -10.88    8.76
 258197.095   183.623   -12.23    7.47
 258486.254   180.822    -9.69    7.77
 258775.415   179.114    -5.91    7.27
 259064.578   179.538     1.47    7.23
 259353.744   180.488     3.29    7.15
 259642.912   181.786     4.49    8.13
 259932.081   184.355     8.88    9.16
 260221.253   186.476     7.33    9.62
 260510.427   188.622     7.42    8.66
 260799.603   189.957     4.62    7.26
 261088.781   191.041     3.75    6.82
 261377.962   191.631     2.04    6.29
 261667.144   191.013    -2.14    6.70
 261956.329   189.757    -4.34    6.83
 262245.516   189.255    -1.73    6.47
 262534.705   189.307     0.18    6.20
 262823.896   187.891    -4.90    5.74
 263113.089   186.441    -5.01    6.24
 263402.284   184.635    -6.25    6.77
 263691.482   181.493   -10.86    8.07
 263980.682   178.953    -8.78    7.54
 264269.883   177.338    -5.59    7.03
 264559.087   175.924    -4.89    6.68
 264848.294   175.978     0.19    6.96
 265137.502   177.572     5.51    6.83
 265426.712   180.068     8.63    6.49
 265715.925   182.321     7.79    6.49
 266005.140   184.092     6.13    6.62
 266294.356   184.943     2.94    6.26
 266583.575   186.148     4.17    6.54
 266872.797   187.822     5.79    6.88
 267162.020   190.143     8.03    7.05
 267451.246   191.887     6.03    6.34
 267740.473   193.016     3.90    5.79
 268029.703   192.388    -2.17    6.73
 268318.935   190.680    -5.91    7.66
 268608.169   188.199    -8.58    8.59
 268897.406   184.019   -14.45    8.56
 269186.644   181.821    -7.60    7.16
 269475.885   179.906    -6.62    5.55
 269765.128   179.819    -0.30    5.32
 270054.373   180.642     2.84    5.54
 270343.620   182.567     6.66    6.13
 270632.870   184.468     6.57    5.82
 270922.121   187.008     8.78    4.83
 271211.375   188.980     6.82    4.70
 271500.631   189.397     1.44    4.82
 271789.889   190.372     3.37    4.35
 272079.149   190.255    -0.41    5.19
 272368.412   191.905     5.70    7.47
 272657.677   194.752     9.84   13.23
 272946.943   198.769    13.89   22.38
 273236.212   200.752     6.85   24.02
 273525.484   200.183    -1.97   23.64
 273814.757   195.838   -15.02   19.88
 274104.033   193.025    -9.73   18.10
 274393.311   189.734   -11.37   13.27
 274682.591   185.269   -15.44    8.14
 274971.873   183.691    -5.45    5.28
 275261.157   183.055    -2.20    4.55
 275550.444   183.314     0.90    4.72
 275839.733   184.276     3.33    5.05
 276129.024   185.889     5.58    6.06
 276418.317   186.938     3.63    6.05
 276707.612   188.734     6.21    5.54
 276996.910   189.322     2.03    5.84
 277286.210   189.545     0.77    5.80
 277575.512   190.296     2.60    5.81
 277864.816   191.452     4.00    5.84
 278154.123   192.705     4.33    5.75
 278443.431   195.396     9.30    5.35
 278732.742   197.321     6.65    6.62
 279022.055   199.838     8.70    7.24
 279311.371   201.045     4.17    7.39
 279600.688   201.618     1.98    7.44
 279890.008   201.652     0.12    7.87
 280179.330   202.296     2.23    7.89
 280468.654   202.593     1.03    7.37
 280757.981   202.662     0.24    6.78
 281047.309   204.255     5.51    6.80
 281336.640   204.527     0.94    6.25
 281625.973   204.936     1.41    5.71
 281915.308   205.322     1.33    5.88
 282204.646   204.405    -3.17    6.54
 282493.986   203.872    -1.84    7.06
 282783.328   203.069    -2.78    6.72
 283072.672   203.555     1.68    7.38
 283362.019   203.008    -1.89    8.74
 283651.367   202.904    -0.36    8.54
 283940.718   203.753     2.93    7.71
 284230.071   204.409     2.26    7.38
 284519.427   204.922     1.77    7.09
 284808.784   204.389    -1.84    7.63
 285098.144   203.576    -2.81    6.75
 285387.507   203.234    -1.18    7.00
 285676.871   202.993    -0.83    7.57
 285966.238   202.648    -1.19    8.32
 286255.606   202.562    -0.30    7.80
 286544.978   202.724     0.56    7.91
 286834.351   202.355    -1.27    8.02
 287123.727   202.255    -0.35    7.39
 287413.105   201.462    -2.74    7.97
 287702.485   199.296    -7.49    8.78
 287991.867   197.822    -5.09    8.32
 288281.252   197.222    -2.08    7.63
 288570.639   196.593    -2.17    6.60
 288860.028   195.802    -2.73    5.65
 289149.419   196.252     1.55    5.63
 289438.813   197.889     5.66    6.14
 289728.209   200.005     7.31    6.67
 290017.607   201.216     4.18    6.32
 290307.008   200.821    -1.37    6.56
 290596.410   199.972    -2.93    7.19
 290885.815   199.101    -3.01    7.40
 291175.223   198.805    -1.02    8.15
 291464.632   196.686    -7.32    7.40
 291754.044   195.957    -2.52    6.57
 292043.458   196.957     3.46    5.78
 292332.875   197.605     2.24    6.34
 292622.293   198.888     4.43    7.15
 292911.714   200.200     4.53    7.29
 293201.137   201.622     4.91    6.92
 293490.563   201.738     0.40    7.06
 293779.991   200.434    -4.51    8.15
 294069.421   199.245    -4.11    7.96
 294358.853   197.355    -6.53    6.91
 294648.288   196.488    -2.99    6.44
 294937.724   196.872     1.32    6.90
 295227.164   198.940     7.15    8.18
 295516.605   201.907    10.25    9.02
 295806.049   204.644     9.46    9.77
 296095.495   206.655     6.95    9.40
 296384.943   208.005     4.66    8.84
 296674.394   209.019     3.50    8.35
 296963.847   210.838     6.28    8.64
 297253.302   213.562     9.41    8.85
 297542.760   217.272    12.82    9.77
 297832.220   223.010    19.83   12.99
 298121.682   233.921    37.69   25.10
 298411.146   247.096    45.52   34.70
 298700.613   265.889    64.93   46.04
 298990.082   281.821    55.04   48.90
 299279.553   288.414    22.78   40.41
 299569.027   285.462   -10.20   40.54
 299858.503   278.269   -24.85   44.36
 300147.981   262.753   -53.60   46.00
 300437.462   250.855   -41.10   43.90
 300726.945   233.622   -59.53   29.99
 301016.430   221.675   -41.27   15.17
 301305.917   216.380   -18.29    8.65
 301595.407   212.438   -13.62    6.72
 301884.899   209.801    -9.11    6.98
 302174.394   207.347    -8.48    7.36
 302463.891   205.787    -5.39    7.29
 302753.390   204.155    -5.64    7.94
 303042.891   201.468    -9.28    7.90
 303332.395   198.416   -10.54    5.42
 303621.901   197.755    -2.28    5.20
 303911.409   197.534    -0.76    5.99
 304200.920   196.661    -3.01    6.16
 304490.433   195.455    -4.17    6.06
 304779.949   194.988    -1.61    5.30
 305069.466   194.734    -0.88    4.22
 305358.986   193.700    -3.57    4.03
 305648.509   192.363    -4.62    4.09
 305938.033   190.211    -7.44    5.43
 306227.561   187.065   -10.87    7.39
 306517.090   184.804    -7.81    7.16
 306806.622   183.504    -4.49    6.52
 307096.156   183.025    -1.66    6.39
 307385.692   184.648     5.61    7.36
 307675.231   185.724     3.72    7.63
 307964.772   187.269     5.34    7.01
 308254.316   188.717     5.00    5.38
 308543.503   189.269     1.91    5.13
 308832.545   189.303     0.12    5.08
 309121.589   189.688     1.33    4.96
 309410.635   190.614     3.20    5.48
 309699.684   192.655     7.06    5.58
 309988.735   193.609     3.30    5.87
 310277.788   196.803    11.05    7.65
 310566.844   198.788     6.87    8.12
 310855.902   200.448     5.74    8.15
 311144.962   202.855     8.33    8.23
 311434.025   204.516     5.75    8.26
 311723.090   204.752     0.82    8.31
 312012.158   203.389    -4.71    7.39
 312301.228   201.472    -6.63    8.14
 312590.300   199.576    -6.56    8.24
 312879.375   197.303    -7.86    7.48
 313168.451   195.305    -6.91    6.13
 313457.531   194.010    -4.48    5.38
 313746.612   193.448    -1.94    4.96
 314035.696   191.972    -5.11    5.06
 314324.783   190.555    -4.90    5.18
 314613.872   189.022    -5.30    5.92
 314902.963   187.750    -4.40    5.98
 315192.056   186.222    -5.29    5.59
 315481.152   183.855    -8.19    4.75
 315770.250   182.789    -3.69    4.40
 316059.351   182.097    -2.40    4.22
 316348.454   181.101    -3.45    4.09
 316637.559   180.562    -1.86    4.31
 316926.667   180.426    -0.47    4.53
 317215.777   179.953    -1.64    5.17
 317504.889   178.550    -4.85    5.50
 317794.004   177.505    -3.61    5.77
 318083.121   176.252    -4.34    5.69
 318372.241   175.623    -2.17    5.61
 318661.363   175.488    -0.47    5.83
 318950.487   176.821     4.61    6.66
 319239.614   179.638     9.75    7.44
 319528.743   181.588     6.74    7.46
 319817.875   183.510     6.65    6.22
 320107.009   184.458     3.28    5.90
 320396.145   185.286     2.86    5.98
 320685.284   186.265     3.39    5.80
 320974.425   187.148     3.05    5.69
 321263.568   187.510     1.25    5.55
 321552.714   188.493     3.40    5.51
 321841.863   189.567     3.71    5.64
 322131.013   191.129     5.40    5.13
 322420.166   192.448     4.56    5.33
 322709.322   194.787     8.09    5.83
 322998.480   196.013     4.24    6.19
 323287.640   198.062     7.09    7.20
 323576.803   200.188     7.35    6.92
 323865.968   200.872     2.36    6.22
 324155.135   201.527     2.27    5.81
 324444.305   201.148    -1.31    6.25
 324733.478   199.105    -7.07    7.11
 325022.652   197.136    -6.81    6.56
 325311.830   195.655    -5.12    6.95
 325601.009   194.555    -3.80    7.36
 325890.191   192.321    -7.73    7.65
 326179.376   190.414    -6.59    7.94
 326468.562   190.505     0.31    7.91
 326757.752   189.555    -3.29    6.98
 327046.943   189.286    -0.93    6.33
 327336.137   189.462     0.61    5.85
 327625.334   189.555     0.32    5.74
 327914.533   189.697     0.49    5.84
 328203.734   189.041    -2.27    5.56
 328492.938   187.752    -4.46    5.22
 328782.144   186.455    -4.48    5.03
 329071.353   186.672     0.75    4.80
 329360.564   187.126     1.57    4.81
 329649.778   188.527     4.85    4.47
 329938.994   188.715     0.65    4.52
 330228.212   188.085    -2.18    4.68
 330517.433   187.105    -3.39    4.99
 330806.656   185.789    -4.55    5.59
 331095.882   184.855    -3.23    5.86
 331385.110   183.476    -4.77    5.24
 331674.340   181.572    -6.58    5.31
 331963.573   179.976    -5.52    6.40
 332252.809   178.986    -3.42    6.64
 332542.047   177.907    -3.73    6.80
 332831.287   175.631    -7.87    6.78
 333120.530   173.941    -5.84    5.47
 333409.775   171.991    -6.74    5.03
 333699.023   171.281    -2.45    4.46
 333988.273   171.510     0.79    5.14
 334277.526   173.188     5.80    7.51
 334566.781   175.480     7.92    8.21
 334856.038   176.924     4.99    8.15
 335145.298   179.904    10.30    7.15
 335434.561   182.363     8.50    6.14
 335723.826   183.888     5.27    6.24
 336013.093   183.891     0.01    6.29
 336302.363   182.347    -5.34    8.10
 336591.635   180.888    -5.04    8.40
 336880.910   178.805    -7.20    9.75
 337170.187   175.000   -13.15   10.79
 337459.467   172.717    -7.89   10.69
 337748.749   167.805   -16.98   10.24
 338038.034   164.337   -11.99   10.53
 338327.321   161.445   -10.00   10.15
 338616.611   157.906   -12.24    9.39
 338905.903   156.772    -3.92    8.13
 339195.197   155.769    -3.47    7.77
 339484.494   155.153    -2.13    7.80
 339773.794   155.821     2.31    7.88
 340063.096   155.579    -0.84    7.75
 340352.400   155.085    -1.71    7.63
 340641.707   154.572    -1.77    7.60
 340931.016   154.504    -0.23    8.02
 341220.328   154.441    -0.22    8.06
 341509.643   154.596     0.54    8.21
 341798.960   154.675     0.27    8.12
 342088.279   155.269     2.05    8.31
 342377.601   156.380     3.84    8.46
 342666.925   157.338     3.31    8.42
 342956.252   158.462     3.89    8.08
 343245.581   159.355     3.09    7.81
 343534.913   160.072     2.48    7.38
 343824.247   161.216     3.95    7.65
 344113.584   161.346     0.45    7.78
 344402.924   160.217    -3.90    8.38
 344692.265   158.991    -4.24    8.92
 344981.610   158.991     0.00    8.92
 345270.957   158.122    -3.00    9.06
 345560.306   157.131    -3.42    8.87
 345849.658   157.631     1.73    9.43
 346139.012   159.252     5.60   11.72
 346428.369   164.822    19.25   18.21
 346717.728   171.003    21.36   21.68
 347007.090   172.493     5.15   20.95
 347296.455   176.363    13.38   20.37
 347585.821   176.837     1.64   16.08
 347875.191   179.905    10.60   15.25
 348164.563   181.122     4.20   12.14
 348453.937   182.088     3.34   11.72
 348743.314   184.871     9.62   11.95
 349032.694   186.680     6.25   10.94
 349322.076   187.522     2.91    9.38
 349611.460   188.476     3.30    8.40
 349900.847   187.724    -2.60    8.32
 350190.237   186.588    -3.92    8.32
 350479.629   184.355    -7.72    7.46
 350769.024   182.786    -5.42    7.05
 351058.421   181.605    -4.08    6.45
 351347.820   182.576     3.36    7.03
 351637.223   183.455     3.04    6.85
 351926.627   184.622     4.03    6.95
 352216.035   185.976     4.68    5.64
 352505.445   187.176     4.15    4.89
 352794.857   187.622     1.54    5.56
 353084.272   186.993    -2.17    6.02
 353373.689   186.055    -3.24    6.50
 353663.109   186.075     0.07    6.66
 353952.532   186.407     1.15    8.06
 354241.957   186.096    -1.07    8.00
 354531.385   186.803     2.44    8.13
 354820.815   188.707     6.58    8.22
 355110.247   189.096     1.34    8.02
 355399.683   189.245     0.51    7.88
 355689.120   188.284    -3.32    6.94
 355978.561   188.872     2.03    7.10
 356268.004   190.807     6.69    8.39
 356557.449   191.855     3.62    8.99
 356846.897   195.821    13.70   15.41
 357136.348   199.063    11.20   18.01
 357425.801   201.790     9.42   18.19
 357715.257   204.549     9.53   19.59
