#   13.618   0.426   4.460 ;Mean Elev.(m), Avg Gradient(m/km), RMS Gradient(m/km) - SRTM1     
#   21.009  -0.449   5.658 ;Mean Elev.(m), Avg Gradient(m/km), RMS Gradient(m/km) - ASTER GDEM
#   14.653   0.292   4.468 ;Mean Elev.(m), Avg Gradient(m/km), RMS Gradient(m/km) - GMTED2010 
   1 298.316653  -3.858378    26.477    26.436  8 54662.00388997 36.553
   2 298.314608  -3.859014    25.866    25.875  8 54671.91953460 36.722
   3 298.313352  -3.859226    24.751    24.819  8 54681.83517798 29.734
   4 298.314567  -3.858487    23.994    24.001  8 54691.75082044 29.678
   5 298.317966  -3.857787    23.209    23.124  8 54701.66646092 28.921
   6 298.318491  -3.857754    21.492    21.461  8 54711.58210866 35.697
   7 298.316060  -3.858697    19.448    19.508  7 54721.49776003 31.502
   8 298.311827  -3.859206    19.267    19.988  7 54731.41340841 25.213
   9 298.308571  -3.860189    17.915    17.829  7 54741.32905516 28.847
  10 298.307146  -3.859217    19.018    19.392  8 54751.24470136 24.782
  11 298.307741  -3.859284    16.880    16.871  8 54761.16034769 45.277
  12 298.309255  -3.859095    17.220    17.301  7 54771.07599161 24.277
  13 298.310883  -3.859203    17.839    17.822  8 54780.99163251 28.073
  14 298.312386  -3.859710    18.215    18.233  7 54790.90727114 25.810
  15 298.313139  -3.858462    19.511    18.977  7 54800.82290859 22.860
  16 298.315107  -3.858953    19.943    19.961  7 54810.73854681 29.519
  17 298.316912  -3.858598    20.766    20.764  8 54820.65418745 30.047
  18 298.314993  -3.858566    21.052    21.023  7 54830.56984019 26.591
  19 298.312074  -3.859279    20.890    20.871  8 54840.48547947 31.532
  20 298.308431  -3.860311    22.126    22.252  7 54850.40112877 23.395
  21 298.305428  -3.859625    22.913    22.915  8 54860.31677710 31.627
  22 298.304809  -3.860590    23.859    23.853  8 54870.23242584 29.303
  23 298.305628  -3.860097    24.021    24.043  7 54880.14807303 28.543
  24 298.307306  -3.859528    25.075    25.125  7 54890.06371701 34.239
  25 298.307285  -3.859301    25.110    24.985  8 54899.97935783 31.644
  26 298.306295  -3.860224    25.546    25.671  8 54909.89499688 31.543
  27 298.305941  -3.860238    26.452    26.486  7 54919.81063476 36.293
  28 298.307697  -3.859077    26.371    26.256  7 54929.72627245 37.615
  29 298.311777  -3.858666    26.967    27.066  7 54939.64190956 33.214
  30 298.316259  -3.859090    27.653    27.699  8 54949.55754523 45.669
  31 298.317899  -3.858806    27.502    27.572  7 54959.47318387 36.385
  32 298.315109  -3.858226    27.759    27.804  8 54969.38883211 37.898
  33 298.313398  -3.858730    28.006    28.024  8 54979.30447919 37.518
  34 298.312517  -3.859526    28.154    28.281  7 54989.22012606 38.473
  35 298.311657  -3.858666    28.383    28.304  8 54999.13577255 38.357
  36 298.311525  -3.859369    28.471    28.357  8 55009.05141760 42.424
  37 298.311350  -3.859273    28.356    28.259  8 55018.96706076 34.890
  38 298.310913  -3.859661    28.121    28.178  8 55028.88270287 36.237
  39 298.310515  -3.859367    27.774    27.876  7 55038.79834449 33.515
  40 298.312334  -3.859363    27.363    27.354  8 55048.71398538 35.307
  41 298.315422  -3.858751    26.865    26.797  8 55058.62962431 33.694
  42 298.317310  -3.857904    25.742    25.860  7 55068.54526342 30.039
  43 298.314612  -3.858333    24.548    24.588  7 55078.46091341 28.173
  44 298.310986  -3.859309    23.548    23.522  8 55088.37656097 29.969
  45 298.308217  -3.859833    21.475    21.515  8 55098.29220681 35.109
  46 298.307687  -3.859733    19.592    18.929  7 55108.20785206 26.180
  47 298.309042  -3.859388    19.752    19.977  8 55118.12349644 24.489
  48 298.310429  -3.858511    17.164    17.189  7 55128.03913840 34.076
  49 298.311304  -3.858922    18.300    17.425  8 55137.95477852 24.158
  50 298.311827  -3.859374    17.182    17.092  8 55147.87041726 28.355
  51 298.312905  -3.859095    17.977    16.944  7 55157.78605567 22.335
  52 298.314533  -3.858360    15.389    14.985  8 55167.70169409 28.862
  53 298.316762  -3.858336    19.057    18.928  7 55177.61733222 19.979
  54 298.316524  -3.858464    18.981    19.017  8 55187.53297696 26.736
  55 298.313071  -3.859136    20.576    20.517  8 55197.44862821 43.583
  56 298.309604  -3.859320    21.427    21.185  7 55207.36427804 24.156
  57 298.307771  -3.859287    21.378    21.385  7 55217.27992718 23.942
  58 298.307022  -3.859238    21.736    21.721  7 55227.19557551 43.530
  59 298.307701  -3.860362    21.756    21.687  7 55237.11122143 25.373
  60 298.308134  -3.859466    21.973    21.942  7 55247.02686338 40.960
  61 298.307919  -3.859874    22.666    22.712  7 55256.94250314 28.112
  62 298.307126  -3.859348    22.971    22.981  7 55266.85814189 28.217
  63 298.307627  -3.859454    22.897    23.100  8 55276.77378050 25.516
  64 298.310146  -3.858930    23.036    23.016  8 55286.68941823 26.806
  65 298.314285  -3.858408    23.995    23.942  8 55296.60505391 29.769
  66 298.315633  -3.858408    24.463    24.496  7 55306.52069508 29.996
  67 298.313179  -3.858405    25.363    25.317  7 55316.43634190 32.812
  68 298.311424  -3.859332    25.733    25.711  8 55326.35198734 32.634
  69 298.310921  -3.859369    26.102    26.108  8 55336.26763133 35.906
  70 298.311489  -3.859452    26.108    26.136  7 55346.18327480 31.912
  71 298.311980  -3.858881    26.764    26.752  7 55356.09891680 40.045
  72 298.312122  -3.858361    26.726    26.696  7 55366.01455678 36.740
  73 298.312731  -3.858467    26.314    26.321  8 55375.93019553 32.975
  74 298.314246  -3.858636    25.751    25.760  8 55385.84583361 32.401
  75 298.316487  -3.858866    25.313    25.251  8 55395.76147109 33.003
  76 298.318596  -3.858578    24.581    24.546  7 55405.67711191 34.081
  77 298.316347  -3.858541    23.584    23.636  8 55415.59276322 34.217
  78 298.313657  -3.858449    22.190    22.131  7 55425.50841133 44.741
  79 298.311311  -3.858440    20.311    20.065  7 55435.42405665 26.581
  80 298.309740  -3.859265    17.626    17.608  7 55445.33970062 48.906
  81 298.309319  -3.859545    15.164    15.173  7 55455.25534348 39.128
  82 298.310585  -3.859441    14.200    14.206  7 55465.17098558 41.236
  83 298.313359  -3.859248    14.267    13.624  8 55475.08662493 32.983
  84 298.315855  -3.858872    12.636    12.687  7 55485.00226121 33.199
  85 298.316978  -3.858137    11.886    11.758  7 55494.91789537 42.608
  86 298.318374  -3.858289    12.629    12.587  7 55504.83352916 29.049
  87 298.316052  -3.859264    12.838    12.794  7 55514.74917964 31.653
  88 298.314743  -3.858878    17.924    17.457  7 55524.66482962 22.805
  89 298.313280  -3.858449    15.864    15.903  7 55534.58047774 30.514
  90 298.311503  -3.858738    19.425    19.550  7 55544.49612404 18.993
  91 298.309668  -3.859278    17.069    17.131  7 55554.41176834 29.086
  92 298.308671  -3.859243    18.114    17.465  8 55564.32741135 24.319
  93 298.310037  -3.858792    17.727    17.709  7 55574.24305367 27.119
  94 298.312376  -3.858248    18.296    18.292  7 55584.15869441 23.664
  95 298.315145  -3.858967    20.362    20.133  7 55594.07433203 16.966
  96 298.316727  -3.858278    19.900    19.912  8 55603.98996588 34.476
  97 298.318110  -3.857890    21.024    21.048  8 55613.90559795 42.209
  98 298.318938  -3.858676    21.408    21.394  7 55623.82123618 26.849
  99 298.315706  -3.858140    21.814    21.744  8 55633.73688894 24.783
 100 298.314743  -3.859189    22.343    22.319  7 55643.65254004 25.182
 101 298.313782  -3.858329    22.568    22.576  7 55653.56818790 25.723
 102 298.313497  -3.859590    23.995    24.006  7 55663.48383178 36.446
 103 298.311960  -3.858540    24.501    24.463  8 55673.39947182 36.182
 104 298.311785  -3.858644    25.223    25.303  7 55683.31511036 34.365
 105 298.313934  -3.858269    25.549    25.456  8 55693.23074738 34.562
 106 298.317894  -3.858451    26.031    25.968  7 55703.14638305 33.130
 107 298.318424  -3.857612    26.698    26.687  7 55713.06202662 43.142
 108 298.316028  -3.859145    26.511    26.494  7 55722.97767547 34.356
 109 298.312716  -3.858546    26.852    26.931  8 55732.89332199 32.835
 110 298.311480  -3.859635    26.800    26.887  7 55742.80896801 35.152
 111 298.311567  -3.859595    26.749    26.826  7 55752.72461280 32.205
 112 298.313500  -3.859482    26.725    26.734  7 55762.64025555 40.497
 113 298.315152  -3.859041    25.953    25.907  7 55772.55589543 32.986
 114 298.315827  -3.858848    25.710    25.702  7 55782.47153178 38.446
 115 298.316703  -3.858310    24.629    24.649  8 55792.38716522 32.288
 116 298.319008  -3.858210    22.859    22.853  7 55802.30279895 35.320
 117 298.317593  -3.858469    20.118    20.077  7 55812.21844842 29.121
 118 298.317377  -3.858009    17.186    17.016  8 55822.13409615 34.185
 119 298.318227  -3.857854    15.370    15.361  8 55832.04973924 47.681
 120 298.318967  -3.857877    18.617    17.716  8 55841.96537794 25.399
 121 298.319304  -3.858221    17.994    17.972  7 55851.88101388 19.449
 122 298.320489  -3.858607    18.137    17.839  8 55861.79664815 24.816
 123 298.316680  -3.858841    19.711    19.385  8 55871.71230242 18.174
 124 298.316149  -3.859064    16.997    16.422  7 55881.62795291 20.550
 125 298.316620  -3.859006    17.128    17.348  7 55891.54359686 28.520
 126 298.317433  -3.858250    19.243    18.630  7 55901.45923491 16.755
 127 298.318993  -3.858482    18.646    18.563  8 55911.37486896 52.761
 128 298.314102  -3.859384    19.352    19.313  7 55921.29052339 36.391
 129 298.311823  -3.858699    21.344    21.363  8 55931.20617491 23.906
 130 298.312322  -3.859305    22.100    22.088  7 55941.12182288 29.130
 131 298.312416  -3.858356    23.143    23.164  7 55951.03746594 39.597
 132 298.312406  -3.859066    24.033    24.021  7 55960.95310557 42.172
 133 298.312318  -3.859509    24.203    24.138  8 55970.86874319 29.992
 134 298.313809  -3.858967    24.199    24.151  7 55980.78437982 16.046
 135 298.317655  -3.858899    25.069    25.098  8 55990.70001580 33.604
 136 298.317966  -3.857928    25.280    25.213  7 56000.61566117 31.526
 137 298.315577  -3.857970    25.792    25.752  7 56010.53131203 34.002
 138 298.313361  -3.858981    26.610    26.601  8 56020.44695900 39.276
 139 298.310935  -3.858958    27.204    27.233  7 56030.36260242 42.227
 140 298.310333  -3.859238    27.646    27.574  8 56040.27824380 37.671
 141 298.312126  -3.859490    28.317    28.318  8 56050.19388305 46.012
 142 298.315488  -3.858968    27.935    28.071  8 56060.10951953 40.779
 143 298.319373  -3.858805    28.426    28.487  7 56070.02515540 37.315
 144 298.316098  -3.858358    28.532    28.594  7 56079.94080546 33.128
 145 298.313094  -3.859073    28.763    28.787  8 56089.85645330 39.382
 146 298.311443  -3.858706    28.229    28.302  7 56099.77209875 33.834
 147 298.312109  -3.859401    27.974    28.067  8 56109.68773080 33.881
 148 298.314192  -3.858937    27.902    27.897  8 56119.60337132 44.823
 149 298.317113  -3.858786    27.291    27.288  8 56129.51900835 34.218
 150 298.318954  -3.857992    26.580    26.532  8 56139.43464178 34.318
 151 298.315544  -3.859014    25.427    25.304  8 56149.35029095 31.053
 152 298.313340  -3.858725    24.082    24.083  8 56159.26593931 28.789
 153 298.313346  -3.858846    22.484    22.392  8 56169.18158654 29.614
 154 298.314551  -3.859135    20.216    20.260  7 56179.09723056 27.528
 155 298.315650  -3.859092    18.732    18.698  8 56189.01287025 28.200
 156 298.316336  -3.859111    19.833    19.308  7 56198.92850685 23.749
 157 298.317612  -3.858645    16.570    17.037  7 56208.84414101 27.931
 159 298.319327  -3.857998    20.325    20.169  7 56228.67542053 17.621
 160 298.317338  -3.859011    16.481    16.175  7 56238.59107500 31.685
 161 298.314761  -3.858178    17.750    16.815  8 56248.50672518 25.635
 162 298.313531  -3.858258    15.137    15.094  7 56258.42237065 51.845
 163 298.313479  -3.859545    17.465    17.542  7 56268.33801318 24.405
 164 298.313452  -3.858585    19.268    17.986  7 56278.25365336 18.009
 165 298.312107  -3.858644    18.023    17.975  8 56288.16930219 32.105
 166 298.311374  -3.858629    19.693    19.173  7 56298.08495087 23.044
 167 298.310898  -3.858561    21.433    21.794  7 56308.00059563 21.102
 168 298.310748  -3.859626    21.826    21.893  7 56317.91623825 32.030
 169 298.310328  -3.859515    22.383    22.421  7 56327.83187958 28.636
 170 298.311389  -3.858644    23.127    23.109  7 56337.74752009 26.235
 171 298.314527  -3.858754    23.985    24.006  7 56347.66315929 36.129
 172 298.317896  -3.858776    24.635    24.642  8 56357.57879582 43.382
 173 298.314852  -3.859020    24.769    24.769  8 56367.49444524 32.313
 176 298.309309  -3.859576    26.913    26.936  8 56397.24138228 41.583
 177 298.311327  -3.859483    26.837    26.876  8 56407.15702316 33.769
 178 298.314062  -3.858564    27.007    26.993  7 56417.07266010 37.893
 179 298.318020  -3.858271    27.747    27.771  8 56426.98829258 38.743
 180 298.314413  -3.858176    28.012    28.100  7 56436.90394356 36.874
 181 298.310968  -3.858875    27.985    28.006  8 56446.81959485 33.261
 182 298.309717  -3.859908    28.326    28.333  7 56456.73524430 36.568
 183 298.309231  -3.859469    28.303    28.366  7 56466.65089052 39.579
 184 298.309940  -3.858945    27.707    27.763  7 56476.56653281 36.881
 185 298.311548  -3.858694    27.420    27.480  7 56486.48217162 37.151
 186 298.313410  -3.858755    27.458    27.476  8 56496.39780752 49.574
 187 298.316301  -3.858828    26.716    26.732  8 56506.31344183 40.812
 188 298.320439  -3.858297    26.043    26.063  7 56516.22907568 34.801
 189 298.318234  -3.857822    25.099    25.099  8 56526.14472934 31.582
 190 298.316793  -3.858227    24.251    24.264  8 56536.06037916 30.873
 192 298.312160  -3.858718    22.486    22.502  7 56555.89166861 30.077
 193 298.311770  -3.859340    21.899    21.461  8 56565.80731144 21.671
 194 298.313166  -3.859369    21.561    21.462  8 56575.72295321 22.888
 195 298.316302  -3.858986    21.324    21.396  8 56585.63859212 19.367
 196 298.319112  -3.858270    19.231    19.234  7 56595.55423011 17.454
 197 298.315330  -3.858955    18.718    18.729  7 56605.46988293 27.220
 198 298.312418  -3.859054    18.933    18.939  7 56615.38553071 33.025
 199 298.311854  -3.858933    20.671    20.671  7 56625.30117478 19.618
 200 298.312778  -3.858203    20.533    20.545  7 56635.21681589 27.837
 201 298.315946  -3.858363    20.844    20.794  8 56645.13245426 24.796
 202 298.313452  -3.858583    21.276    21.283  7 56655.04810657 30.372
 203 298.311627  -3.859300    21.401    21.418  7 56664.96375482 24.432
 204 298.310162  -3.859432    21.655    21.785  7 56674.87940062 24.708
 205 298.309840  -3.859747    22.057    21.973  7 56684.79504573 26.567
 206 298.311052  -3.859227    22.784    22.795  7 56694.71068895 27.173
 207 298.314107  -3.858073    22.731    22.626  7 56704.62632782 27.341
 208 298.317859  -3.858061    23.546    23.592  8 56714.54196152 29.265
 209 298.313188  -3.858353    23.840    23.849  7 56724.45761276 29.048
 210 298.308730  -3.859467    24.722    24.721  7 56734.37326299 37.067
 211 298.306794  -3.859430    25.604    25.664  7 56744.28890951 47.450
 212 298.308673  -3.858715    25.881    25.870  7 56754.20455173 30.964
 213 298.313502  -3.858550    26.100    26.195  8 56764.12018870 34.975
 214 298.317190  -3.858498    26.487    26.486  7 56774.03582389 38.229
 215 298.311643  -3.858703    27.200    27.181  8 56783.95148019 36.467
 216 298.307114  -3.860141    27.222    27.308  7 56793.86713342 33.800
 217 298.304356  -3.860566    27.766    27.817  7 56803.78278359 33.805
 218 298.305755  -3.859682    28.039    27.905  8 56813.69842654 35.497
 219 298.308741  -3.859907    28.101    28.071  8 56823.61406641 35.762
 220 298.311850  -3.859441    28.184    28.336  8 56833.52970202 36.188
 221 298.315277  -3.859180    28.213    28.219  8 56843.44533417 38.494
 222 298.315129  -3.858658    27.682    27.537  8 56853.36097578 38.598
 223 298.312036  -3.858495    27.647    27.586  8 56863.27662898 39.840
 224 298.310672  -3.859212    27.442    27.419  8 56873.19228182 37.815
 225 298.310302  -3.860049    26.746    26.808  7 56883.10793158 37.883
 226 298.309586  -3.859662    26.091    26.151  8 56893.02357763 33.879
 227 298.308080  -3.859938    25.370    25.321  7 56902.93922067 30.148
 228 298.306171  -3.859586    24.135    24.057  8 56912.85486188 29.186
 229 298.306782  -3.858990    23.119    23.155  7 56922.77050193 32.670
 230 298.310628  -3.858953    21.675    21.353  8 56932.68614027 27.390
 231 298.316225  -3.858096    20.140    20.161  8 56942.60177347 29.804
 232 298.317247  -3.858223    19.537    19.285  8 56952.51741819 30.720
 233 298.313354  -3.858253    21.300    21.410  7 56962.43306902 21.187
 234 298.310730  -3.859411    19.474    19.483  7 56972.34871505 38.130
 235 298.310774  -3.859186    20.315    19.884  7 56982.26435667 26.571
 236 298.314086  -3.858449    20.490    20.522  7 56992.17999375 41.049
 237 298.319372  -3.857890    20.378    20.412  7 57002.09562753 26.184
 238 298.315733  -3.858537    20.894    20.883  7 57012.01128435 25.131
 239 298.312536  -3.858833    21.615    21.591  8 57021.92693558 36.463
 240 298.310346  -3.859441    22.080    21.900  8 57031.84258451 24.939
 241 298.309922  -3.860058    22.216    22.235  7 57041.75823183 30.808
 242 298.310557  -3.859242    23.246    23.258  8 57051.67387695 29.589
 243 298.312968  -3.859310    23.501    23.491  8 57061.58951817 28.036
 244 298.315267  -3.858485    24.085    24.156  7 57071.50515370 28.929
 245 298.317456  -3.858143    25.000    25.029  8 57081.42078498 49.626
 246 298.316091  -3.859088    24.956    25.038  8 57091.33642850 32.295
 247 298.311072  -3.858714    25.955    25.921  7 57101.25208531 48.398
 248 298.309522  -3.858719    26.109    26.163  7 57111.16773903 31.305
 249 298.311043  -3.859750    26.702    26.734  7 57121.08338743 36.468
 250 298.311480  -3.858507    27.295    27.292  7 57130.99902956 39.757
 251 298.312532  -3.858934    27.675    27.728  7 57140.91466699 39.464
 252 298.313969  -3.858747    27.642    27.575  8 57150.83030127 35.290
 253 298.317883  -3.858892    28.364    28.384  7 57160.74593281 37.584
 254 298.315578  -3.858655    28.310    28.371  7 57170.66158717 36.615
 255 298.313552  -3.858974    28.544    28.594  8 57180.57724243 35.616
 256 298.311597  -3.859237    29.018    29.091  7 57190.49289368 37.787
 257 298.309672  -3.858870    28.593    28.570  8 57200.40854121 37.995
 258 298.309386  -3.860162    28.353    28.438  7 57210.32417522 39.643
 259 298.309814  -3.858872    28.621    28.620  8 57220.23981843 35.122
 260 298.311616  -3.858823    27.989    27.958  7 57230.15546077 36.933
 261 298.313742  -3.859258    27.930    27.913  8 57240.07110093 40.206
 262 298.315546  -3.858467    27.266    27.344  7 57249.98673801 33.859
 263 298.317439  -3.858535    26.671    26.528  8 57259.90237319 33.864
 264 298.319272  -3.858344    25.970    25.948  7 57269.81800737 31.294
 265 298.316662  -3.858438    24.825    24.733  8 57279.73365974 31.310
 266 298.314372  -3.858635    23.147    23.185  7 57289.64931549 26.125
 267 298.312762  -3.858971    21.741    21.308  8 57299.56496849 27.464
 268 298.311371  -3.858499    16.479    16.566  7 57309.48061773 34.509
 269 298.309693  -3.859418    15.961    15.282  8 57319.39626362 39.829
 270 298.308333  -3.859894    21.972    21.543  8 57329.31190619 25.552
 271 298.309026  -3.859544    16.571    16.516  7 57339.22754646 42.752
 272 298.308411  -3.859023    17.520    18.158  7 57349.14319523 30.879
 273 298.309487  -3.858924    17.138    17.101  7 57359.05884084 46.127
 274 298.310541  -3.858632    21.080    21.075  7 57368.97448326 24.254
 275 298.311335  -3.858656    21.463    21.908  7 57378.89012336 19.468
 276 298.313347  -3.859460    20.989    21.027  7 57388.80576261 23.092
 277 298.316044  -3.858418    20.281    19.924  7 57398.72140080 23.776
 278 298.319336  -3.858176    20.283    20.275  8 57408.63703847 30.965
 279 298.316054  -3.858064    21.230    20.867  8 57418.55269187 23.970
 280 298.312596  -3.858540    19.701    19.631  7 57428.46834269 30.614
 281 298.309965  -3.859819    21.679    21.541  7 57438.38399102 28.409
 282 298.308629  -3.858950    21.385    21.019  7 57448.29963738 26.250
 283 298.309350  -3.859496    21.743    21.657  8 57458.21528284 31.674
 284 298.311607  -3.859571    22.487    22.527  7 57468.13092533 31.429
 285 298.314194  -3.858188    23.492    23.619  7 57478.04656354 34.335
 286 298.316450  -3.858328    24.225    24.227  8 57487.96219887 38.332
 287 298.318534  -3.857788    24.150    24.195  8 57497.87783217 31.012
 288 298.319099  -3.857738    25.169    25.125  7 57507.79347202 30.869
 289 298.315159  -3.858324    26.035    26.055  7 57517.70912816 41.168
 290 298.313288  -3.858833    26.276    26.263  8 57527.62478171 38.161
 291 298.312196  -3.858894    26.373    26.354  8 57537.54043243 34.195
 292 298.311112  -3.859707    26.649    26.613  7 57547.45608055 33.707
 293 298.309705  -3.859316    26.441    26.370  7 57557.37172659 32.816
 294 298.309827  -3.859917    26.439    26.400  7 57567.28737159 35.772
 295 298.310583  -3.858961    26.671    26.642  8 57577.20301548 54.252
 296 298.311919  -3.858514    26.259    26.264  7 57587.11865821 35.065
 297 298.312819  -3.858819    25.909    25.923  8 57597.03429870 53.628
