#    7.306  -0.644   3.213 ;Mean Elev.(m), Avg Gradient(m/km), RMS Gradient(m/km) - SRTM1     
#   15.699  -0.746   4.155 ;Mean Elev.(m), Avg Gradient(m/km), RMS Gradient(m/km) - ASTER GDEM
#    7.688  -0.648   3.200 ;Mean Elev.(m), Avg Gradient(m/km), RMS Gradient(m/km) - GMTED2010 
   1 300.016146  -3.285571    21.373    22.284  6 54661.49471465 36.262
   2 300.018088  -3.273387    21.483    21.471 17 54671.41036246 45.078
   3 300.016784  -3.273781     3.032    -0.131 16 54681.32600562 24.142
   4 300.018264  -3.274487    20.240    20.216 16 54691.24164778 51.011
   5 300.022504  -3.273386     4.762     2.577 16 54701.15728820 22.135
   6 300.023836  -3.271740    18.107    18.157 16 54711.07293509 32.138
   7 300.020710  -3.272323    12.772    13.701 17 54720.98858568 29.894
   8 300.015769  -3.273454    15.995    15.172 16 54730.90423370 29.301
   9 300.012373  -3.272541    14.671    14.104 17 54740.81988101 35.153
  10 300.011635  -3.270784    16.026    15.713 19 54750.73552882 27.607
  11 300.011516  -3.271346    13.636    13.340 19 54760.65117607 40.696
  12 300.012088  -3.272669    15.027    13.532 17 54770.56682085 30.061
  13 300.013505  -3.272153    13.766    13.613 17 54780.48246272 38.784
  14 300.014382  -3.272866    13.797    13.682 17 54790.39810146 46.335
  15 300.015094  -3.274385    14.156    13.990 16 54800.31373865 46.251
  16 300.017876  -3.272524    15.246    15.030 16 54810.22937665 35.620
  17 300.020705  -3.272116    15.710    15.403 17 54820.14501600 45.709
  18 300.018879  -3.273026    16.348    16.402 16 54830.06066779 46.407
  19 300.015718  -3.273574    16.876    16.798 16 54839.97630625 27.237
  20 300.012194  -3.272297    17.517    17.561 17 54849.89195549 29.049
  21 300.009988  -3.270704    17.978    18.032 19 54859.80760468 28.566
  22 300.009432  -3.269316    18.833    18.947 20 54869.72325412 32.093
  23 300.009622  -3.270504    19.390    19.470 19 54879.63890202 31.496
  24 300.010683  -3.271468    19.780    19.840 18 54889.55454670 31.369
  25 300.010711  -3.270294    20.178    20.250 19 54899.47018834 35.510
  26 300.009293  -3.270451    20.814    20.860 20 54909.38582696 45.266
  27 300.009764  -3.269281    21.123    21.108 20 54919.30146445 34.297
  28 300.011427  -3.271882    21.776    21.799 19 54929.21710095 38.230
  29 300.015126  -3.273860    22.146    22.212 16 54939.13273683 40.237
  30 300.019439  -3.274196    22.477    22.521 16 54949.04837150 40.880
  31 300.022796  -3.271085    22.762    22.859 17 54958.96400941 39.009
  32 300.019908  -3.272388    22.846    22.878 16 54968.87965729 37.875
  33 300.017331  -3.274171    22.693    22.815 16 54978.79530422 36.280
  34 300.015511  -3.275528    22.591    22.610 15 54988.71095127 36.862
  35 300.015562  -3.273464    23.253    23.286 16 54998.62659934 40.439
  36 300.015001  -3.273603    23.214    23.339 16 55008.54224499 37.353
  37 300.014625  -3.273820    23.254    23.461 17 55018.45788858 36.574
  38 300.014621  -3.272208    23.351    23.407 17 55028.37353100 52.213
  39 300.013861  -3.273988    23.169    23.141 17 55038.28917197 47.993
  40 300.016058  -3.273488    22.364    22.340 16 55048.20481248 35.728
  41 300.019278  -3.274263    21.969    22.009 16 55058.12045083 43.356
  42 300.022889  -3.270892    20.912    20.895 17 55068.03608974 33.959
  43 300.019120  -3.272874    20.190    20.247 16 55077.95173896 33.584
  44 300.014702  -3.273524    18.997    18.974 17 55087.86738636 30.224
  45 300.012332  -3.271564    17.868    17.595 19 55097.78303320 37.315
  46 300.011629  -3.271706    17.409    17.553 18 55107.69867939 25.083
  47 300.012865  -3.270984    15.564    14.345 19 55117.61432520 35.450
  48 300.013474  -3.272261    13.486    12.756 18 55127.52996816 40.069
  49 300.013900  -3.272025    13.362    12.767 18 55137.44560901 33.639
  50 300.014234  -3.272255    11.643    11.464 17 55147.36124770 44.800
  51 300.015018  -3.274301    12.197    11.336 16 55157.27688515 36.319
  52 300.017589  -3.273343    11.505    10.039 17 55167.19252327 40.868
  53 300.020771  -3.271725    14.013    14.063 17 55177.10816109 30.056
  54 300.020973  -3.272000    13.838    13.069 17 55187.02380442 32.700
  55 300.016729  -3.274222    14.442    14.274 16 55196.93945467 46.093
  56 300.013626  -3.272929    15.552    15.341 17 55206.85510482 34.596
  57 300.012108  -3.271640    16.810    17.018 19 55216.77075466 22.317
  58 300.011073  -3.271670    16.033    15.967 18 55226.68640369 23.368
  59 300.010989  -3.271456    16.116    16.261 18 55236.60205024 24.946
  60 300.011465  -3.271134    16.538    16.581 19 55246.51769324 31.636
  61 300.010701  -3.271530    17.026    17.171 18 55256.43333311 29.136
  62 300.010523  -3.270382    17.414    17.559 19 55266.34897186 50.155
  63 300.010755  -3.272268    17.338    17.421 19 55276.26460909 25.485
  64 300.013809  -3.272714    17.516    17.598 17 55286.18024584 30.215
  65 300.017971  -3.273967    18.914    18.978 16 55296.09588045 50.726
  66 300.019640  -3.273872    19.540    19.570 16 55306.01152016 44.430
  67 300.017408  -3.273323    20.207    20.292 16 55315.92716672 33.351
  68 300.015113  -3.274309    20.942    20.995 16 55325.84281178 37.626
  69 300.014910  -3.273655    21.287    21.358 17 55335.75845641 37.595
  70 300.015440  -3.273306    21.407    21.423 16 55345.67410060 35.261
  71 300.015624  -3.273937    21.639    21.695 16 55355.58974345 36.894
  72 300.016066  -3.273203    21.639    21.726 16 55365.50538437 37.677
  73 300.016375  -3.273784    21.466    21.553 16 55375.42102332 37.140
  74 300.018385  -3.272624    21.002    20.904 17 55385.33666152 33.338
  75 300.021237  -3.271118    20.718    20.771 17 55395.25229889 31.453
  76 300.023620  -3.271709    20.390    20.407 16 55405.16793815 53.211
  77 300.021354  -3.271947    19.786    19.842 16 55415.08358887 44.414
  78 300.018481  -3.272467    18.382    18.459 17 55424.99923650 45.213
  79 300.015410  -3.274152    17.606    17.146 16 55434.91488151 31.106
  80 300.014054  -3.272006    15.826    15.266 18 55444.83052637 32.725
  81 300.013119  -3.272444    15.305    14.078 18 55454.74616994 34.162
  82 300.013967  -3.273140    14.059    12.199 17 55464.66181289 30.829
  83 300.016446  -3.272985    11.776    11.130 16 55474.57745346 31.711
  84 300.018779  -3.272206    11.273     9.541 17 55484.49309105 35.621
  85 300.019723  -3.272282    13.958    13.929 17 55494.40872604 34.873
  86 300.021374  -3.271812    12.609     9.058 17 55504.32435990 31.876
  87 300.019272  -3.272356    13.153    14.580 17 55514.24000862 36.500
  88 300.018551  -3.272260    11.317     9.466 16 55524.15565801 34.072
  89 300.017389  -3.272560    10.853    10.685 16 55534.07130551 41.139
  90 300.015496  -3.272904    11.918    11.369 16 55543.98695129 31.445
  91 300.013498  -3.273132    14.016    15.222 17 55553.90259536 32.271
  92 300.012715  -3.272378    13.042    12.662 17 55563.81823892 38.948
  93 300.014023  -3.272293    13.824    13.272 17 55573.73388200 32.105
  94 300.015813  -3.273095    13.715    13.684 16 55583.64952354 31.439
  95 300.017677  -3.273396    14.977    14.657 17 55593.56516166 44.168
  96 300.018903  -3.274179    15.982    15.529 16 55603.48079609 32.658
  97 300.021287  -3.271719    16.353    16.391 17 55613.39642889 37.878
  98 300.022653  -3.271005    17.219    17.183 17 55623.31206554 29.722
  99 300.018941  -3.273821    17.738    17.752 16 55633.22771691 39.053
 100 300.018348  -3.272826    18.398    18.445 16 55643.14336707 52.236
 101 300.018118  -3.272570    18.714    18.678 17 55653.05901429 31.095
 102 300.017079  -3.273631    19.320    19.366 16 55662.97465700 39.277
 103 300.016016  -3.273280    19.697    19.584 16 55672.89029721 30.192
 104 300.015253  -3.274694    20.350    20.309 16 55682.80593587 32.998
 105 300.018374  -3.272530    21.057    21.124 17 55692.72157421 35.091
 106 300.021807  -3.273562    21.530    21.586 16 55702.63721031 38.379
 107 300.023647  -3.270804    22.010    22.049 17 55712.55285456 42.050
 108 300.019963  -3.272266    22.080    22.032 16 55722.46850324 38.849
 109 300.016501  -3.273203    22.501    22.458 16 55732.38414983 51.110
 110 300.014699  -3.274282    22.036    22.182 16 55742.29979508 35.810
 111 300.015435  -3.273041    22.042    22.031 16 55752.21543972 34.891
 112 300.017308  -3.273334    22.090    22.216 16 55762.13108183 45.780
 113 300.018663  -3.274389    21.543    21.572 16 55772.04672103 40.366
 114 300.020159  -3.272214    20.881    20.983 16 55781.96235758 43.984
 115 300.020736  -3.273554    20.076    20.090 16 55791.87799106 34.714
 116 300.023864  -3.271690    19.008    19.105 17 55801.79362521 29.723
 117 300.022224  -3.271078    17.792    17.432 17 55811.70927579 31.217
 118 300.021800  -3.270951    16.041    15.076 17 55821.62492483 32.936
 119 300.022166  -3.271307    13.643    12.481 17 55831.54056900 31.286
 120 300.022545  -3.271182    11.321    10.488 17 55841.45620858 36.117
 121 300.021752  -3.273393    12.984    12.139 16 55851.37184427 33.443
 122 300.023649  -3.271548    12.190    11.716 16 55861.28747868 31.748
 123 300.019634  -3.274074    11.017    11.451 16 55871.20313080 41.399
 124 300.019338  -3.274178    12.794    11.615 16 55881.11878082 35.818
 125 300.020719  -3.272201    12.205    11.401 17 55891.03442487 38.928
 126 300.021523  -3.272813    15.159    14.711 15 55900.95006275 26.449
 127 300.023286  -3.272335    14.126    13.404 17 55910.86569651 31.403
 128 300.017743  -3.273445    14.924    14.091 17 55920.78135039 29.904
 129 300.015462  -3.273284    15.157    15.167 17 55930.69700299 33.687
 130 300.014836  -3.274394    16.398    16.228 16 55940.61265156 27.747
 131 300.014797  -3.273995    17.332    17.381 16 55950.52829578 36.774
 132 300.014992  -3.271878    17.713    17.925 17 55960.44393609 30.490
 133 300.014911  -3.272030    18.503    18.442 17 55970.35957324 29.537
 134 300.016567  -3.273350    19.845    19.883 16 55980.27520894 51.403
 135 300.021318  -3.271756    20.493    20.570 17 55990.19084450 52.756
 136 300.022485  -3.272011    20.797    20.862 17 56000.10648818 33.910
 137 300.019547  -3.274176    21.140    21.175 16 56010.02213772 33.550
 138 300.017197  -3.274124    21.399    21.434 16 56019.93778392 34.062
 139 300.015031  -3.273514    22.066    22.186 16 56029.85342751 38.721
 140 300.014556  -3.272529    22.335    22.440 17 56039.76906965 35.938
 141 300.016072  -3.272880    22.744    22.780 16 56049.68470957 35.765
 142 300.019066  -3.273929    23.105    23.044 16 56059.60034679 37.410
 143 300.023863  -3.271874    23.557    23.631 17 56069.51598286 41.768
 144 300.019808  -3.274053    23.674    23.734 16 56079.43163286 45.117
 145 300.017107  -3.272433    23.698    23.714 16 56089.34728080 53.768
 146 300.015210  -3.273968    23.279    23.363 16 56099.26292555 36.404
 147 300.015265  -3.275600    23.089    23.164 15 56109.17855648 51.572
 148 300.018625  -3.272528    22.735    22.822 16 56119.09419733 51.625
 149 300.021960  -3.271209    22.419    22.486 17 56129.00983431 46.430
 150 300.023598  -3.272224    21.755    21.823 17 56138.92546758 34.770
 151 300.019505  -3.274002    21.244    21.340 16 56148.84111548 36.024
 152 300.017149  -3.274490    20.152    20.205 16 56158.75676461 34.685
 153 300.017452  -3.272610    19.036    19.061 16 56168.67241333 35.161
 154 300.017949  -3.272648    18.138    17.879 17 56178.58805860 31.818
 155 300.018056  -3.274169    15.626    15.227 16 56188.50369904 38.548
 156 300.019161  -3.272422    14.910    14.300 16 56198.41933666 32.561
 157 300.020078  -3.274126    13.015    11.574 16 56208.33497051 38.635
 158 300.024046  -3.271233    11.561    10.901 17 56218.25060373 36.200
 159 300.023751  -3.272198    13.693    14.785 17 56228.16624851 33.618
 160 300.021088  -3.273852    11.581    10.664 16 56238.08190191 38.020
 161 300.019412  -3.272509    12.892    11.492 16 56247.99755236 34.847
 162 300.017375  -3.274372    11.138     9.660 16 56257.91319739 25.220
 163 300.016965  -3.273576    13.429    11.921 16 56267.82884014 37.886
 164 300.017277  -3.272823    13.180    12.579 17 56277.74448139 31.105
 165 300.015556  -3.273452    13.430    12.251 16 56287.66013029 27.500
 166 300.014701  -3.272530    13.957    13.646 17 56297.57578021 34.720
 167 300.013760  -3.272388    14.654    14.913 17 56307.49142585 36.168
 168 300.012847  -3.272785    16.223    16.063 18 56317.40706831 34.302
 169 300.012724  -3.272913    16.721    16.650 18 56327.32270912 39.331
 170 300.014842  -3.272350    17.449    17.492 17 56337.23834909 35.027
 171 300.018328  -3.272398    18.473    18.540 16 56347.15398735 52.615
 172 300.022208  -3.271401    19.204    19.296 17 56357.06962331 36.556
 173 300.019262  -3.272033    19.639    19.648 17 56366.98527108 30.618
 176 300.013648  -3.272069    20.990    21.022 17 56396.73220868 32.898
 177 300.015130  -3.273113    21.593    21.743 16 56406.64785011 43.701
 178 300.017859  -3.273191    21.823    21.867 16 56416.56348817 35.313
 179 300.022077  -3.272098    22.563    22.674 17 56426.47912163 44.047
 180 300.018690  -3.272642    23.036    23.033 16 56436.39477156 51.118
 181 300.014642  -3.273665    23.098    23.150 17 56446.31042216 36.380
 182 300.013557  -3.272496    23.281    23.329 17 56456.22607106 48.386
 183 300.013576  -3.271971    23.171    23.251 17 56466.14171681 44.767
 184 300.013921  -3.273700    22.596    22.739 17 56476.05735832 36.701
 185 300.015587  -3.273649    22.602    22.654 16 56485.97299693 38.629
 186 300.017677  -3.272497    22.124    22.171 16 56495.88863329 35.167
 187 300.019775  -3.274221    21.582    21.692 16 56505.80426777 35.438
 188 300.025227  -3.271913    21.156    21.176 17 56515.71990207 36.758
 189 300.023199  -3.271119    20.429    20.523 17 56525.63555707 35.838
 190 300.020940  -3.271522    19.781    19.797 17 56535.55120783 36.280
 192 300.014586  -3.274288    18.299    18.300 16 56555.38249791 53.116
 193 300.015143  -3.271785    17.360    17.148 17 56565.29814098 29.906
 194 300.016363  -3.273294    15.773    15.620 16 56575.21378189 43.533
 195 300.020266  -3.272100    15.026    14.754 16 56585.12942067 32.485
 196 300.024122  -3.271248    16.223    16.082 16 56595.04505752 29.271
 197 300.019791  -3.272087    15.325    14.801 16 56604.96070987 33.281
 198 300.016306  -3.273234    16.481    16.684 16 56614.87635766 22.077
 199 300.015266  -3.274066    14.486    14.801 16 56624.79200222 36.706
 200 300.016133  -3.273823    16.440    15.733 16 56634.70764447 28.787
 201 300.018880  -3.274354    16.852    16.090 16 56644.62328267 32.282
 202 300.016285  -3.273226    15.791    15.964 16 56654.53893609 38.419
 203 300.014234  -3.272142    16.469    16.484 18 56664.45458509 40.524
 204 300.012576  -3.272360    17.208    16.999 17 56674.37023084 25.608
 205 300.012604  -3.271882    17.404    17.245 18 56684.28587544 30.365
 206 300.014325  -3.272352    17.602    17.725 17 56694.20151781 31.215
 207 300.018190  -3.272420    18.071    18.009 16 56704.11715608 28.346
 208 300.022278  -3.271980    18.705    18.707 17 56714.03278919 47.702
 209 300.017357  -3.273715    19.012    19.083 16 56723.94843835 35.653
 210 300.013113  -3.272085    19.212    19.245 18 56733.86408884 30.559
 211 300.011604  -3.271042    20.290    20.383 19 56743.77973624 38.433
 212 300.012879  -3.273030    20.635    20.680 17 56753.69537895 31.793
 213 300.017416  -3.273126    21.345    21.418 16 56763.61101684 38.588
 214 300.021743  -3.271842    21.598    21.691 17 56773.52665161 36.047
 215 300.015071  -3.274110    22.086    22.133 16 56783.44230774 36.211
 216 300.011042  -3.271455    22.542    22.563 18 56793.35796122 33.961
 217 300.008957  -3.269341    23.072    23.076 21 56803.27361163 44.274
 218 300.009927  -3.271762    23.172    23.235 19 56813.18925356 40.434
 219 300.012720  -3.272271    23.257    23.323 17 56823.10489259 36.241
 220 300.015639  -3.273489    23.287    23.391 16 56833.02052741 37.506
 221 300.019053  -3.274002    23.169    23.235 16 56842.93615920 36.764
 222 300.020376  -3.271396    23.033    23.045 17 56852.85180064 35.429
 223 300.015630  -3.275550    22.785    22.763 15 56862.76745369 34.536
 224 300.015022  -3.272096    22.695    22.772 17 56872.68310817 34.899
 225 300.013827  -3.272813    22.213    22.380 17 56882.59875861 38.845
 226 300.013080  -3.272291    21.620    21.746 18 56892.51440571 40.457
 227 300.011351  -3.271817    20.522    20.525 18 56902.43004937 33.132
 228 300.009861  -3.271059    19.796    19.840 20 56912.34569098 34.066
 229 300.010941  -3.271170    18.832    18.882 19 56922.26133087 51.541
 230 300.014931  -3.271770    17.551    17.489 17 56932.17696868 31.138
 231 300.020221  -3.273835    16.026    15.838 16 56942.09260117 35.998
 232 300.022384  -3.271712    16.902    16.150 17 56952.00824467 32.560
 233 300.017976  -3.272792    15.994    14.801 16 56961.92389521 31.565
 234 300.014444  -3.273652    15.595    14.767 17 56971.83954124 33.031
 235 300.014125  -3.274234    15.154    14.931 16 56981.75518369 35.461
 236 300.017823  -3.272550    16.363    15.459 16 56991.67082253 29.481
 237 300.023561  -3.271559    15.541    15.292 17 57001.58645629 36.568
 238 300.018640  -3.273050    16.687    16.023 16 57011.50211354 27.311
 239 300.015070  -3.273282    16.159    15.941 17 57021.41776509 31.702
 240 300.013312  -3.272002    16.086    16.146 17 57031.33341393 41.923
 241 300.013391  -3.270870    16.688    16.836 19 57041.24906075 51.128
 242 300.014262  -3.272054    17.573    17.552 17 57051.16470504 36.195
 243 300.016216  -3.274136    18.238    18.350 16 57061.08034510 50.684
 244 300.019934  -3.271708    18.675    18.713 17 57070.99598082 33.653
 245 300.022421  -3.271368    18.995    19.035 17 57080.91161200 30.719
 246 300.020896  -3.272215    19.152    19.161 17 57090.82725388 29.115
 247 300.015119  -3.274557    19.842    19.990 16 57100.74291091 30.460
 248 300.013834  -3.273197    20.007    20.086 17 57110.65856585 30.787
 249 300.014959  -3.272263    20.922    20.969 17 57120.57421518 33.111
 250 300.014721  -3.274371    21.572    21.741 16 57130.48985779 38.046
 251 300.015497  -3.273999    21.804    21.883 16 57140.40549542 35.387
 252 300.017095  -3.274158    22.568    22.664 16 57150.32112933 36.698
 253 300.021694  -3.272805    22.736    22.884 15 57160.23676065 36.267
 254 300.020651  -3.271448    23.111    23.177 17 57170.15241333 38.204
 255 300.018171  -3.272410    23.433    23.555 17 57180.06806771 38.321
 256 300.015423  -3.274322    23.670    23.739 16 57189.98371797 42.895
 257 300.014037  -3.273365    23.420    23.556 17 57199.89936569 36.871
 258 300.013609  -3.272416    23.523    23.722 17 57209.81500009 44.200
 259 300.014447  -3.271981    23.243    23.373 17 57219.73064458 39.024
 260 300.015193  -3.274061    22.759    22.738 16 57229.64628748 34.082
 261 300.016881  -3.273928    22.493    22.561 16 57239.56192863 33.324
 262 300.019303  -3.272261    22.085    22.182 16 57249.47756708 35.070
 263 300.020435  -3.274119    21.564    21.643 16 57259.39320210 33.899
 264 300.023583  -3.271051    21.058    21.133 17 57269.30883688 44.719
 265 300.021400  -3.271556    20.056    20.131 17 57279.22448753 31.616
 266 300.019107  -3.272098    18.780    18.692 17 57289.14014266 29.630
 267 300.016876  -3.273677    17.825    17.483 16 57299.05579478 29.944
 268 300.015836  -3.272904    13.741    13.287 16 57308.97144412 45.377
 269 300.013545  -3.273182    11.637    10.596 16 57318.88708989 36.235
 270 300.012070  -3.272322    13.835    12.287 17 57328.80273314 30.632
 271 300.012861  -3.271786    13.448    12.189 18 57338.71837448 33.870
 272 300.012251  -3.271697    15.590    16.339 19 57348.63402397 27.190
 273 300.012362  -3.272748    12.077    11.855 17 57358.54967046 35.753
 274 300.013079  -3.272480    12.194    11.568 18 57368.46531389 37.434
 275 300.013875  -3.272353    12.282    11.738 17 57378.38095416 34.409
 276 300.015494  -3.273750    11.950    12.055 16 57388.29659232 47.495
 277 300.019546  -3.272263    12.737    12.663 16 57398.21223031 39.341
 278 300.023836  -3.271471    13.754    13.794 17 57408.12786659 33.828
 279 300.019877  -3.274142    14.941    15.842 16 57418.04351870 27.685
 280 300.016986  -3.272736    14.405    14.763 16 57427.95916936 28.019
 281 300.014057  -3.272496    14.692    14.329 18 57437.87481741 32.044
 282 300.013124  -3.272085    16.307    14.639 17 57447.79046441 27.712
 283 300.013210  -3.272899    15.672    15.833 17 57457.70611018 30.486
 284 300.014774  -3.273794    16.669    16.855 17 57467.62175331 28.154
 285 300.017607  -3.273555    17.544    17.774 16 57477.53739268 28.108
 286 300.020030  -3.272279    18.091    18.204 17 57487.45302874 29.671
 287 300.022481  -3.271510    18.944    19.021 17 57497.36866223 47.501
 288 300.023683  -3.271565    19.431    19.550 16 57507.28430023 31.242
 289 300.019828  -3.271620    20.376    20.498 17 57517.19995545 53.139
 290 300.017678  -3.272717    20.472    20.592 16 57527.11560779 30.137
 291 300.016391  -3.273380    20.977    21.115 16 57537.03125772 47.574
 292 300.015609  -3.271603    20.966    21.165 17 57546.94690569 35.536
 293 300.014031  -3.272381    21.201    21.329 18 57556.86255178 40.710
 294 300.013757  -3.273002    20.992    21.046 17 57566.77819704 31.729
 295 300.014319  -3.274235    21.065    21.218 16 57576.69384160 38.792
 296 300.015805  -3.273357    20.902    21.018 16 57586.60948553 38.858
 297 300.016432  -3.272861    20.728    20.842 16 57596.52512697 45.556
