#   46.415  -1.379   8.877 ;Mean Elev.(m), Avg Gradient(m/km), RMS Gradient(m/km) - SRTM1     
#   34.922  -2.032  11.277 ;Mean Elev.(m), Avg Gradient(m/km), RMS Gradient(m/km) - ASTER GDEM
#   47.407  -1.197   8.860 ;Mean Elev.(m), Avg Gradient(m/km), RMS Gradient(m/km) - GMTED2010 
   1 292.278858  -2.832466    49.819    49.770  6 54665.98552106 39.681
   2 292.278045  -2.833843    48.975    49.031  6 54675.90116549 44.597
   3 292.277871  -2.834178    21.775    21.693  7 54685.81680858 19.871
   4 292.279209  -2.832674    49.649    49.692  7 54695.73245010 24.749
   5 292.281464  -2.830154    22.129    22.043  6 54705.64808912 17.546
   6 292.280215  -2.832324    43.746    43.869  6 54715.56374213 37.110
   7 292.278187  -2.833871    13.868    19.276  7 54725.47939255 14.318
   8 292.275320  -2.836519    47.629    47.202  7 54735.39504100 38.476
   9 292.272755  -2.838206    46.783    46.812  8 54745.31068809 39.522
  10 292.272095  -2.839400    46.160    46.050  8 54755.22633463 35.945
  11 292.272951  -2.838271    48.632    48.421  8 54765.14197952 24.620
  12 292.274657  -2.837222    47.265    47.154  7 54775.05762166 50.365
  13 292.275257  -2.835160    49.227    48.695  7 54784.97326109 30.227
  14 292.276246  -2.835345    48.846    48.367  7 54794.88889966 35.595
  15 292.278026  -2.834937    49.932    49.927  7 54804.80453781 37.002
  16 292.279822  -2.832217    50.253    50.293  7 54814.72017520 45.656
  17 292.279876  -2.833300    50.232    49.867  6 54824.63582160 24.127
  18 292.277204  -2.834978    48.554    48.217  7 54834.55146214 45.029
  19 292.274200  -2.837347    49.347    48.748  7 54844.46711278 44.363
  20 292.272016  -2.838732    51.751    51.773  8 54854.38276218 51.679
  21 292.271292  -2.840396    52.742    52.702  8 54864.29841134 51.721
  22 292.271326  -2.841287    53.283    53.250  8 54874.21405990 53.529
  23 292.272016  -2.841073    53.506    53.487  8 54884.12970567 52.384
  24 292.272047  -2.839844    53.655    53.694  9 54894.04534770 36.908
  25 292.271767  -2.840026    54.148    54.145  8 54903.96098743 50.300
  26 292.272059  -2.840967    54.447    54.406  8 54913.87662639 37.173
  27 292.272023  -2.838957    54.637    54.846  8 54923.79226434 40.506
  28 292.273931  -2.837362    54.443    54.391  7 54933.70790190 48.539
  29 292.277467  -2.835515    54.505    54.525  7 54943.62353767 51.185
  30 292.280668  -2.832025    54.363    54.286  6 54953.53917096 41.499
  31 292.279735  -2.832249    54.565    54.581  7 54963.45481566 45.424
  32 292.277964  -2.835132    54.725    54.737  7 54973.37046447 50.960
  33 292.276628  -2.835325    54.763    54.803  7 54983.28611165 41.757
  34 292.276699  -2.835401    54.661    54.683  7 54993.20175857 52.795
  35 292.276147  -2.834773    54.697    54.758  7 55003.11740424 51.059
  36 292.275587  -2.836226    54.140    54.114  8 55013.03304838 35.216
  37 292.274863  -2.836791    53.843    53.600  7 55022.94869102 41.078
  38 292.274867  -2.837851    53.208    53.037  7 55032.86433330 39.329
  39 292.275621  -2.836824    52.112    52.138  7 55042.77997475 49.751
  40 292.277769  -2.833676    50.532    50.530  7 55052.69561453 45.527
  41 292.280174  -2.832070    48.901    48.946  6 55062.61125249 41.303
  42 292.279243  -2.832658    48.665    48.146  7 55072.52689689 35.043
  43 292.276444  -2.835187    47.907    47.793  7 55082.44254569 46.040
  44 292.274299  -2.837916    46.115    45.645  8 55092.35819277 45.749
  45 292.273276  -2.839078    44.209    44.212  8 55102.27383908 48.929
  46 292.273174  -2.838590    45.741    45.674  7 55112.18948469 48.444
  47 292.274083  -2.836919    50.508    50.804  7 55122.10512785 26.869
  48 292.275075  -2.835383    47.400    47.299  7 55132.02076820 48.265
  49 292.275991  -2.836532    50.113    50.466  7 55141.93640725 28.325
  50 292.276017  -2.836372    47.207    47.516  7 55151.85204569 32.287
  51 292.276943  -2.834895    48.580    48.738  7 55161.76768448 31.333
  52 292.279233  -2.833686    48.904    48.869  6 55171.68332321 48.244
  53 292.281111  -2.830498    50.383    50.372  6 55181.59895999 43.093
  54 292.279033  -2.833764    51.755    51.738  7 55191.51461074 45.426
  55 292.275552  -2.836941    52.244    52.243  7 55201.43026174 52.725
  56 292.273063  -2.838573    51.931    51.896  8 55211.34591160 50.123
  57 292.272671  -2.839260    50.958    50.842  8 55221.26156077 52.185
  58 292.272744  -2.838907    50.521    50.496  8 55231.17720847 45.125
  59 292.273356  -2.838159    51.428    51.449  8 55241.09285288 34.306
  60 292.273063  -2.838802    51.781    51.730  8 55251.00849390 48.609
  61 292.271905  -2.839205    51.645    51.612  8 55260.92413277 32.840
  62 292.271780  -2.838495    51.539    51.519  8 55270.83977089 30.971
  63 292.273738  -2.838383    52.100    52.000  7 55280.75540945 48.435
  64 292.275862  -2.834638    52.296    52.222  7 55290.67104614 35.859
  65 292.279242  -2.832661    52.592    52.641  7 55300.58668100 37.625
  66 292.278371  -2.833541    53.061    53.105  6 55310.50232766 29.495
  67 292.276622  -2.835168    53.426    53.395  7 55320.41797359 38.817
  68 292.275276  -2.837013    53.452    53.421  7 55330.33361817 51.750
  69 292.274762  -2.837012    53.418    53.440  8 55340.24926206 50.640
  70 292.275966  -2.836916    53.257    53.266  7 55350.16490574 51.421
  71 292.277212  -2.835970    53.052    52.949  7 55360.08054713 54.335
  72 292.276797  -2.833890    52.149    52.160  7 55369.99618597 36.905
  73 292.277042  -2.834227    50.222    50.191  7 55379.91182406 47.272
  74 292.277660  -2.833382    49.009    48.888  7 55389.82746146 37.493
  75 292.280054  -2.832013    47.670    47.800  7 55399.74309808 37.295
  76 292.280693  -2.831336    49.751    49.988  6 55409.65874527 23.354
  77 292.279453  -2.832679    45.939    45.958  6 55419.57439609 37.492
  78 292.277446  -2.835477    48.801    48.444  7 55429.49004385 31.937
  79 292.274868  -2.837428    42.387    42.237  7 55439.40568858 47.752
  80 292.273534  -2.838079    41.299    41.018  7 55449.32133149 45.318
  81 292.274076  -2.837229    42.182    42.006  7 55459.23697373 36.232
  82 292.275926  -2.836165    42.232    42.149  7 55469.15261514 50.508
  83 292.277766  -2.833692    40.845    40.626  6 55479.06825304 46.242
  84 292.279577  -2.832516    41.025    40.955  6 55488.98388844 34.797
  85 292.281025  -2.832083    42.072    42.125  6 55498.89952197 30.165
  86 292.280315  -2.831583    42.227    42.162  6 55508.81516152 42.725
  87 292.278265  -2.833763    44.961    44.884  7 55518.73081234 44.179
  88 292.277676  -2.835426    47.851    48.527  7 55528.64646239 34.460
  89 292.276749  -2.835145    49.348    49.210  6 55538.56211021 26.992
  90 292.276154  -2.836886    49.353    49.927  7 55548.47775617 27.813
  91 292.274351  -2.837398    46.149    46.109  7 55558.39339978 43.838
  92 292.273706  -2.837749    47.250    47.305  7 55568.30904238 50.457
  93 292.274754  -2.836637    47.697    47.583  7 55578.22468378 37.261
  94 292.277263  -2.835894    49.043    48.756  7 55588.14032304 31.428
  95 292.279508  -2.832795    51.310    51.491  7 55598.05595868 24.329
  96 292.280635  -2.830578    48.770    48.773  6 55607.97159182 37.133
  97 292.282285  -2.831815    49.435    49.451  6 55617.88722408 33.733
  98 292.279768  -2.831309    52.361    52.580  6 55627.80287004 22.017
  99 292.278580  -2.833719    50.742    50.705  6 55637.71852232 29.611
 100 292.278074  -2.834331    51.076    51.018  7 55647.63417229 35.862
 101 292.276993  -2.833634    52.439    52.712  7 55657.54981900 34.301
 102 292.276839  -2.835881    53.063    53.091  7 55667.46546207 48.404
 103 292.276010  -2.835001    53.554    53.556  7 55677.38110136 49.729
 104 292.277037  -2.835215    54.074    54.150  7 55687.29673884 49.600
 105 292.278837  -2.833588    54.034    54.073  6 55697.21237457 32.367
 106 292.281985  -2.831676    54.175    54.139  6 55707.12800894 38.468
 107 292.280323  -2.831884    54.112    54.095  6 55717.04365921 47.701
 108 292.278205  -2.833107    53.836    53.771  7 55726.95930734 38.339
 109 292.276739  -2.835176    53.185    53.185  6 55736.87495424 32.931
 110 292.275590  -2.835678    52.456    52.440  7 55746.79059978 21.875
 111 292.275822  -2.835889    52.223    52.120  8 55756.70624358 47.873
 112 292.276885  -2.833827    51.485    51.468  7 55766.62188448 41.019
 113 292.278740  -2.833563    50.290    50.288  7 55776.53752293 41.142
 114 292.279789  -2.832761    48.368    48.291  6 55786.45315827 44.776
 115 292.280770  -2.831515    46.400    46.298  6 55796.36879147 43.690
 116 292.280506  -2.830345    43.053    43.014  6 55806.28443181 34.158
 117 292.280318  -2.832087    42.765    42.749  7 55816.20008073 48.381
 118 292.280745  -2.831607    43.005    42.948  6 55826.11572621 50.965
 119 292.281570  -2.831952    44.525    44.520  6 55836.03136750 39.123
 120 292.281411  -2.830706    47.371    47.335  6 55845.94700516 41.056
 121 292.282045  -2.829814    47.228    47.179  6 55855.86264066 29.327
 122 292.282037  -2.831269    45.496    45.558  6 55865.77828291 45.670
 123 292.279512  -2.832656    49.793    50.045  6 55875.69393620 19.746
 124 292.279141  -2.833703    46.903    46.894  6 55885.60958383 38.742
 125 292.279180  -2.832479    48.203    48.150  7 55895.52522519 38.528
 126 292.280956  -2.831843    48.886    48.907  6 55905.44086146 47.028
 127 292.280196  -2.831643    49.409    49.468  6 55915.35650387 31.130
 128 292.277083  -2.833905    51.231    51.194  7 55925.27215783 52.169
 129 292.275990  -2.835569    52.465    52.392  7 55935.18780841 48.038
 130 292.275906  -2.836098    53.075    53.052  7 55945.10345409 40.899
 131 292.276121  -2.835429    53.588    53.552  7 55955.01909512 44.268
 132 292.276129  -2.834363    53.647    53.641  7 55964.93473356 43.037
 133 292.276960  -2.835302    53.448    53.435  7 55974.85037138 32.937
 134 292.278653  -2.833727    53.645    53.622  6 55984.76600797 30.107
 135 292.281918  -2.830402    53.649    53.595  6 55994.68164201 36.588
 136 292.280331  -2.831924    54.093    53.992  7 56004.59729476 42.427
 137 292.278325  -2.834120    54.134    54.065  6 56014.51294402 38.734
 138 292.275620  -2.835236    54.765    54.660  7 56024.42858965 48.049
 139 292.274724  -2.837219    55.031    54.867  7 56034.34423313 47.493
 140 292.275251  -2.835118    55.308    55.283  7 56044.25987356 51.418
 141 292.277757  -2.834578    55.080    55.120  7 56054.17551155 29.681
 142 292.280251  -2.831317    55.150    55.171  6 56064.09114538 42.716
 143 292.280013  -2.830793    55.253    55.125  6 56074.00678785 45.664
 144 292.277487  -2.833612    54.627    54.599  7 56083.92243758 31.892
 145 292.276043  -2.834601    54.190    54.204  7 56093.83808489 45.776
 146 292.276248  -2.834902    53.582    53.550  7 56103.75373022 42.979
 147 292.276945  -2.834116    52.644    52.362  7 56113.66936106 31.138
 148 292.278395  -2.833311    50.492    50.432  7 56123.58499975 43.628
 149 292.280223  -2.832174    49.315    49.334  6 56133.50063448 35.553
 150 292.280259  -2.831398    48.314    48.327  6 56143.41627293 36.429
 151 292.278379  -2.834565    46.108    46.019  7 56153.33192360 49.926
 152 292.277369  -2.835334    44.929    44.471  7 56163.24757228 42.009
 153 292.277699  -2.835090    44.159    44.193  7 56173.16321874 45.882
 154 292.278773  -2.833861    46.201    45.633  6 56183.07886010 32.849
 155 292.279160  -2.832809    44.295    44.026  7 56192.99449773 40.846
 156 292.279366  -2.832801    45.096    45.123  6 56202.91013305 32.663
 157 292.280368  -2.830735    46.496    45.653  6 56212.82576663 28.532
 158 292.284256  -2.830292    47.359    46.281  6 56222.74139916 22.616
 159 292.281744  -2.830814    48.212    48.579  6 56232.65705569 25.336
 160 292.279603  -2.831426    47.769    48.303  6 56242.57270846 26.103
 161 292.277887  -2.834100    45.441    45.348  7 56252.48835725 42.576
 162 292.276339  -2.833995    51.996    52.448  7 56262.40400074 29.256
 163 292.276326  -2.834089    47.954    48.008  7 56272.31964219 45.552
 164 292.277331  -2.833824    50.072    50.115  7 56282.23528408 28.269
 165 292.276171  -2.834113    50.280    50.102  7 56292.15093581 44.737
 166 292.275510  -2.835412    52.026    52.044  7 56302.06658334 38.344
 167 292.275042  -2.837020    52.878    52.836  7 56311.98222677 35.390
 168 292.274518  -2.837047    53.530    53.443  7 56321.89786801 46.091
 169 292.274935  -2.836606    53.521    53.569  8 56331.81350894 37.077
 170 292.276330  -2.834510    53.410    53.351  7 56341.72914931 37.042
 171 292.279098  -2.832665    53.801    53.723  7 56351.64478763 41.237
 172 292.280643  -2.832781    53.774    53.789  6 56361.56042814 34.243
 173 292.277296  -2.834374    54.293    54.268  6 56371.47607813 36.375
 174 292.274489  -2.837745    54.466    54.444  7 56381.39172557 44.336
 175 292.273165  -2.838894    54.557    54.570  7 56391.30737020 46.927
 176 292.274235  -2.837140    54.793    54.742  7 56401.22301259 48.583
 177 292.276535  -2.834752    54.766    54.760  7 56411.13865210 38.186
 178 292.279315  -2.831779    54.490    54.462  6 56421.05428663 31.459
 179 292.280475  -2.832000    54.370    54.370  6 56430.96992476 31.715
 180 292.276348  -2.834847    54.265    54.184  7 56440.88557764 36.608
 181 292.274401  -2.838035    53.870    53.762  8 56450.80122851 37.403
 182 292.273926  -2.837388    53.464    53.461  7 56460.71687664 47.000
 183 292.274661  -2.837396    53.202    53.053  7 56470.63252176 45.157
 184 292.275253  -2.835891    52.853    52.842  7 56480.54816286 38.053
 185 292.276470  -2.836339    52.408    52.310  7 56490.46380040 46.302
 186 292.277526  -2.833694    51.927    52.014  7 56500.37943448 48.886
 187 292.280268  -2.830663    50.586    50.407  6 56510.29506701 47.998
 188 292.281929  -2.830567    49.608    49.551  6 56520.21070963 47.208
 189 292.280563  -2.831821    50.929    51.166  6 56530.12636262 28.127
 190 292.279333  -2.832365    49.781    49.543  6 56540.04201155 26.868
 191 292.277594  -2.833276    48.024    47.992  7 56549.95765629 38.655
 192 292.275773  -2.834573    47.886    47.840  7 56559.87329907 35.060
 193 292.275664  -2.835952    48.964    50.070  8 56569.78894136 32.435
 194 292.276871  -2.834018    48.154    48.043  7 56579.70458198 32.701
 195 292.280715  -2.831781    48.069    48.048  6 56589.62021899 40.216
 196 292.280977  -2.830956    48.000    48.044  6 56599.53586468 43.907
 197 292.278045  -2.833409    48.694    48.578  7 56609.45151605 36.595
 198 292.276424  -2.836627    49.150    49.094  7 56619.36716258 47.870
 199 292.275639  -2.836308    50.081    50.042  8 56629.28280509 42.421
 200 292.277457  -2.834757    50.211    50.235  6 56639.19844421 52.706
 201 292.278595  -2.833167    50.808    50.773  6 56649.11408863 43.130
 202 292.277047  -2.834556    50.429    50.362  7 56659.02973988 48.103
 203 292.275626  -2.837066    50.598    50.639  7 56668.94538758 36.845
 204 292.274066  -2.836896    52.071    51.997  7 56678.86103267 38.159
 205 292.274556  -2.837239    52.716    52.660  7 56688.77667679 44.505
 206 292.275804  -2.834511    52.639    52.666  7 56698.69231790 40.938
 207 292.278947  -2.833456    52.146    52.221  6 56708.60795491 42.116
 208 292.279686  -2.832652    52.116    52.140  7 56718.52359402 42.273
 209 292.275975  -2.836061    52.735    52.681  7 56728.43924741 47.980
 210 292.273005  -2.838012    53.496    53.462  8 56738.35489623 50.285
 211 292.272118  -2.838096    53.913    53.910  8 56748.27054085 45.575
 212 292.274881  -2.837867    53.947    53.909  7 56758.18618097 50.820
 213 292.278811  -2.833934    53.950    53.938  6 56768.10181433 33.801
 214 292.278660  -2.833898    54.675    54.607  6 56778.01746002 48.237
 215 292.274912  -2.836677    54.810    54.718  7 56787.93311588 46.030
 216 292.271536  -2.840166    54.807    54.810  8 56797.84876867 48.343
 217 292.270050  -2.841084    54.896    54.952  9 56807.76441573 48.343
 218 292.271781  -2.840504    54.668    54.641  8 56817.68005699 49.593
 219 292.274160  -2.837442    54.405    54.397  7 56827.59569424 47.873
 220 292.277107  -2.834762    54.052    54.066  6 56837.51132835 42.641
 221 292.279996  -2.832337    53.127    53.074  7 56847.42695938 35.217
 222 292.277859  -2.835122    52.583    52.583  7 56857.34261120 52.111
 223 292.275786  -2.835994    51.373    51.402  7 56867.25826410 40.646
 224 292.275035  -2.837360    50.324    50.328  7 56877.17391554 28.551
 225 292.274121  -2.837296    49.219    49.168  7 56887.08956350 47.393
 226 292.273454  -2.838343    49.129    48.936  7 56897.00520904 42.416
 227 292.272629  -2.839681    48.895    49.357  8 56906.92085198 34.978
 228 292.272241  -2.839915    49.952    50.148  8 56916.83649293 30.878
 229 292.273497  -2.838183    50.232    50.417  8 56926.75213194 28.439
 230 292.276633  -2.835512    49.088    49.221  7 56936.66776757 37.068
 231 292.280859  -2.830258    47.751    47.733  6 56946.58339750 38.161
 232 292.278714  -2.832667    48.899    49.008  7 56956.49905198 36.905
 233 292.276889  -2.836295    49.124    49.323  7 56966.41470169 37.141
 234 292.275233  -2.836070    48.864    48.800  7 56976.33034614 48.583
 235 292.276034  -2.835601    49.606    49.495  7 56986.24598610 42.518
 236 292.279284  -2.832759    50.083    50.047  7 56996.16161996 45.697
 237 292.280233  -2.831065    51.023    50.995  6 57006.07726317 51.642
 238 292.278004  -2.833927    51.542    51.547  6 57015.99291794 34.224
 239 292.275762  -2.835947    52.349    52.497  8 57025.90856882 43.888
 240 292.274671  -2.837797    52.748    52.844  7 57035.82421803 44.678
 241 292.274577  -2.836787    53.427    53.372  8 57045.73986433 44.346
 242 292.275757  -2.835556    53.616    53.643  7 57055.65550754 45.850
 243 292.277579  -2.834942    53.914    54.017  7 57065.57114580 40.926
 244 292.278886  -2.833408    54.047    54.003  7 57075.48677917 40.611
 245 292.280950  -2.830526    54.052    54.026  6 57085.40240897 29.612
 246 292.277890  -2.833792    54.523    54.613  6 57095.31806497 50.996
 247 292.275389  -2.836361    54.609    54.551  7 57105.23372146 49.456
 248 292.274941  -2.837307    54.827    54.871  8 57115.14937315 52.100
 249 292.275409  -2.837428    54.862    54.873  7 57125.06501852 44.144
 250 292.275642  -2.836716    55.091    55.059  7 57134.98065841 49.216
 251 292.277193  -2.835861    55.400    55.270  7 57144.89629425 47.996
 252 292.278943  -2.832416    55.316    55.350  7 57154.81192729 37.444
 253 292.280936  -2.832127    55.546    55.541  6 57164.72756606 31.963
 254 292.278293  -2.834343    55.802    55.809  7 57174.64322327 44.290
 255 292.276639  -2.836281    55.679    55.696  7 57184.55887694 47.204
 256 292.274872  -2.836253    55.481    55.546  7 57194.47452613 49.074
 257 292.274074  -2.837872    55.220    55.188  7 57204.39016166 52.556
 258 292.274007  -2.838145    54.800    54.809  7 57214.30580673 51.548
 259 292.275410  -2.837195    54.370    54.364  7 57224.22144994 48.577
 260 292.277327  -2.836001    53.704    53.660  7 57234.13709124 53.508
 261 292.278398  -2.834077    52.740    52.761  7 57244.05272918 50.935
 262 292.279172  -2.832950    51.792    51.519  7 57253.96836480 44.416
 263 292.279967  -2.831160    51.214    51.449  6 57263.88399911 30.781
 264 292.281396  -2.830635    49.106    48.990  6 57273.79963790 35.172
 265 292.279445  -2.832390    49.389    48.679  6 57283.71529561 31.287
 266 292.278196  -2.834248    47.582    48.191  6 57293.63095085 39.176
 267 292.276878  -2.836517    49.378    49.474  7 57303.54660261 39.116
 268 292.274399  -2.836248    48.108    47.273  7 57313.46224991 40.581
 269 292.273191  -2.838608    47.978    47.849  8 57323.37789441 45.772
 270 292.273242  -2.838267    50.130    50.012  8 57333.29353628 32.762
 271 292.275074  -2.836506    47.506    47.440  8 57343.20917590 44.791
 272 292.274091  -2.838261    49.695    50.228  8 57353.12482865 35.216
 273 292.274498  -2.837036    49.198    48.682  7 57363.04047230 38.161
 274 292.275079  -2.836081    49.723    49.452  7 57372.95611283 38.941
 275 292.275686  -2.834918    50.159    50.116  7 57382.87175183 42.484
 276 292.277459  -2.833794    51.655    51.588  7 57392.78739078 45.512
 277 292.280297  -2.831695    52.155    52.162  6 57402.70302885 42.283
 278 292.281271  -2.830904    51.282    51.299  6 57412.61867326 39.723
 279 292.278940  -2.833527    49.875    50.144  7 57422.53432594 35.232
 280 292.275910  -2.836924    49.210    49.379  7 57432.44997586 39.538
 281 292.273421  -2.838196    51.608    51.606  7 57442.36562325 46.251
 282 292.273638  -2.839084    52.715    52.671  8 57452.28126980 49.200
 283 292.274577  -2.836944    53.488    53.309  7 57462.19691397 37.309
 284 292.277137  -2.834469    53.450    53.474  6 57472.11255458 34.583
 285 292.279210  -2.833085    53.699    53.662  7 57482.02819150 29.318
 286 292.280038  -2.831839    54.097    54.097  7 57491.94382530 32.308
 287 292.281952  -2.831110    54.141    54.176  6 57501.85945756 35.369
 288 292.280569  -2.832710    54.245    54.199  6 57511.77510723 34.166
 289 292.278051  -2.833472    54.403    54.367  6 57521.69076278 41.607
 290 292.276717  -2.833990    54.134    54.081  7 57531.60641596 38.061
 291 292.275917  -2.835778    53.622    53.658  7 57541.52206608 45.890
 292 292.274911  -2.837005    53.643    53.518  7 57551.43771302 44.091
 293 292.274089  -2.837458    53.282    53.174  8 57561.35335805 50.327
 294 292.274314  -2.837758    52.666    52.698  8 57571.26900248 48.766
 296 292.276446  -2.834331    51.441    51.307  7 57591.10028839 49.766
 297 292.277725  -2.835206    49.866    49.833  7 57601.01592834 48.324
