#   25.620  -0.480   3.757 ;Mean Elev.(m), Avg Gradient(m/km), RMS Gradient(m/km) - SRTM1     
#   31.206   0.025   3.109 ;Mean Elev.(m), Avg Gradient(m/km), RMS Gradient(m/km) - ASTER GDEM
#   27.768  -0.463   3.780 ;Mean Elev.(m), Avg Gradient(m/km), RMS Gradient(m/km) - GMTED2010 
   1 295.265026  -3.258730    34.396    34.359  8 54668.95250722 33.917
   2 295.263476  -3.257845    33.583    33.569  7 54678.86815077 30.560
   3 295.264659  -3.258267    13.703    13.711  7 54688.78379389 26.384
   4 295.269012  -3.261866    33.199    33.258  7 54698.69943613 20.500
   5 295.271030  -3.262794    13.758    13.759  8 54708.61507999 14.224
   6 295.267250  -3.260364    27.687    27.697  7 54718.53073106 41.763
   7 295.261907  -3.255752    14.838    14.836  8 54728.44637886 29.685
   8 295.257583  -3.253051    30.935    30.415  8 54738.36202539 22.117
   9 295.254798  -3.250280    28.593    28.480  9 54748.27767163 48.739
  10 295.254538  -3.250709    27.535    27.601  8 54758.19331830 49.752
  11 295.256274  -3.252087    28.297    28.299  8 54768.10896313 52.711
  12 295.258689  -3.253393    28.709    28.711  8 54778.02460470 49.848
  13 295.261223  -3.256544    30.141    30.673  8 54787.94024439 25.690
  14 295.261707  -3.255648    29.959    30.027  8 54797.85588239 37.706
  15 295.264446  -3.258194    31.594    32.028  7 54807.77152154 26.297
  16 295.268635  -3.261365    30.860    30.918  7 54817.68716052 28.055
  17 295.267135  -3.260641    30.634    30.651  8 54827.60281099 29.944
  18 295.262469  -3.257478    30.978    30.988  8 54837.51844960 31.845
  19 295.255948  -3.251360    31.223    31.174  8 54847.43409764 52.490
  20 295.252492  -3.249382    33.036    32.907  8 54857.34974597 51.517
  21 295.251669  -3.249318    33.784    33.757  9 54867.26539473 30.123
  22 295.252205  -3.249201    34.369    34.323  9 54877.18104278 32.354
  23 295.254198  -3.250615    34.751    34.742  9 54887.09668820 49.125
  24 295.253793  -3.249883    34.960    34.955  8 54897.01232950 32.508
  25 295.252435  -3.249412    35.625    35.624  8 54906.92796833 41.059
  26 295.252430  -3.249395    36.010    36.019  9 54916.84360640 32.276
  27 295.254819  -3.251202    36.279    36.267  9 54926.75924514 34.343
  28 295.259245  -3.254170    36.662    36.673  9 54936.67488377 37.051
  29 295.265107  -3.259133    36.860    36.886  7 54946.59052109 34.654
  30 295.270469  -3.262861    37.060    37.114  8 54956.50615582 35.105
  31 295.267059  -3.260690    37.442    37.471  7 54966.42180386 37.534
  32 295.263088  -3.256780    37.755    37.748  8 54976.33745021 51.030
  33 295.261387  -3.256081    35.710    35.712  8 54986.25309712 28.508
  34 295.261198  -3.255265    35.727    35.725  8 54996.16874413 30.881
  35 295.262013  -3.257294    38.179    38.176  8 55006.08439015 54.464
  36 295.260437  -3.254946    37.963    37.941  8 55016.00003286 37.982
  37 295.259146  -3.254842    37.657    37.646  8 55025.91567481 38.086
  38 295.257597  -3.252556    37.239    37.265  8 55035.83131605 35.907
  39 295.259975  -3.254519    36.640    36.657  8 55045.74695793 34.881
  40 295.265670  -3.259538    35.851    35.869  8 55055.66259909 32.846
  41 295.269934  -3.262187    34.802    34.792  8 55065.57823740 36.133
  42 295.266268  -3.259673    33.302    33.279  8 55075.49388527 31.648
  43 295.260027  -3.254653    31.771    31.772  8 55085.40953158 50.012
  44 295.255625  -3.251050    29.658    29.643  8 55095.32517653 35.037
  45 295.255031  -3.250911    28.984    29.336  8 55105.24082211 39.247
  46 295.256322  -3.251887    27.365    27.410  9 55115.15646776 50.720
  47 295.258538  -3.253788    27.828    27.922  9 55125.07211125 51.040
  48 295.259827  -3.254184    28.069    28.053  8 55134.98775176 49.670
  49 295.260584  -3.254753    27.548    27.409  8 55144.90339040 40.809
  50 295.261664  -3.256493    26.170    26.192  8 55154.81902897 47.085
  51 295.263531  -3.258120    29.878    29.993  8 55164.73466814 33.201
  52 295.266500  -3.259563    31.523    32.337  7 55174.65030727 25.829
  53 295.269559  -3.261883    32.332    33.077  7 55184.56594835 22.749
  54 295.265136  -3.259012    31.102    31.086  7 55194.48159915 32.083
  55 295.258834  -3.253662    31.990    31.932  8 55204.39724775 42.563
  56 295.254668  -3.250206    32.140    32.137  9 55214.31289603 35.374
  57 295.253543  -3.249751    32.015    32.262  8 55224.22854448 24.358
  58 295.254257  -3.250415    31.733    31.717  8 55234.14419148 47.916
  59 295.256113  -3.251481    32.450    32.410  9 55244.05983536 46.047
  60 295.256001  -3.251912    32.670    32.659  9 55253.97547593 35.108
  61 295.253904  -3.250215    32.627    32.639  9 55263.89111422 31.681
  62 295.253689  -3.249802    32.945    32.994  9 55273.80675222 25.562
  63 295.257434  -3.253318    33.221    33.169  8 55283.72239109 26.703
  64 295.263222  -3.257879    33.644    33.581  8 55293.63802901 27.252
  65 295.267031  -3.260123    34.069    34.078  7 55303.55366723 27.869
  66 295.263946  -3.257602    34.957    34.913  8 55313.46931431 35.979
  67 295.260926  -3.254897    35.534    35.509  8 55323.38495895 46.558
  68 295.259391  -3.253911    35.802    35.840  8 55333.30060246 37.408
  69 295.259384  -3.254725    35.929    35.887  8 55343.21624616 45.849
  70 295.260534  -3.255875    35.843    35.826  8 55353.13188953 32.402
  71 295.262179  -3.257254    36.028    36.007  8 55363.04753083 38.083
  72 295.262934  -3.257145    35.710    35.691  8 55372.96316993 31.504
  73 295.264238  -3.258232    35.220    35.206  7 55382.87880821 32.928
  74 295.266187  -3.260017    34.108    34.119  8 55392.79444612 28.032
  75 295.270302  -3.263018    32.982    32.986  8 55402.71008315 32.189
  76 295.268045  -3.261095    32.392    32.123  7 55412.62573437 28.107
  77 295.265344  -3.259045    30.247    30.187  8 55422.54138319 31.216
  78 295.262180  -3.256573    28.187    28.136  7 55432.45702910 45.921
  79 295.257974  -3.252664    25.736    25.691  8 55442.37267242 47.810
  80 295.256689  -3.252707    24.261    24.210  9 55452.28831510 46.176
  81 295.258031  -3.253440    24.706    24.705  8 55462.20395723 47.434
  82 295.261816  -3.256390    24.746    24.748  8 55472.11959827 48.189
  83 295.265714  -3.259827    23.009    22.977  7 55482.03523660 41.579
  84 295.268168  -3.261858    22.911    22.905  7 55491.95087240 51.289
  85 295.270023  -3.262439    23.736    23.758  7 55501.86650641 32.403
  86 295.268229  -3.261531    23.591    23.571  7 55511.78215100 45.806
  87 295.265018  -3.258709    25.646    25.635  8 55521.69780024 47.729
  88 295.262791  -3.256989    28.989    29.804  7 55531.61344865 28.376
  89 295.261154  -3.256118    27.183    27.180  8 55541.52909565 48.414
  90 295.259427  -3.254702    28.548    27.713  8 55551.44474035 35.812
  91 295.257567  -3.253185    27.392    27.363  9 55561.36038331 49.581
  92 295.257900  -3.253198    28.228    28.250  9 55571.27602581 49.779
  93 295.260381  -3.255601    28.464    28.477  8 55581.19166765 53.751
  94 295.263833  -3.258482    29.151    29.163  8 55591.10730658 44.160
  95 295.267677  -3.261257    29.685    29.091  8 55601.02294226 31.678
  96 295.270519  -3.263313    30.433    30.420  8 55610.93857571 37.717
  97 295.272879  -3.264610    30.494    30.489  8 55620.85420816 26.950
  98 295.267494  -3.260962    32.348    32.612  8 55630.76986005 23.789
  99 295.265032  -3.258960    32.602    32.477  7 55640.68551081 27.057
 100 295.264513  -3.258998    33.211    33.315  8 55650.60115955 25.720
 101 295.263241  -3.257794    32.964    32.987  8 55660.51680434 29.052
 102 295.261508  -3.256547    33.906    33.909  8 55670.43244544 33.609
 103 295.261160  -3.256258    34.842    34.831  8 55680.34808472 35.880
 104 295.263619  -3.257314    35.322    35.328  8 55690.26372236 40.015
 105 295.268242  -3.261246    35.913    35.857  8 55700.17935904 54.007
 106 295.271048  -3.263609    36.300    36.289  8 55710.09499849 40.890
 107 295.267143  -3.260424    36.605    36.605  7 55720.01064714 35.196
 108 295.263313  -3.257523    36.507    36.532  7 55729.92629372 33.506
 109 295.261109  -3.255279    36.573    36.570  8 55739.84193947 33.445
 110 295.261202  -3.256465    36.435    36.413  8 55749.75758511 33.469
 111 295.262285  -3.257020    36.051    36.045  8 55759.67322852 32.486
 112 295.263920  -3.257949    35.683    35.641  7 55769.58886921 31.766
 113 295.265598  -3.259378    34.769    34.792  8 55779.50450677 31.495
 114 295.267815  -3.261241    33.483    33.508  8 55789.42014169 37.941
 115 295.270814  -3.262820    31.320    31.253  8 55799.33577518 48.083
 116 295.269295  -3.261512    27.689    27.715  8 55809.25142083 54.618
 117 295.268841  -3.261801    25.429    25.402  8 55819.16706924 39.785
 118 295.270010  -3.262594    24.851    24.790  7 55829.08271354 31.942
 119 295.270760  -3.262666    26.049    25.950  8 55838.99835328 52.437
 120 295.270536  -3.262221    29.191    28.456  8 55848.91398998 31.336
 121 295.272027  -3.264073    29.573    29.603  8 55858.82962559 20.764
 122 295.269385  -3.262086    26.354    26.338  7 55868.74527339 37.245
 123 295.267747  -3.261493    26.086    25.999  7 55878.66092518 35.847
 124 295.267221  -3.260474    31.839    32.152  8 55888.57657042 21.675
 125 295.267916  -3.261388    28.872    28.850  8 55898.49221038 47.407
 126 295.270085  -3.262997    29.337    29.349  8 55908.40784550 26.766
 127 295.266095  -3.260170    29.553    29.589  7 55918.32349342 30.825
 128 295.262230  -3.256354    31.747    31.759  8 55928.23914531 55.601
 129 295.262117  -3.257240    33.230    33.209  8 55938.15479483 52.991
 130 295.261772  -3.256908    33.974    34.055  8 55948.07043918 40.739
 131 295.261095  -3.255750    34.303    34.314  8 55957.98607879 31.993
 132 295.260990  -3.255277    34.490    34.496  8 55967.90171642 27.000
 133 295.262735  -3.256507    34.729    34.711  8 55977.81735398 31.373
 134 295.267475  -3.261031    35.054    35.068  7 55987.73299199 30.037
 135 295.270683  -3.262678    35.359    35.357  7 55997.64863272 31.926
 136 295.267842  -3.260925    36.122    36.101  8 56007.56428398 34.517
 137 295.264236  -3.258366    36.346    36.318  7 56017.47993075 34.051
 138 295.259861  -3.254593    36.760    36.753  8 56027.39557399 38.175
 139 295.257843  -3.252895    37.402    37.421  8 56037.31121586 54.473
 140 295.260495  -3.255229    37.968    37.961  9 56047.22685679 44.163
 141 295.265079  -3.258664    37.964    37.962  7 56057.14249519 40.054
 142 295.271695  -3.264239    38.127    38.158  8 56067.05812988 42.923
 143 295.268050  -3.261144    38.438    38.450  7 56076.97377707 42.202
 144 295.262934  -3.257374    38.165    38.138  7 56086.88942444 34.117
 145 295.260234  -3.254555    38.034    38.048  8 56096.80506998 37.581
 146 295.261431  -3.256036    37.676    37.655  7 56106.72071483 35.445
 147 295.264027  -3.258064    37.069    37.069  8 56116.63634556 36.779
 148 295.267423  -3.261115    36.217    36.227  7 56126.55198444 32.081
 149 295.269564  -3.262135    34.428    34.781  8 56136.46761888 38.101
 150 295.267284  -3.260923    33.985    34.024  7 56146.38326207 44.940
 151 295.263769  -3.257745    32.160    32.149  8 56156.29891021 51.804
 152 295.262843  -3.256804    29.730    29.744  8 56166.21455797 44.636
 153 295.263924  -3.257744    29.688    30.263  7 56176.13020392 40.351
 154 295.266224  -3.259894    31.283    31.363  8 56186.04584526 26.648
 155 295.267323  -3.260672    27.033    26.848  8 56195.96148251 52.782
 156 295.267943  -3.260820    29.025    28.602  7 56205.87711692 27.556
 157 295.270087  -3.262021    26.653    26.581  8 56215.79275054 43.933
 158 295.272644  -3.264388    27.170    27.223  8 56225.70839091 39.039
 159 295.269962  -3.262440    27.510    27.474  7 56235.62404612 33.270
 160 295.267551  -3.261170    26.320    26.335  7 56245.53969760 40.897
 161 295.264235  -3.257908    26.351    26.370  8 56255.45534350 31.925
 162 295.262024  -3.255851    27.577    27.563  8 56265.37098557 45.687
 163 295.262135  -3.256984    28.349    28.359  8 56275.28662659 51.192
 164 295.262018  -3.256293    28.630    28.651  8 56285.20227187 47.052
 165 295.261631  -3.256292    30.182    30.164  8 56295.11792227 36.471
 166 295.261003  -3.256304    31.943    31.972  8 56305.03356844 51.951
 167 295.259049  -3.253988    32.923    32.780  9 56314.94921054 29.762
 168 295.257878  -3.252846    33.305    33.295  8 56324.86485133 30.488
 169 295.259692  -3.255042    33.446    33.328  8 56334.78049252 31.107
 170 295.262977  -3.256659    33.904    33.866  8 56344.69613296 30.471
 171 295.267834  -3.260790    34.256    34.268  7 56354.61177175 28.699
 172 295.267285  -3.261363    35.114    35.080  7 56364.52741707 35.402
 173 295.261699  -3.255693    35.947    35.949  8 56374.44306476 39.937
 175 295.256170  -3.252131    36.759    36.769  9 56394.27435331 38.173
 176 295.258419  -3.253930    37.053    37.015  8 56404.18999550 50.837
 177 295.262779  -3.257345    37.243    37.253  8 56414.10563511 36.431
 178 295.268687  -3.261325    37.485    37.501  7 56424.02127008 36.882
 179 295.267770  -3.261285    37.589    37.640  8 56433.93691477 36.078
 180 295.261347  -3.256425    37.783    37.786  8 56443.85256524 36.512
 181 295.256992  -3.252246    37.703    37.710  8 56453.76821366 35.846
 182 295.256587  -3.252480    37.463    37.497  9 56463.68386079 37.207
 183 295.258100  -3.253616    37.198    37.175  8 56473.59950486 35.410
 184 295.260322  -3.254698    36.760    36.759  8 56483.51514561 34.773
 185 295.262563  -3.257016    36.625    36.546  8 56493.43078305 47.010
 186 295.265469  -3.258982    35.955    35.927  8 56503.34641789 53.492
 187 295.271560  -3.264180    35.092    35.070  8 56513.26205188 50.162
 188 295.270674  -3.262627    34.117    34.071  8 56523.17770009 51.003
 189 295.268255  -3.260797    33.471    33.459  7 56533.09335093 43.348
 191 295.263263  -3.257978    32.070    31.663  8 56552.92464198 31.844
 192 295.261014  -3.255256    29.779    29.803  8 56562.84028386 47.776
 193 295.261455  -3.255790    29.475    28.949  8 56572.75592569 36.448
 194 295.264759  -3.258795    30.236    29.940  8 56582.67156643 32.803
 195 295.270688  -3.262769    29.174    29.188  8 56592.58720325 26.399
 196 295.267595  -3.260462    29.250    29.306  7 56602.50285399 37.683
 197 295.263505  -3.257692    29.610    29.584  8 56612.41850277 40.621
 198 295.261101  -3.255167    30.578    30.472  8 56622.33414716 42.723
 199 295.261284  -3.255776    31.448    31.449  8 56632.24978934 53.091
 200 295.265009  -3.258509    31.587    31.545  8 56642.16542776 55.037
 201 295.264496  -3.258753    31.864    31.868  7 56652.08107695 53.655
 202 295.261689  -3.256138    32.326    31.985  8 56661.99672576 34.642
 203 295.259319  -3.254638    31.920    31.919  8 56671.91237213 33.941
 204 295.257828  -3.253472    32.854    32.618  9 56681.82801722 27.980
 205 295.258888  -3.253907    33.450    33.459  9 56691.74366103 25.815
 206 295.263090  -3.257584    33.539    33.549  8 56701.65930206 27.016
 207 295.268021  -3.261756    33.307    33.243  7 56711.57493833 25.711
 208 295.264894  -3.258746    33.822    33.788  7 56721.49058287 28.859
 209 295.258301  -3.253465    34.363    34.414  8 56731.40623318 44.398
 210 295.254668  -3.250116    34.980    34.932  9 56741.32188007 55.177
 211 295.255936  -3.251980    35.489    35.499  8 56751.23752397 56.845
 212 295.260451  -3.254623    35.756    35.742  8 56761.15316305 34.957
 213 295.267972  -3.261207    35.986    36.000  8 56771.06879650 37.089
 214 295.262472  -3.256385    36.539    36.540  8 56780.98444885 47.621
 215 295.256636  -3.252606    36.822    36.802  9 56790.90010213 33.202
 216 295.251514  -3.248478    37.393    37.387  9 56800.81575254 35.272
 217 295.251383  -3.248387    37.639    37.646  9 56810.73139745 35.696
 218 295.253863  -3.249622    37.906    37.909  9 56820.64703828 37.590
 219 295.258838  -3.254202    37.770    37.742  9 56830.56267594 41.478
 220 295.264369  -3.258732    35.703    35.704  8 56840.47831032 30.908
 221 295.267591  -3.260789    37.418    37.385  7 56850.39394616 37.912
 222 295.262312  -3.256162    37.065    37.048  8 56860.30959882 36.767
 223 295.260064  -3.255242    36.695    36.729  8 56870.22525156 51.841
 224 295.258839  -3.253928    35.932    35.853  9 56880.14090158 54.921
 225 295.257637  -3.253008    34.891    34.889  9 56890.05654810 33.592
 226 295.255492  -3.251753    34.071    34.039  9 56899.97219171 33.511
 227 295.252994  -3.249809    32.820    32.835  8 56909.88783322 30.089
 228 295.253535  -3.249654    31.869    31.887  9 56919.80347401 31.156
 229 295.258414  -3.254093    31.924    31.732  8 56929.71911426 28.895
 230 295.265288  -3.259352    29.482    29.595  8 56939.63475036 42.074
 231 295.269541  -3.262122    29.339    29.287  7 56949.55038840 47.369
 232 295.264268  -3.258429    30.269    30.284  8 56959.46603998 35.256
 233 295.260260  -3.255809    30.303    30.293  8 56969.38168657 41.885
 234 295.259692  -3.254806    31.385    30.671  8 56979.29732970 27.601
 235 295.263237  -3.257761    32.358    32.566  8 56989.21296938 29.873
 236 295.269861  -3.261847    31.747    31.765  8 56999.12860320 51.137
 237 295.267617  -3.260988    32.060    32.044  8 57009.04425425 49.426
 238 295.263230  -3.257852    32.134    32.132  8 57018.95990576 42.861
 239 295.259429  -3.254532    32.219    32.384  8 57028.87555449 32.499
 240 295.257651  -3.252898    32.975    32.999  9 57038.79120235 28.602
 241 295.258554  -3.253683    33.845    33.815  8 57048.70684874 28.421
 242 295.261912  -3.256720    34.364    34.376  8 57058.62249195 30.189
 243 295.265222  -3.259240    34.735    34.777  7 57068.53812933 29.108
 244 295.267800  -3.261513    35.032    35.048  7 57078.45376219 30.555
 245 295.268798  -3.261716    35.497    35.515  8 57088.36939736 31.993
 246 295.261806  -3.256251    35.859    35.849  8 57098.28505397 31.252
 247 295.258436  -3.253027    36.541    36.460  8 57108.20070821 55.739
 248 295.259611  -3.254715    36.529    36.516  8 57118.11635861 34.596
 249 295.259917  -3.254107    37.121    37.047  8 57128.03200235 55.004
 250 295.260260  -3.254284    37.550    37.549  8 57137.94764078 37.527
 251 295.263063  -3.258063    37.595    37.595  8 57147.86327654 36.957
 252 295.267887  -3.261500    37.883    37.886  7 57157.77891007 35.929
 253 295.267895  -3.260608    38.371    38.359  7 57167.69455674 34.457
 254 295.264142  -3.257747    38.813    38.801  8 57177.61021236 37.263
 255 295.260742  -3.254919    38.829    38.730  8 57187.52586390 38.173
 256 295.258228  -3.253143    38.903    38.908  8 57197.44151147 35.769
 257 295.256672  -3.251910    38.833    38.848  8 57207.35714529 38.900
 258 295.257454  -3.253229    38.740    38.771  9 57217.27278988 55.271
 259 295.259756  -3.254397    38.333    38.288  8 57227.18843339 52.008
 260 295.262994  -3.256720    37.885    37.868  8 57237.10407509 39.373
 261 295.266221  -3.259899    37.096    37.083  7 57247.01971357 37.299
 262 295.267847  -3.260864    36.480    36.472  7 57256.93534897 36.225
 263 295.269525  -3.262087    35.427    35.394  7 57266.85098351 33.639
 264 295.268617  -3.261205    33.744    33.720  8 57276.76662902 28.094
 265 295.266165  -3.260052    32.478    32.294  7 57286.68228551 31.545
 266 295.263782  -3.257804    29.832    29.499  7 57296.59793899 37.553
 267 295.261551  -3.255938    27.543    28.014  8 57306.51358893 40.631
 268 295.257729  -3.252609    26.137    25.945  8 57316.42923458 46.116
 269 295.255255  -3.251656    28.138    28.049  9 57326.34487731 50.138
 270 295.255760  -3.251420    28.136    28.149  8 57336.26051822 51.760
 271 295.256617  -3.252067    27.510    27.466  9 57346.17616515 48.510
 272 295.257549  -3.252919    29.075    29.074  8 57356.09181239 52.363
 273 295.258953  -3.254230    29.171    29.153  8 57366.00745612 42.187
 274 295.259913  -3.254733    29.496    29.453  8 57375.92309652 44.075
 275 295.261777  -3.256204    30.547    30.110  8 57385.83873571 38.428
 276 295.265151  -3.258764    31.625    31.424  7 57395.75437493 35.444
 277 295.270152  -3.262914    31.933    31.926  8 57405.67001375 28.054
 278 295.268878  -3.261850    31.872    32.087  8 57415.58566325 25.311
 279 295.264994  -3.259378    31.555    31.774  8 57425.50131431 32.166
 280 295.259697  -3.255071    29.508    29.486  8 57435.41696175 48.645
 281 295.256320  -3.252329    33.127    33.209  9 57445.33260760 26.093
 282 295.255802  -3.251430    32.919    32.870  8 57455.24825307 51.234
 283 295.258955  -3.254526    33.605    33.608  8 57465.16389752 36.770
 284 295.264387  -3.259003    33.978    33.963  8 57475.07953861 34.279
 285 295.267696  -3.260396    34.585    34.565  7 57484.99517541 31.883
 286 295.270029  -3.262818    34.874    34.864  7 57494.91080969 30.477
 287 295.273008  -3.265039    35.562    35.552  8 57504.82644250 32.276
 288 295.266415  -3.259493    36.194    36.182  7 57514.74209729 33.324
 289 295.263777  -3.257942    36.397    36.426  8 57524.65775128 33.094
 290 295.262006  -3.255888    36.626    36.591  8 57534.57340291 34.628
 291 295.260479  -3.255638    36.700    36.676  8 57544.48905189 34.294
 292 295.258163  -3.253099    36.569    36.601  8 57554.40469771 34.261
 293 295.257950  -3.253813    36.458    36.435  8 57564.32034255 32.710
 294 295.258442  -3.253644    36.302    36.313  9 57574.23598651 34.609
 295 295.259879  -3.254447    36.029    35.959  8 57584.15163023 53.328
 296 295.262252  -3.257314    35.467    35.421  8 57594.06727247 49.863
 297 295.263516  -3.258281    34.649    34.644  8 57603.98291213 35.152
