-286109.281   133.991     0.00   11.40
-285820.267   132.483    -5.22   12.86
-285531.257   131.971    -1.77   12.48
-285242.249   132.702     2.53   13.74
-284953.243   131.767    -3.23   14.62
-284664.240   134.441     9.25   16.16
-284375.239   136.491     7.09   17.78
-284085.692   139.888    11.73   17.20
-283796.148   140.250     1.25   15.99
-283506.606   138.218    -7.02   16.65
-283217.067   133.868   -15.02   18.08
-282927.530   130.629   -11.19   19.54
-282637.996   124.702   -20.47   19.20
-282348.464   119.766   -17.05   17.32
-282058.935   113.666   -21.07   16.39
-281769.409   109.463   -14.52   15.33
-281479.885   106.635    -9.77   14.15
-281190.363   106.015    -2.14   14.75
-280900.844   106.942     3.20   16.86
-280611.328   110.752    13.16   21.07
-280321.814   110.836     0.29   21.12
-280032.303   113.687     9.85   22.29
-279742.794   114.385     2.41   20.48
-279453.288   113.717    -2.31   20.56
-279163.784   113.474    -0.84   22.54
-278874.283   112.462    -3.49   21.50
-278584.784   111.802    -2.28   21.43
-278295.288   111.785    -0.06   19.02
-278005.794   110.385    -4.84   19.46
-277716.303   109.491    -3.09   18.66
-277426.815   109.230    -0.90   16.90
-277137.328   105.435   -13.11   14.33
-276847.845   103.991    -4.99   12.86
-276558.364   104.652     2.28   14.76
-276268.886   105.768     3.86   15.07
-275979.410   104.526    -4.29   14.90
-275689.936   103.595    -3.22   14.60
-275400.465   103.888     1.01   13.51
-275110.997   104.638     2.59   13.65
-274821.531   102.784    -6.40   14.77
-274532.068   102.869     0.29   15.59
-274242.607   101.302    -5.42   15.26
-273953.148    99.918    -4.78   15.75
-273663.692    97.205    -9.37   15.00
-273374.239    93.056   -14.33   14.47
-273084.788    88.717   -14.99   12.33
-272795.340    85.205   -12.13   10.83
-272505.894    83.129    -7.17    9.28
-272216.451    85.502     8.20   12.40
-271927.010    88.218     9.39   15.67
-271637.571    93.479    18.18   17.41
-271348.136    98.117    16.03   17.76
-271058.702   100.602     8.58   16.49
-270769.271   100.749     0.51   16.87
-270479.843   100.947     0.68   17.58
-270190.417   101.140     0.67   17.60
-269900.994    97.157   -13.76   16.41
-269611.573    94.344    -9.72   15.79
-269322.155    92.422    -6.64   16.00
-269032.739    92.068    -1.22   16.92
-268743.325    89.446    -9.06   19.78
-268453.914    84.382   -17.50   19.65
-268164.506    80.632   -12.96   20.59
-267875.100    79.052    -5.46   20.49
-267585.696    76.632    -8.36   17.84
-267296.295    73.543   -10.67   16.45
-267006.897    72.965    -2.00   16.10
-266717.501    73.439     1.64   15.88
-266428.107    75.174     6.00   18.90
-266138.716    79.008    13.25   20.13
-265849.327    83.560    15.73   19.59
-265559.941    86.768    11.09   18.94
-265270.557    88.327     5.39   18.21
-264981.176    86.560    -6.11   19.85
-264691.797    84.907    -5.71   20.73
-264402.421    79.491   -18.72   20.25
-264113.047    73.015   -22.38   20.07
-263823.676    70.886    -7.36   17.88
-263534.307    70.441    -1.54   18.12
-263244.940    74.380    13.62   20.56
-262955.576    75.784     4.85   21.91
-262666.215    77.818     7.03   22.05
-262376.856    82.802    17.22   22.99
-262087.499    90.802    27.65   21.08
-261798.145    95.267    15.43   20.96
-261508.793    95.140    -0.44   20.55
-261219.444    94.433    -2.44   19.95
-260930.097    95.618     4.10   20.36
-260640.753    96.113     1.71   20.13
-260351.411    92.235   -13.40   18.22
-260062.071    88.735   -12.10   15.96
-259772.734    90.591     6.42   16.42
-259483.400    90.208    -1.32   15.69
-259194.068    91.836     5.63   13.22
-258904.738    90.211    -5.62   14.47
-258615.411    88.375    -6.35   15.19
-258326.086    84.380   -13.81   14.82
-258036.763    78.368   -20.78   16.42
-257747.443    70.730   -26.40   16.37
-257458.126    68.414    -8.00   15.76
-257168.811    69.452     3.58   17.22
-256879.498    72.485    10.49   20.05
-256590.188    76.681    14.50   22.75
-256300.880    83.328    22.98   23.17
-256011.575    87.903    15.82   21.90
-255722.272    91.073    10.96   18.48
-255432.971    91.108     0.12   17.39
-255143.673    89.750    -4.69   16.73
-254854.378    83.560   -21.40   12.43
-254565.084    80.974    -8.94   13.03
-254275.793    79.233    -6.02   13.33
-253986.505    79.277     0.15   13.20
-253697.219    80.008     2.53   13.88
-253407.936    78.560    -5.01   14.35
-253118.654    79.853     4.47   13.86
-252829.376    81.974     7.33   13.32
-252540.099    85.156    11.00   14.81
-252250.825    86.344     4.11   14.95
-251961.554    88.018     5.79   14.47
-251672.285    89.240     4.22   15.08
-251383.018    89.543     1.05   14.63
-251093.754    90.868     4.58   14.00
-250804.492    90.852    -0.05   14.41
-250515.232    89.244    -5.56   14.52
-250225.975    86.855    -8.26   14.91
-249936.721    85.991    -2.99   16.12
-249647.468    87.082     3.77   17.07
-249358.218    82.018   -17.51   17.61
-249068.971    76.654   -18.55   20.00
-248779.726    73.302   -11.59   18.66
-248490.483    74.785     5.13   21.03
-248201.243    77.129     8.11   23.06
-247912.005    78.185     3.65   24.78
-247622.769    80.952     9.57   24.50
-247333.536    81.552     2.07   23.44
-247044.305    78.385   -10.95   22.57
-246755.077    72.275   -21.12   22.43
-246465.851    68.685   -12.41   18.26
-246176.627    71.112     8.39   19.29
-245887.406    74.802    12.76   22.67
-245598.187    77.818    10.43   23.66
-245308.971    82.853    17.41   23.47
-245019.757    87.267    15.26   21.21
-244730.545    91.641    15.12   17.67
-244441.336    90.635    -3.48   18.13
-244152.129    89.649    -3.41   17.49
-243862.924    86.235   -11.81   16.94
-243573.722    83.664    -8.89   18.68
-243284.522    80.748   -10.08   18.12
-242995.325    78.885    -6.44   17.35
-242706.130    80.124     4.28   17.80
-242416.937    79.585    -1.86   18.35
-242127.747    77.974    -5.57   17.16
-241838.559    77.888    -0.30   16.77
-241549.373    77.905     0.06   15.94
-241260.190    78.698     2.74   16.68
-240971.009    81.457     9.54   16.66
-240681.830    80.715    -2.57   15.28
-240392.654    80.971     0.88   14.76
-240103.480    84.962    13.80   17.07
-239814.309    89.496    15.68   17.52
-239525.140    93.543    14.00   17.61
-239235.973    99.005    18.89   20.80
-238946.808   103.835    16.71   21.69
-238657.646   105.100     4.37   21.59
-238368.487   109.715    15.96   22.14
-238079.329   110.635     3.18   20.86
-237790.174   110.218    -1.44   20.74
-237501.022   109.818    -1.39   19.83
-237211.871   106.659   -10.93   15.50
-236922.723   101.802   -16.80   13.64
-236633.577   100.854    -3.28   12.91
-236344.434   101.543     2.38   14.09
-236055.293   105.496    13.67   17.22
-235766.155   106.835     4.63   17.30
-235477.018   106.378    -1.58   18.40
-235187.884   104.733    -5.69   18.12
-234898.753   103.702    -3.57   19.08
-234609.623   103.327    -1.30   20.09
-234320.496   103.405     0.27   21.48
-234031.372   100.683    -9.41   19.41
-233742.249    98.534    -7.43   19.52
-233453.129    97.022    -5.23   17.59
-233164.012    98.422     4.84   18.59
-232874.896    97.441    -3.39   18.99
-232585.783    96.388    -3.64   19.23
-232296.672    94.174    -7.66   19.29
-232007.564    93.250    -3.20   18.59
-231718.458    94.065     2.82   19.28
-231429.354    90.318   -12.96   18.59
-231140.253    86.518   -13.14   17.41
-230851.154    83.113   -11.78   16.74
-230562.057    81.095    -6.98   17.35
-230272.962    78.819    -7.87   16.19
-229983.870    78.935     0.40   17.43
-229694.780    79.903     3.35   16.30
-229405.693    81.064     4.01   15.38
-229116.608    79.439    -5.62   13.90
-228827.525    80.077     2.21   14.36
-228538.444    79.267    -2.80   14.87
-228249.366    77.378    -6.54   13.44
-227960.290    76.702    -2.34   13.57
-227671.216    74.991    -5.92   14.62
-227382.144    72.886    -7.28   15.00
-227093.075    71.605    -4.43   14.36
-226804.008    72.971     4.73   13.95
-226514.944    75.882    10.07   14.02
-226225.882    75.378    -1.74   14.54
-225936.822    74.228    -3.98   15.97
-225647.764    74.302     0.26   16.82
-225358.708    73.547    -2.61   16.69
-225069.655    72.577    -3.36   17.46
-224780.605    71.064    -5.24   17.53
-224491.556    69.523    -5.33   14.89
-224202.510    70.129     2.10   15.50
-223913.466    71.385     4.34   15.95
-223624.424    70.909    -1.65   17.02
-223335.385    69.237    -5.78   18.20
-223046.348    70.717     5.12   18.68
-222757.313    69.652    -3.69   18.61
-222468.280    68.370    -4.43   17.83
-222179.250    67.605    -2.65   16.55
-221889.852    65.869    -6.00   16.75
-221600.335    66.267     1.37   17.99
-221310.820    62.031   -14.63   21.41
-221021.308    54.818   -24.91   20.26
-220731.797    48.939   -20.31   19.79
-220442.290    45.095   -13.28   19.47
-220152.784    42.060   -10.48   21.25
-219863.281    38.244   -13.18   22.90
-219573.780    33.646   -15.88   22.72
-219284.281    30.835    -9.71   23.92
-218994.785    27.353   -12.03   24.51
-218705.290    21.391   -20.60   22.30
-218415.798    17.043   -15.02   20.61
-218126.309    12.152   -16.90   15.35
-217836.821    10.982    -4.04   12.88
-217547.336    10.626    -1.23   13.58
-217257.853    16.457    20.14   20.66
-216968.373    20.535    14.09   22.99
-216678.894    24.937    15.21   23.73
-216389.418    31.102    21.30   23.28
-216099.944    34.353    11.23   22.00
-215810.473    36.060     5.90   21.06
-215521.003    37.095     3.57   19.18
-215231.536    40.720    12.52   18.41
-214942.072    43.310     8.95   19.07
-214652.609    45.836     8.73   18.90
-214363.149    49.446    12.47   18.42
-214073.691    54.146    16.24   19.02
-213784.235    62.252    28.00   19.83
-213494.781    67.818    19.23   17.72
-213205.330    72.752    17.04   14.74
-212915.881    74.952     7.60   15.06
-212626.434    76.819     6.45   13.78
-212336.989    78.102     4.43   13.07
-212047.547    80.922     9.75   15.20
-211758.107    81.818     3.09   15.58
-211468.669    82.031     0.74   15.64
-211179.233    81.284    -2.58   15.85
-210889.800    81.302     0.06   16.25
-210600.369    79.552    -6.05   15.24
-210310.940    79.310    -0.84   13.51
-210021.513    79.124    -0.64   13.63
-209732.088    79.452     1.13   14.17
-209442.666    81.819     8.18   16.03
-209153.246    82.679     2.97   16.88
-208863.828    84.118     4.97   18.76
-208574.413    83.835    -0.98   19.13
-208284.999    81.129    -9.35   18.21
-207995.588    78.353    -9.59   20.39
-207706.179    72.939   -18.71   19.95
-207416.772    66.939   -20.73   18.00
-207127.368    61.284   -19.54   17.28
-206837.966    60.162    -3.88   17.24
-206548.566    59.543    -2.14   17.13
-206259.168    59.112    -1.49   16.95
-205969.772    57.905    -4.17   17.35
-205680.379    62.595    16.21   16.24
-205390.987    66.318    12.87   14.93
-205101.598    68.043     5.96   15.09
-204812.212    69.107     3.68   15.80
-204522.827    69.661     1.92   15.46
-204233.445    71.681     6.98   14.51
-203944.064    73.652     6.81   14.84
-203654.686    76.518     9.91   15.25
-203365.311    77.043     1.82   14.88
-203075.937    78.355     4.53   14.75
-202786.566    76.902    -5.02   15.55
-202497.196    75.233    -5.77   18.03
-202207.829    78.047     9.73   19.43
-201918.464    79.768     5.95   19.56
-201629.102    81.802     7.03   19.80
-201339.741    85.700    13.47   17.89
-201050.383    88.534     9.79   15.89
-200761.027    88.135    -1.38   14.58
-200471.673    85.202   -10.14   15.53
-200182.322    81.031   -14.41   15.79
-199892.972    79.852    -4.07   15.93
-199603.625    77.552    -7.95   14.90
-199314.280    76.513    -3.59   14.41
-199024.937    75.750    -2.64   13.56
-198735.596    76.935     4.10   12.93
-198446.257    78.668     5.99   10.74
-198156.921    77.378    -4.46    8.40
-197867.587    75.405    -6.82    7.82
-197578.255    69.715   -19.67   12.50
-197288.925    63.900   -20.10   16.61
-196999.597    58.530   -18.56   17.94
-196710.271    54.218   -14.90   17.19
-196420.948    52.198    -6.98   17.17
-196131.627    52.267     0.24   17.55
-195842.308    56.375    14.20   20.30
-195552.991    62.185    20.08   21.47
-195263.676    71.146    30.97   23.33
-194974.364    80.942    33.86   20.78
-194685.053    84.215    11.31   20.81
-194395.745    86.868     9.17   19.24
-194106.439    87.560     2.39   17.69
-193817.135    86.392    -4.04   17.83
-193527.833    82.181   -14.56   18.26
-193238.533    75.666   -22.52   15.01
-192949.236    73.748    -6.63   13.31
-192659.941    70.352   -11.74   12.46
-192370.648    66.687   -12.67   11.05
-192081.357    62.715   -13.73   11.21
-191792.068    59.135   -12.38   12.20
-191502.781    56.422    -9.38   12.98
-191213.496    52.939   -12.04   13.48
-190924.214    51.903    -3.58   14.20
-190634.934    51.564    -1.17   15.77
-190345.656    52.867     4.50   16.25
-190056.380    54.766     6.57   17.20
-189767.106    58.102    11.53   17.71
-189477.834    64.802    23.16   18.66
-189188.564    67.576     9.59   18.52
-188899.297    71.952    15.13   15.33
-188610.032    74.902    10.20   16.73
-188320.769    79.715    16.64   16.77
-188031.507    82.534     9.74   16.72
-187742.249    82.572     0.13   17.04
-187452.992    83.852     4.43   17.21
-187163.737    85.785     6.68   16.59
-186874.485    88.479     9.32   17.01
-186585.234    89.677     4.14   17.21
-186295.986    90.885     4.18   16.34
-186006.740    91.422     1.86   15.89
-185717.496    90.539    -3.05   15.11
-185428.254    89.700    -2.90   14.67
-185139.014    86.784   -10.08   15.23
-184849.776    83.491   -11.39   15.07
-184560.541    76.870   -22.89   14.25
-184271.307    70.949   -20.47   13.84
-183982.076    68.405    -8.80   12.66
-183692.847    66.752    -5.72   11.47
-183403.620    65.853    -3.11   12.76
-183114.395    67.344     5.15   14.75
-182825.172    70.047     9.35   16.69
-182535.951    72.435     8.25   15.63
-182246.732    76.768    14.98   15.06
-181957.516    80.714    13.64   15.19
-181668.301    83.733    10.44   14.96
-181379.089    85.869     7.39   14.41
-181089.878    86.174     1.05   14.32
-180800.670    86.402     0.79   14.42
-180511.464    87.457     3.65   14.54
-180222.260    86.191    -4.38   15.34
-179933.058    83.310    -9.96   15.97
-179643.859    80.135   -10.98   15.89
-179354.661    74.802   -18.44   15.08
-179065.465    70.853   -13.65   15.19
-178776.272    67.735   -10.78   14.19
-178487.080    66.068    -5.76   13.56
-178197.891    66.022    -0.16   13.54
-177908.704    63.463    -8.85   13.84
-177619.519    62.378    -3.75   13.95
-177330.335    62.868     1.70   13.56
-177041.154    64.591     5.96   10.25
-176751.976    63.552    -3.59   11.06
-176462.799    61.043    -8.68   11.92
-176173.624    58.834    -7.64   12.51
-175884.451    58.935     0.35   11.09
-175595.281    56.429    -8.67   11.93
-175306.112    50.664   -19.94   14.18
-175016.946    46.012   -16.09   16.95
-174727.781    46.252     0.83   17.01
-174438.619    46.513     0.91   17.08
-174149.459    45.156    -4.69   17.43
-173860.300    47.869     9.38   18.20
-173571.144    52.873    17.30   18.60
-173281.990    59.985    24.60   15.42
-172992.838    66.233    21.61   13.38
-172703.688    69.670    11.89   13.45
-172414.541    72.974    11.43   14.02
-172125.395    77.388    15.27   13.95
-171836.251    79.267     6.50   13.01
-171547.109    78.181    -3.76   11.86
-171257.970    77.985    -0.68   11.21
-170968.832    76.422    -5.40   11.16
-170679.697    75.452    -3.36   11.31
-170390.563    74.194    -4.35   10.05
-170101.432    71.405    -9.65   10.06
-169812.302    71.556     0.52   10.69
-169523.175    70.618    -3.24   11.41
-169234.050    70.002    -2.13   12.12
-168944.927    68.784    -4.21   12.40
-168655.805    65.905    -9.96   11.47
-168366.686    64.922    -3.40   11.86
-168077.569    65.185     0.91   12.50
-167788.454    65.474     1.00   13.07
-167499.341    65.336    -0.48   12.44
-167210.230    65.335    -0.00   12.73
-166921.121    66.731     4.83   12.17
-166632.014    66.668    -0.22   11.80
-166342.910    66.685     0.06   11.11
-166053.807    64.225    -8.51   12.42
-165764.706    59.618   -15.94   12.78
-165475.607    56.335   -11.36   12.61
-165186.510    54.022    -8.00   11.67
-164897.416    51.008   -10.42   10.02
-164608.323    50.259    -2.59   11.10
-164319.232    49.418    -2.91   10.68
-164030.144    48.380    -3.59   11.39
-163741.057    48.318    -0.22   11.91
-163451.973    42.681   -19.50   14.57
-163162.890    39.560   -10.80   15.10
-162873.809    38.918    -2.22   15.58
-162584.731    38.818    -0.35   15.44
-162295.654    40.008     4.12   15.43
-162006.580    43.942    13.61   14.75
-161717.507    46.852    10.07   14.51
-161428.437    52.581    19.82   13.61
-161139.369    56.285    12.81   11.74
-160850.302    58.615     8.06   11.55
-160561.238    60.508     6.55   10.84
-160272.175    62.581     7.17   11.08
-159983.115    63.664     3.74    9.80
-159693.836    65.359     5.86    9.98
-159404.345    66.319     3.32    9.87
-159114.857    66.508     0.66   10.45
-158825.370    64.164    -8.10   10.91
-158535.886    58.988   -17.88   11.17
-158246.403    54.302   -16.19   10.46
-157956.923    50.370   -13.58   10.46
-157667.444    46.202   -14.40    6.94
-157377.968    45.069    -3.91    6.22
-157088.493    44.974    -0.33    7.68
-156799.021    47.285     7.98   10.80
-156509.551    50.352    10.59   12.70
-156220.082    54.618    14.74   13.84
-155930.616    57.819    11.06   12.46
-155641.151    60.164     8.10   11.43
-155351.689    62.198     7.03   10.27
-155062.228    63.185     3.41    9.64
-154772.770    65.080     6.55    9.47
-154483.313    67.267     7.56   10.05
-154193.859    70.368    10.71   10.05
-153904.406    71.310     3.25    9.98
-153614.955    71.047    -0.91    9.79
-153325.507    71.202     0.53    9.57
-153036.060    71.174    -0.09   10.28
-152746.616    70.285    -3.07   10.18
-152457.173    68.218    -7.14   11.25
-152167.732    65.635    -8.93   11.72
-151878.294    62.439   -11.04   11.35
-151588.857    59.621    -9.74   11.16
-151299.422    56.335   -11.35    9.62
-151009.989    52.924   -11.78    7.43
-150720.559    50.208    -9.38    7.25
-150431.130    48.405    -6.23    7.02
-150141.703    48.185    -0.76    7.08
-149852.278    48.920     2.54    7.10
-149562.855    48.463    -1.58    7.82
-149273.434    50.405     6.71    7.98
-148984.015    52.100     5.86    8.32
-148694.598    54.152     7.09    7.61
-148405.183    56.535     8.24    4.93
-148115.770    55.982    -1.91    6.64
-147826.359    55.784    -0.68    6.96
-147536.950    53.370    -8.34    9.90
-147247.543    52.302    -3.69   10.82
-146958.137    49.612    -9.29   11.10
-146668.734    46.867    -9.48   11.21
-146379.333    45.267    -5.53   10.16
-146089.933    43.939    -4.59   10.34
-145800.536    45.974     7.03   10.18
-145511.140    48.988    10.42    8.43
-145221.747    50.195     4.17    7.38
-144932.355    51.767     5.43    6.49
-144642.965    51.835     0.24    5.93
-144353.578    52.319     1.67    5.91
-144064.192    50.252    -7.15    7.66
-143774.808    48.982    -4.39    8.38
-143485.426    48.225    -2.61    8.47
-143196.046    47.718    -1.75    7.89
-142906.668    48.319     2.08    7.71
-142617.292    49.991     5.78    6.65
-142327.918    51.285     4.47    4.71
-142038.546    51.502     0.75    4.07
-141749.175    51.608     0.37    3.19
-141459.807    51.837     0.79    2.70
-141170.441    50.668    -4.04    4.38
-140881.076    47.677   -10.34    9.89
-140591.713    39.672   -27.66   18.34
-140302.353    31.598   -27.90   21.95
-140012.994    23.735   -27.18   22.20
-139723.637    14.043   -33.50   18.07
-139434.282     6.819   -24.97   11.48
-139144.929     3.718   -10.72    7.18
-138855.578     2.073    -5.69    1.41
-138566.229     4.785     9.38    7.75
-138276.882     9.734    17.10   14.08
-137987.537    16.909    24.80   18.60
-137698.193    24.107    24.88   20.49
-137408.852    33.302    31.78   19.85
-137119.512    40.769    25.81   16.63
-136830.175    47.233    22.34   10.83
-136540.839    51.043    13.17    6.36
-136251.505    52.715     5.78    4.05
-135962.173    53.905     4.11    4.36
-135672.843    55.102     4.14    3.93
-135383.515    55.666     1.95    4.27
-135094.189    55.737     0.25    4.91
-134804.864    56.433     2.41    5.46
-134515.542    57.302     3.00    5.40
-134226.222    57.031    -0.93    5.58
-133936.903    56.005    -3.55    6.72
-133647.586    54.654    -4.67    7.65
-133358.271    52.907    -6.04    8.73
-133068.958    51.836    -3.70    9.24
-132779.647    51.903     0.23    8.83
-132490.338    51.107    -2.75    8.65
-132201.031    50.818    -1.00    8.17
-131911.726    50.077    -2.56    7.97
-131622.422    50.496     1.45    7.22
-131333.120    49.819    -2.34    7.34
-131043.821    50.968     3.97    8.53
-130754.523    53.965    10.36   10.34
-130465.227    55.954     6.87   10.50
-130175.933    58.385     8.40   11.96
-129886.641    58.924     1.86   11.90
-129597.350    58.530    -1.36   11.30
-129308.062    58.026    -1.74    9.73
-129018.775    55.835    -7.57    8.15
-128729.491    54.211    -5.61    6.84
-128440.208    52.065    -7.42    6.05
-128150.927    50.818    -4.31    7.09
-127861.648    50.069    -2.59    8.40
-127572.371    48.850    -4.22    8.96
-127283.095    46.468    -8.23    9.17
-126993.822    44.952    -5.24    8.27
-126704.550    43.957    -3.44    7.33
-126415.280    43.538    -1.45    6.99
-126126.013    44.259     2.49    6.81
-125836.747    44.886     2.17    6.08
-125547.482    46.640     6.06    6.53
-125258.220    48.327     5.83    6.03
-124968.960    49.105     2.69    6.07
-124679.701    50.022     3.17    5.33
-124390.444    51.146     3.89    4.04
-124101.189    51.129    -0.06    3.45
-123811.936    51.250     0.42    3.37
-123522.685    50.939    -1.07    3.41
-123233.436    50.543    -1.37    3.34
-122944.188    49.543    -3.46    3.67
-122654.943    49.035    -1.76    3.63
-122365.699    48.370    -2.30    3.36
-122076.457    48.368    -0.01    3.27
-121787.217    48.052    -1.09    3.22
-121497.979    48.560     1.76    2.92
-121208.742    48.638     0.27    2.56
-120919.508    48.547    -0.31    2.79
-120630.275    48.734     0.64    2.79
-120341.044    48.480    -0.88    3.06
-120051.815    48.629     0.52    2.88
-119762.588    48.174    -1.57    3.30
-119473.362    46.886    -4.45    4.32
-119184.139    44.552    -8.07    6.63
-118894.917    42.870    -5.81    7.14
-118605.697    41.530    -4.63    7.15
-118316.479    40.152    -4.76    6.68
-118027.263    38.920    -4.26    6.46
-117738.048    41.129     7.64    8.46
-117448.836    44.225    10.70   10.99
-117159.625    49.818    19.34   12.21
-116870.416    53.767    13.65   12.04
-116581.209    57.157    11.72   10.63
-116292.003    58.370     4.19   10.35
-116002.800    57.225    -3.96   11.45
-115713.598    55.168    -7.11   13.28
-115424.398    51.363   -13.16   13.46
-115135.200    46.002   -18.54   12.72
-114846.004    40.293   -19.74   11.75
-114556.810    36.979   -11.46   10.23
-114267.617    35.285    -5.86    9.43
-113978.426    34.361    -3.20    8.45
-113689.237    33.457    -3.13    7.95
-113400.050    35.205     6.05    8.21
-113110.865    36.005     2.77    8.76
-112821.681    38.581     8.91    8.30
-112532.499    40.527     6.73    7.31
-112243.319    41.685     4.00    6.50
-111954.141    42.230     1.89    5.44
-111664.965    41.937    -1.01    5.03
-111375.790    40.198    -6.01    5.72
-111086.617    38.703    -5.17    6.20
-110797.446    38.336    -1.27    6.57
-110508.277    38.853     1.79    6.93
-110219.109    39.250     1.37    7.52
-109929.944    39.233    -0.06    7.49
-109640.780    40.252     3.52    7.10
-109351.618    40.077    -0.60    7.32
-109062.458    40.618     1.87    6.82
-108773.299    41.802     4.09    5.08
-108484.142    42.060     0.89    5.05
-108194.988    42.146     0.30    5.44
-107905.834    43.768     5.61    5.28
-107616.683    44.174     1.40    5.23
-107327.533    44.837     2.29    4.68
-107038.386    44.957     0.41    4.59
-106749.240    44.988     0.11    4.89
-106460.095    45.090     0.35    5.15
-106170.953    45.218     0.44    4.97
-105881.812    45.388     0.59    5.01
-105592.673    45.140    -0.86    5.19
-105303.536    44.644    -1.72    5.13
-105014.401    44.352    -1.01    4.61
-104725.267    43.621    -2.53    4.42
-104436.135    43.327    -1.02    4.85
-104147.005    42.518    -2.80    4.78
-103857.877    41.598    -3.18    4.45
-103568.750    41.513    -0.29    4.57
-103279.625    40.439    -3.71    5.13
-102990.502    39.446    -3.44    5.90
-102701.381    38.135    -4.53    6.35
-102412.262    37.416    -2.49    6.53
-102123.144    37.335    -0.28    6.84
-101834.028    39.319     6.86    7.63
-101544.913    40.205     3.06    8.03
-101255.801    40.635     1.49    8.16
-100966.690    42.157     5.27    7.52
-100677.581    43.853     5.87    6.30
-100388.474    44.240     1.34    5.56
-100099.368    44.378     0.48    5.56
 -99810.265    43.378    -3.46    6.54
 -99521.163    42.850    -1.83    6.84
 -99232.062    43.218     1.27    7.05
 -98942.964    44.337     3.87    7.53
 -98653.867    44.598     0.90    7.98
 -98364.772    43.733    -2.99    8.10
 -98075.679    43.965     0.81    8.24
 -97786.587    43.422    -1.88    8.31
 -97497.398    43.164    -0.89    8.31
 -97207.936    43.508     1.19    8.50
 -96918.474    43.474    -0.12    7.97
 -96629.015    44.052     2.00    7.56
 -96339.557    44.457     1.40    8.43
 -96050.101    44.635     0.62    8.73
 -95760.647    46.677     7.05    5.59
 -95471.195    47.043     1.27    5.31
 -95181.744    46.752    -1.00    5.20
 -94892.295    47.385     2.19    5.08
 -94602.848    47.851     1.61    4.87
 -94313.402    48.373     1.80    4.01
 -94023.958    48.422     0.17    3.90
 -93734.516    47.751    -2.32    4.66
 -93445.076    46.018    -5.99    6.00
 -93155.637    43.802    -7.66    7.03
 -92866.200    41.095    -9.35    8.10
 -92576.765    40.039    -3.65    7.62
 -92287.332    39.907    -0.46    7.48
 -91997.900    40.152     0.85    7.48
 -91708.470    41.935     6.16    7.04
 -91419.041    43.181     4.31    6.74
 -91129.615    44.468     4.45    5.74
 -90840.190    44.735     0.92    5.12
 -90550.767    44.685    -0.17    5.28
 -90261.345    44.888     0.70    4.85
 -89971.925    44.683    -0.71    4.89
 -89682.507    45.352     2.31    4.67
 -89393.091    45.784     1.49    4.69
 -89103.676    46.635     2.94    4.18
 -88814.263    46.888     0.87    4.64
 -88524.852    47.015     0.44    4.57
 -88235.442    47.318     1.05    4.76
 -87946.034    47.853     1.85    4.81
 -87656.628    48.405     1.91    4.45
 -87367.224    49.534     3.90    3.11
 -87077.821    49.195    -1.17    3.11
 -86788.420    48.835    -1.24    3.16
 -86499.020    48.735    -0.35    3.18
 -86209.623    48.164    -1.97    2.90
 -85920.227    47.659    -1.74    2.83
 -85630.832    46.185    -5.09    4.31
 -85341.440    45.250    -3.23    4.98
 -85052.049    43.902    -4.66    5.52
 -84762.659    43.008    -3.09    5.92
 -84473.272    42.060    -3.28    6.67
 -84183.886    41.905    -0.54    6.98
 -83894.502    41.198    -2.44    7.42
 -83605.119    40.982    -0.75    7.28
 -83315.738    40.905    -0.27    7.75
 -83026.359    40.751    -0.53    7.90
 -82736.981    40.433    -1.10    8.23
 -82447.606    40.157    -0.95    8.37
 -82158.231    41.447     4.46    8.31
 -81868.859    42.615     4.04    8.17
 -81579.488    43.446     2.87    7.39
 -81290.119    44.380     3.23    6.13
 -81000.751    44.612     0.80    6.31
 -80711.385    44.568    -0.15    6.09
 -80422.021    44.568     0.00    5.96
 -80132.659    44.753     0.64    5.56
 -79843.298    45.802     3.62    4.24
 -79553.939    46.368     1.96    4.13
 -79264.581    47.451     3.74    3.38
 -78975.225    47.785     1.16    3.56
 -78685.871    48.179     1.36    3.90
 -78396.518    49.077     3.11    3.24
 -78107.167    49.276     0.69    3.44
 -77817.818    48.959    -1.09    4.52
 -77528.471    48.485    -1.64    4.99
 -77239.125    47.935    -1.90    4.95
 -76949.780    47.802    -0.46    4.93
 -76660.438    47.602    -0.69    5.42
 -76371.097    47.380    -0.76    5.64
 -76081.757    46.552    -2.86    6.08
 -75792.420    46.129    -1.46    6.02
 -75503.083    45.632    -1.72    6.10
 -75213.749    45.157    -1.64    6.49
 -74924.416    45.560     1.39    5.83
 -74635.085    45.077    -1.67    5.40
 -74345.756    44.248    -2.87    4.85
 -74056.428    43.668    -2.00    4.50
 -73767.101    42.954    -2.47    4.31
 -73477.777    42.752    -0.70    4.44
 -73188.454    40.474    -7.87    6.90
 -72899.132    36.380   -14.15   11.54
 -72609.813    31.718   -16.11   14.90
 -72320.495    24.968   -23.33   16.91
 -72031.178    19.408   -19.22   17.08
 -71741.863    13.267   -21.23   15.23
 -71452.550     8.595   -16.15   12.19
 -71163.239     6.302    -7.93   10.50
 -70873.929     2.802   -12.10    2.80
 -70584.620     3.080     0.96    3.71
 -70295.314     3.974     3.09    5.10
 -70006.008     5.750     6.14    6.86
 -69716.705     7.508     6.08    8.30
 -69427.403    10.612    10.73    9.62
 -69138.103    14.441    13.24   11.58
 -68848.804    19.767    18.41   14.18
 -68559.507    25.852    21.04   15.40
 -68270.212    29.082    11.16   13.83
 -67980.918    32.439    11.60   12.74
 -67691.626    31.085    -4.68   15.16
 -67402.335    30.479    -2.09   16.18
 -67113.046    29.463    -3.51   16.88
 -66823.759    28.569    -3.09   16.85
 -66534.473    27.666    -3.12   17.72
 -66245.189    29.336     5.77   18.63
 -65955.906    32.113     9.60   19.23
 -65666.625    36.113    13.83   18.27
 -65377.346    39.733    12.51   16.15
 -65088.068    42.666    10.14   12.58
 -64798.792    44.977     7.99   10.25
 -64509.517    45.342     1.26    8.00
 -64220.244    46.418     3.72    5.69
 -63930.973    46.535     0.40    5.85
 -63641.703    46.276    -0.89    5.96
 -63352.435    46.012    -0.91    5.94
 -63063.168    46.124     0.39    5.48
 -62773.903    46.319     0.67    5.77
 -62484.640    46.568     0.86    6.19
 -62195.378    47.463     3.09    6.25
 -61906.117    48.766     4.51    5.71
 -61616.859    49.319     1.91    5.85
 -61327.602    49.439     0.42    6.32
 -61038.346    49.768     1.14    5.97
 -60749.092    49.039    -2.52    7.37
 -60459.840    47.920    -3.87    8.81
 -60170.589    46.698    -4.23   10.25
 -59881.340    44.468    -7.71   12.60
 -59592.092    39.785   -16.19   17.20
 -59302.846    35.335   -15.38   18.04
 -59013.601    34.721    -2.12   17.91
 -58724.358    34.123    -2.07   19.01
 -58435.117    35.164     3.60   18.03
 -58145.877    35.954     2.73   17.19
 -57856.639    38.422     8.53   16.57
 -57567.402    43.047    15.99   13.86
 -57278.167    46.026    10.30   10.73
 -56988.933    48.664     9.12    6.07
 -56699.701    47.646    -3.52    6.69
 -56410.471    46.852    -2.75    7.46
 -56121.242    47.668     2.82    7.53
 -55832.014    48.543     3.02    6.89
 -55542.789    48.485    -0.20    6.62
 -55253.564    48.855     1.28    6.35
 -54964.342    50.319     5.06    5.47
 -54675.121    51.602     4.44    4.59
 -54385.901    51.886     0.98    4.39
 -54096.683    51.179    -2.45    4.96
 -53807.466    50.819    -1.24    5.59
 -53518.252    49.405    -4.89    6.75
 -53229.038    49.629     0.77    6.50
 -52939.826    49.168    -1.59    6.84
 -52650.616    48.092    -3.72    7.96
 -52361.407    47.267    -2.85    8.48
 -52072.200    46.018    -4.32    9.97
 -51782.994    44.994    -3.54   11.94
 -51493.790    42.080   -10.08   15.08
 -51204.587    36.652   -18.77   16.97
 -50915.386    32.632   -13.90   16.70
 -50626.187    31.629    -3.47   16.16
 -50336.989    33.854     7.69   17.00
 -50047.792    36.018     7.48   16.77
 -49758.597    41.233    18.03   15.25
 -49469.404    46.244    17.33   12.01
 -49180.212    51.185    17.08    5.43
 -48891.021    52.258     3.71    3.25
 -48601.833    52.022    -0.82    3.81
 -48312.645    50.181    -6.37    7.30
 -48023.459    49.602    -2.00    7.55
 -47734.275    48.090    -5.23    7.91
 -47445.092    46.056    -7.03    8.38
 -47155.911    45.577    -1.65    7.89
 -46866.731    46.293     2.47    7.43
 -46577.553    47.605     4.54    6.59
 -46288.376    48.068     1.60    6.24
 -45999.201    48.495     1.48    5.77
 -45710.027    49.146     2.25    5.46
 -45420.855    49.491     1.19    5.23
 -45131.685    50.073     2.01    5.15
 -44842.515    50.250     0.61    4.55
 -44553.348    50.080    -0.59    4.46
 -44264.182    49.112    -3.35    5.22
 -43975.017    48.164    -3.28    5.92
 -43685.854    46.595    -5.43    7.08
 -43396.692    42.733   -13.36    9.40
 -43107.532    41.768    -3.34    9.44
 -42818.373    40.388    -4.77    9.56
 -42529.216    39.735    -2.26    9.99
 -42240.060    40.944     4.18   10.60
 -41950.906    42.095     3.98   10.33
 -41661.754    45.457    11.63    8.35
 -41372.602    47.869     8.34    4.96
 -41083.453    47.785    -0.29    5.14
 -40794.305    47.498    -0.99    5.73
 -40505.158    46.112    -4.79    6.56
 -40216.013    44.903    -4.18    7.25
 -39926.869    44.102    -2.77    7.65
 -39637.727    42.205    -6.56    8.99
 -39348.586    40.474    -5.99   10.10
 -39059.447    38.818    -5.73   10.96
 -38770.309    36.714    -7.28   10.77
 -38481.172    36.097    -2.13   11.14
 -38192.038    34.344    -6.06   11.25
 -37902.904    33.191    -3.99   10.93
 -37613.772    32.666    -1.82   11.88
 -37324.642    33.718     3.64   11.86
 -37035.513    33.818     0.35   12.04
 -36746.385    34.646     2.86   11.77
 -36457.259    37.202     8.84    9.48
 -36168.135    38.435     4.27    6.63
 -35879.012    38.837     1.39    5.68
 -35589.890    36.547    -7.92    6.40
 -35300.764    31.767   -16.53   11.50
 -35011.328    27.368   -15.20   13.65
 -34721.893    22.735   -16.01   14.49
 -34432.460    17.056   -19.62   14.23
 -34143.028    11.922   -17.74   12.92
 -33853.597     7.959   -13.69   10.40
 -33564.169     5.202    -9.53    8.33
 -33274.741     3.285    -6.62    5.60
 -32985.315     1.982    -4.50    1.41
 -32695.891     1.802    -0.62    0.00
 -32406.467     1.802     0.00    0.00
 -32117.046     1.802     0.00    0.00
 -31827.626     1.802     0.00    0.00
 -31538.207     1.802     0.00    0.00
 -31248.790     1.802     0.00    0.00
 -30959.374     1.802     0.00    0.00
 -30669.959     1.802     0.00    0.00
 -30380.546     2.405     2.09    2.09
 -30091.135     3.392     3.41    3.47
 -29801.725     5.233     6.36    5.22
 -29512.316     6.174     3.25    5.32
 -29222.909     6.784     2.11    5.31
 -28933.504     6.988     0.71    5.12
 -28644.099     7.076     0.30    5.01
 -28354.696     7.090     0.05    5.50
 -28065.295     6.107    -3.40    5.06
 -27775.895     5.416    -2.39    4.64
 -27486.497     5.405    -0.04    5.01
 -27197.099     5.056    -1.21    4.80
 -26907.704     5.118     0.22    4.74
 -26618.310     5.414     1.02    4.78
 -26328.917     5.694     0.97    4.16
 -26039.525     5.768     0.26    3.90
 -25750.135     6.223     1.57    3.91
 -25460.747     6.097    -0.44    3.81
 -25171.360     6.259     0.56    3.21
 -24881.974     6.664     1.40    4.10
 -24592.590     6.717     0.18    4.32
 -24303.207     6.927     0.72    4.32
 -24013.826     7.102     0.60    4.33
 -23724.446     7.344     0.84    4.79
 -23435.067     7.085    -0.90    4.99
 -23145.690     5.886    -4.14    4.51
 -22856.314     4.659    -4.24    3.50
 -22566.940     4.700     0.14    3.27
 -22277.567     5.595     3.09    4.58
 -21988.195     6.463     3.00    5.45
 -21698.825     6.395    -0.23    5.48
 -21409.457     6.750     1.23    5.36
 -21120.089     7.026     0.95    4.82
 -20830.723     6.646    -1.31    4.25
 -20541.359     6.818     0.59    3.82
 -20251.996     7.191     1.29    3.70
 -19962.634     7.886     2.40    3.42
 -19673.274     8.526     2.21    3.19
 -19383.915     8.924     1.38    3.14
 -19094.558     9.047     0.43    3.38
 -18805.202     9.685     2.20    3.78
 -18515.847     9.933     0.86    4.21
 -18226.494    10.748     2.82    4.85
 -17937.142    11.388     2.21    5.31
 -17647.791    10.751    -2.20    6.20
 -17358.442     9.905    -2.92    6.84
 -17069.094     9.047    -2.96    6.74
 -16779.748     7.715    -4.60    6.62
 -16490.403     5.870    -6.38    5.43
 -16201.059     4.837    -3.57    4.17
 -15911.717     4.242    -2.05    2.94
 -15622.377     4.441     0.69    2.51
 -15333.037     4.008    -1.49    2.08
 -15043.699     4.090     0.28    2.65
 -14754.362     4.248     0.55    3.02
 -14465.027     4.474     0.78    3.16
 -14175.693     4.418    -0.19    3.32
 -13886.361     4.174    -0.84    3.45
 -13597.029     4.211     0.13    3.41
 -13307.700     3.837    -1.29    3.06
 -13018.371     3.734    -0.36    3.26
 -12729.044     4.157     1.46    3.36
 -12439.719     4.179     0.07    3.34
 -12150.394     4.064    -0.40    3.39
 -11861.071     3.750    -1.09    3.26
 -11571.750     3.152    -2.07    2.94
 -11282.429     2.605    -1.89    2.95
 -10993.111     1.851    -2.61    2.02
 -10703.793     1.218    -2.19    1.18
 -10414.477     1.259     0.14    1.24
 -10125.162     1.698     1.52    1.62
  -9835.849     2.141     1.53    1.74
  -9546.537     2.395     0.88    1.79
  -9257.226     2.802     1.41    1.78
  -8967.917     3.252     1.56    1.62
  -8678.609     3.802     1.90    1.97
  -8389.302     3.909     0.37    2.11
  -8099.997     4.215     1.06    2.29
  -7810.693     4.577     1.25    2.32
  -7521.390     5.031     1.57    2.33
  -7232.089     5.181     0.52    2.28
  -6942.789     5.202     0.07    2.37
  -6653.490     5.043    -0.55    2.60
  -6364.193     5.240     0.68    2.62
  -6074.897     5.918     2.34    2.82
  -5785.603     6.835     3.17    3.31
  -5496.309     7.588     2.60    3.62
  -5207.017     8.353     2.64    3.66
  -4917.727     8.681     1.13    3.51
  -4628.438     8.768     0.30    3.29
  -4339.150     8.991     0.77    4.13
  -4049.863     8.523    -1.62    4.44
  -3760.578     8.336    -0.65    4.56
  -3471.294     7.905    -1.49    4.59
  -3182.012     8.405     1.73    4.91
  -2892.730     8.666     0.90    5.31
  -2603.450     7.457    -4.18    5.50
  -2314.172     6.026    -4.95    5.75
  -2024.894     4.208    -6.28    5.68
  -1735.619     3.212    -3.44    5.76
  -1446.344     1.652    -5.40    4.83
  -1157.071    -0.002    -5.72    1.21
   -867.799    -0.198    -0.68    0.00
   -578.528    -0.198     0.00    0.00
   -289.259    -0.198     0.00    0.00
      0.010    -0.198     0.00    0.00
    289.276    -0.198     0.00    0.00
    578.542    -0.198     0.00    0.00
    867.806    -0.086     0.39    0.89
   1157.069     0.784     3.01    3.11
   1446.330     2.768     6.86    5.96
   1735.590     4.927     7.46    6.83
   2024.849     6.640     5.92    6.67
   2314.107     8.818     7.53    6.43
   2603.363    10.225     4.86    5.82
   2892.618    11.852     5.63    5.18
   3181.872    11.100    -2.60    4.96
   3471.124    10.452    -2.24    4.45
   3760.375     9.920    -1.84    4.26
   4049.625     9.310    -2.11    3.75
   4338.874     8.768    -1.87    2.18
   4628.121     8.873     0.36    2.40
   4917.367     9.056     0.63    3.03
   5206.611     8.836    -0.76    3.94
   5495.855     9.268     1.49    4.64
   5785.097     9.903     2.20    5.01
   6074.337     9.751    -0.53    5.48
   6363.577     9.043    -2.45    5.79
   6652.815     7.784    -4.35    5.30
   6942.052     6.802    -3.40    5.03
   7231.288     5.446    -4.69    4.81
   7520.522     4.418    -3.55    4.44
   7809.755     3.233    -4.10    2.88
   8098.987     3.212    -0.07    2.61
   8388.217     3.885     2.33    3.09
   8677.447     4.751     2.99    3.41
   8966.675     5.418     2.31    3.28
   9255.901     6.233     2.82    2.91
   9545.127     6.664     1.49    2.20
   9834.351     6.629    -0.12    2.07
  10123.574     6.905     0.95    2.39
  10412.795     6.900    -0.02    2.75
  10702.016     6.939     0.14    2.84
  10991.235     7.242     1.05    3.35
  11280.453     6.819    -1.46    3.46
  11569.669     6.683    -0.47    3.44
  11858.884     6.543    -0.48    3.11
  12148.098     6.649     0.36    3.20
  12437.311     7.496     2.93    4.05
  12726.523     8.008     1.77    4.03
  13015.733     8.819     2.80    4.03
  13304.942     9.615     2.75    3.83
  13594.150     9.818     0.70    3.89
  13883.356     9.785    -0.11    4.16
  14172.562     8.748    -3.59    4.22
  14461.766     7.252    -5.17    4.68
  14750.968     6.170    -3.74    4.27
  15040.170     5.441    -2.52    3.77
  15329.370     5.685     0.84    4.03
  15618.569     5.939     0.88    4.20
  15907.767     6.395     1.57    4.32
  16196.963     7.141     2.58    4.09
  16486.159     7.135    -0.02    4.02
  16775.353     8.102     3.34    4.12
  17064.545     9.085     3.40    4.62
  17353.737     8.971    -0.39    4.45
  17642.927     9.480     1.76    4.78
  17932.116     9.852     1.29    4.62
  18221.304     9.646    -0.71    5.06
  18510.491     8.564    -3.74    5.77
  18799.676     7.035    -5.29    5.73
  19088.861     5.733    -4.50    5.86
  19378.043     4.491    -4.29    5.28
  19667.225     3.284    -4.17    4.14
  19956.406     2.352    -3.23    2.76
  20245.585     1.988    -1.26    2.26
  20534.763     1.751    -0.82    1.89
  20823.940     2.267     1.79    2.23
  21113.115     2.784     1.79    2.85
  21402.290     3.080     1.02    3.17
  21691.463     3.668     2.03    3.53
  21980.635     3.898     0.80    3.64
  22269.806     4.534     2.20    3.56
  22558.975     4.870     1.16    3.36
  22848.143     5.293     1.46    3.43
  23137.311     5.336     0.15    3.35
  23426.476     4.621    -2.47    3.42
  23715.641     4.181    -1.52    3.44
  24004.805     3.905    -0.95    3.30
  24293.967     3.595    -1.07    3.12
  24583.128     3.988     1.36    3.19
  24872.288     4.952     3.33    3.93
  25161.446     5.698     2.58    4.27
  25450.604     6.618     3.18    3.92
  25739.760     7.855     4.28    3.68
  26028.915     8.508     2.26    3.33
  26318.069     8.335    -0.60    3.41
  26607.222     8.208    -0.44    3.40
  26896.373     7.523    -2.37    3.28
  27185.722     6.980    -1.88    3.26
  27475.127     6.284    -2.40    2.78
  27764.531     5.819    -1.61    2.50
  28053.933     5.252    -1.96    2.55
  28343.335     4.818    -1.50    2.87
  28632.735     4.164    -2.26    3.22
  28922.134     3.252    -3.15    3.28
  29211.532     3.030    -0.77    3.28
  29500.928     2.539    -1.69    3.21
  29790.324     1.952    -2.03    2.85
  30079.718     1.886    -0.23    2.67
  30369.111     2.568     2.36    2.91
  30658.503     3.215     2.24    3.39
  30947.894     3.585     1.28    3.84
  31237.283     3.733     0.51    4.06
  31526.672     3.539    -0.67    4.04
  31816.059     3.735     0.68    4.24
  32105.445     4.082     1.20    4.51
  32394.830     4.852     2.66    5.24
  32684.213     5.577     2.51    5.54
  32973.596     6.435     2.96    5.63
  33262.977     7.157     2.50    6.14
  33552.357     6.751    -1.41    6.50
  33841.736     6.095    -2.27    6.35
  34131.114     5.749    -1.19    6.15
  34420.491     5.552    -0.68    6.11
  34709.866     5.668     0.40    5.98
  34999.241     5.703     0.12    6.27
  35288.614     6.508     2.78    7.11
  35577.986     7.117     2.10    7.27
  35867.357     7.902     2.71    8.09
  36156.726     7.853    -0.17    7.86
  36446.095     8.736     3.05    8.31
  36735.462     8.836     0.35    8.31
  37024.829    11.181     8.10   10.91
  37314.194    13.026     6.38   11.83
  37603.558    15.870     9.83   12.53
  37892.920    19.129    11.26   13.69
  38182.282    22.595    11.98   14.42
  38471.642    27.700    17.64   15.16
  38761.002    31.784    14.11   14.60
  39050.360    31.918     0.46   14.93
  39339.717    30.560    -4.70   16.70
  39629.073    25.700   -16.80   16.08
  39918.428    19.564   -21.20   13.42
  40207.781    15.977   -12.40   10.30
  40497.134    15.991     0.05    9.64
  40786.485    20.395    15.22   12.33
  41075.836    24.768    15.11   13.75
  41365.185    29.592    16.67   12.13
  41654.533    32.998    11.77   10.54
  41943.879    35.152     7.44   10.15
  42233.225    34.749    -1.39   10.60
  42522.570    32.113    -9.11   12.36
  42811.913    27.751   -15.08   14.10
  43101.255    23.905   -13.29   16.11
  43390.597    17.700   -21.45   17.27
  43679.937    11.177   -22.55   13.80
  43969.276     7.168   -13.85   12.18
  44258.613     2.124   -17.44    6.73
  44547.950     0.502    -5.61    4.82
  44837.286    -0.782    -4.44    2.88
  45126.620    -1.391    -2.11    2.12
  45415.954    -1.639    -0.86    1.86
  45705.286    -1.785    -0.50    1.70
  45994.617    -2.148    -1.25    0.39
  46283.947    -2.198    -0.18    0.00
  46573.276    -2.181     0.06    0.13
  46862.604    -0.561     5.60    8.03
  47151.930     4.026    15.85   14.99
  47441.256     7.135    10.75   16.51
  47730.580    12.530    18.65   19.36
  48019.904    16.735    14.53   20.51
  48309.226    20.664    13.58   19.59
  48598.547    23.117     8.48   18.30
  48887.867    22.900    -0.75   17.44
  49177.186    18.752   -14.34   15.97
  49466.504    15.965    -9.63   15.97
  49755.821    11.159   -16.61   12.65
  50045.136     9.784    -4.75   11.37
  50334.451     8.370    -4.89   11.00
  50623.764     9.405     3.58   12.65
  50913.077    13.949    15.71   18.07
  51202.388    17.957    13.85   19.75
  51491.698    21.112    10.91   20.27
  51781.007    22.836     5.96   20.44
  52070.316    24.615     6.15   20.22
  52359.622    25.652     3.58   22.01
  52648.928    23.353    -7.94   22.19
  52938.233    19.418   -13.60   21.16
  53227.537    17.016    -8.30   21.00
  53516.839    14.491    -8.73   20.91
  53806.141    10.235   -14.71   19.68
  54095.441     6.068   -14.40   17.00
  54384.741     2.441   -12.54   12.20
  54674.039    -1.431   -13.38    3.06
  54963.336    -1.905    -1.64    1.23
  55252.632    -1.405     1.73    3.96
  55541.928    -0.882     1.81    6.35
  55831.222    -0.084     2.76    8.01
  56120.514    -0.043     0.14    8.21
  56409.806    -0.848    -2.78    6.08
  56699.097    -1.988    -3.94    1.46
  56988.387    -1.985     0.01    1.66
  57277.676    -1.982     0.01    1.68
  57566.963    -2.198    -0.75    0.00
  57856.250    -2.198     0.00    0.00
  58145.535    -2.198     0.00    0.00
  58434.820    -2.198     0.00    0.00
  58724.103    -2.198     0.00    0.00
  59013.385    -2.100     0.34    0.77
  59302.667    -2.098     0.01    0.77
  59591.947    -2.198    -0.35    0.00
  59881.226    -2.182     0.06    0.13
  60170.504    -2.043     0.48    0.77
  60459.781    -1.248     2.75    3.73
  60749.057    -0.537     2.46    5.11
  61038.332     1.005     5.33    8.11
  61327.606     2.284     4.42    9.95
  61616.879     3.714     4.94   11.74
  61906.151     6.900    11.01   17.85
  62195.421    10.185    11.36   19.55
  62484.691    14.129    13.64   21.96
  62773.960    15.751     5.60   22.18
  63063.228    15.837     0.30   20.88
  63352.494    15.235    -2.08   20.57
  63641.760    15.164    -0.25   17.39
  63931.024    14.933    -0.80   14.42
  64220.288    14.888    -0.16   14.38
  64509.550    15.664     2.68   15.55
  64798.812    18.112     8.46   15.11
  65088.072    18.733     2.15   13.88
  65377.332    19.228     1.71   13.84
  65666.590    19.991     2.64   13.46
  65955.847    20.090     0.34   12.47
  66245.104    24.141    14.01   12.70
  66534.359    27.785    12.60   13.47
  66823.613    31.140    11.60   13.00
  67112.866    34.903    13.01   12.60
  67402.119    38.869    13.71   13.85
  67691.370    41.942    10.62   15.07
  67980.620    42.991     3.63   16.02
  68269.869    41.920    -3.70   17.81
  68559.117    39.602    -8.02   19.45
  68848.364    37.043    -8.84   20.23
  69137.611    34.267    -9.60   20.41
  69426.856    26.585   -26.56   20.63
  69716.100    20.152   -22.24   18.12
  70005.343    16.685   -11.99   14.86
  70294.585    15.344    -4.64   13.17
  70583.826    15.750     1.40   12.83
  70873.066    18.920    10.96   16.16
  71162.305    25.664    23.31   20.37
  71451.543    32.618    24.04   20.71
  71740.780    41.902    32.10   19.18
  72030.017    47.752    20.23   15.41
  72319.252    50.685    10.14   12.46
  72608.486    51.030     1.19   11.20
  72897.719    49.468    -5.40   13.66
  73186.951    44.457   -17.33   14.65
  73476.182    41.552   -10.04   14.03
  73765.412    38.835    -9.39   11.82
  74054.641    39.573     2.55   11.02
  74343.869    42.146     8.90   12.53
  74633.096    45.194    10.54   13.42
  74922.323    51.885    23.13   13.52
  75211.548    57.361    18.93   12.49
  75500.772    61.735    15.12   12.24
  75789.995    65.577    13.29   10.49
  76079.217    66.977     4.84    9.74
  76368.439    67.502     1.81    9.37
  76657.659    69.233     5.99    9.95
  76946.878    70.568     4.62   10.48
  77236.097    72.152     5.48   11.34
  77525.314    73.336     4.09   12.62
  77814.530    76.077     9.48   12.34
  78103.746    79.664    12.40   10.94
  78392.960    80.965     4.50   10.31
  78682.173    82.750     6.17    9.62
  78971.386    83.543     2.74    9.76
  79260.597    83.922     1.31   10.57
  79549.808    83.457    -1.61   10.56
  79839.017    81.818    -5.67   10.94
  80128.226    80.819    -3.46   11.14
  80417.434    80.468    -1.21   12.39
  80706.640    81.661     4.12   13.30
  80995.846    79.870    -6.19   13.49
  81285.051    79.102    -2.66   12.46
  81574.255    79.785     2.36   11.91
  81863.458    81.539     6.07   11.52
  82152.659    82.605     3.69   11.04
  82441.860    82.836     0.80    9.89
  82731.060    84.373     5.31    9.56
  83020.259    84.547     0.60    9.36
  83309.457    84.752     0.71   10.03
  83598.655    84.215    -1.85    9.93
  83887.851    83.035    -4.08   10.34
  84177.046    83.629     2.05   10.60
  84466.240    83.085    -1.88   10.49
  84755.434    82.568    -1.79   10.31
  85044.626    81.418    -3.98   10.41
  85333.818    79.452    -6.80   11.25
  85623.008    76.905    -8.81   11.04
  85912.198    75.140    -6.10   10.07
  86201.386    74.560    -2.01   10.33
  86490.574    75.935     4.75   12.32
  86779.761    79.102    10.95   13.21
  87068.947    82.942    13.28   12.94
  87358.132    86.429    12.06    9.00
  87647.316    85.715    -2.47    9.44
  87936.499    85.834     0.41    9.59
  88225.681    86.768     3.23   10.35
  88514.862    86.479    -1.00   11.26
  88804.042    87.560     3.74   12.25
  89093.222    88.626     3.69   12.40
  89382.507    89.174     1.90   11.81
  89671.887    88.479    -2.40   11.02
  89961.265    86.640    -6.36   11.25
  90250.643    84.208    -8.40   11.39
  90540.019    81.230   -10.29   10.74
  90829.395    77.302   -13.58   11.68
  91118.770    73.802   -12.09   12.77
  91408.144    72.195    -5.55   12.89
  91697.517    70.388    -6.25   12.48
  91986.889    68.439    -6.73   13.00
  92276.260    67.629    -2.80   12.13
  92565.630    67.077    -1.91   11.50
  92855.000    68.769     5.84   12.08
  93144.368    68.939     0.59   11.73
  93433.736    70.535     5.51   12.81
  93723.102    71.444     3.14   13.17
  94012.468    73.768     8.03   13.42
  94301.833    76.228     8.50   13.06
  94591.197    78.668     8.43   13.30
  94880.560    85.523    23.69   17.77
  95169.922    95.837    35.64   24.75
  95459.283   106.939    38.37   31.84
  95748.643   111.581    16.04   32.50
  96038.003   112.835     4.33   31.36
  96327.361   111.718    -3.86   31.12
  96616.719   108.164   -12.28   29.40
  96906.076    99.140   -31.18   25.22
  97195.432    91.609   -26.03   15.33
  97484.787    88.518   -10.68   12.38
  97774.141    86.949    -5.42   13.21
  98063.494    89.870    10.10   18.03
  98352.846    96.140    21.67   26.37
  98642.198   102.095    20.58   30.47
  98931.548   104.968     9.93   30.74
  99220.898   107.530     8.85   30.66
  99510.247   108.202     2.32   28.78
  99799.594   105.851    -8.12   25.63
 100088.941   102.170   -12.72   18.71
 100378.288    99.985    -7.55   13.05
 100667.633   101.457     5.09   14.32
 100956.977   104.418    10.24   17.29
 101246.321   106.602     7.55   16.85
 101535.663   109.310     9.36   15.82
 101825.005   107.991    -4.56   16.82
 102114.346   107.337    -2.26   14.68
 102403.686   107.080    -0.89   11.75
 102693.025   108.954     6.48   12.70
 102982.364   110.952     6.90   14.58
 103271.701   114.802    13.31   15.52
 103561.038   119.398    15.89   13.78
 103850.373   123.191    13.11   13.81
 104139.708   127.526    14.98   13.53
 104429.042   133.359    20.16   16.53
 104718.375   140.405    24.35   19.76
 105007.708   148.319    27.35   21.61
 105297.039   154.491    21.33   20.67
 105586.370   157.164     9.24   18.24
 105875.699   158.834     5.77   15.44
 106165.028   155.802   -10.48   13.69
 106454.356   154.267    -5.30   11.88
 106743.683   153.112    -3.99   12.75
 107033.010   155.457     8.10   16.13
 107322.335   160.402    17.09   18.93
 107611.660   167.008    22.84   19.32
 107900.984   173.418    22.15   16.14
 108190.306   179.266    20.21   10.38
 108479.629   182.422    10.91    6.54
 108768.950   181.368    -3.64   10.68
 109058.270   180.090    -4.42   12.51
 109347.590   178.618    -5.09   15.60
 109636.909   179.980     4.71   14.89
 109926.227   179.060    -3.18   16.62
 110215.544   180.644     5.47   16.62
 110504.860   182.157     5.23   16.88
 110794.175   185.235    10.64   14.82
 111083.490   188.215    10.30   11.19
 111372.804   188.344     0.44   14.54
 111662.117   190.802     8.49   11.63
 111951.429   188.751    -7.09   15.30
 112240.740   182.335   -22.18   24.27
 112530.050   174.530   -26.98   30.26
 112819.360   163.018   -39.79   36.03
 113108.669   151.836   -38.65   36.36
 113397.977   137.191   -50.62   31.87
 113687.284   120.095   -59.10   24.10
 113976.590   111.886   -28.37   15.57
 114265.896   108.468   -11.81   13.42
 114555.201   108.591     0.42   15.84
 114844.504   114.702    21.12   25.87
 115133.808   115.750     3.62   27.98
 115423.110   118.285     8.76   28.03
 115712.411   121.285    10.37   25.80
 116001.712   122.530     4.31   21.67
 116291.012   122.595     0.22   18.90
 116580.311   120.855    -6.01   14.84
 116869.609   121.018     0.56   14.87
 117158.907   122.157     3.94   14.06
 117448.203   121.818    -1.17   13.07
 117737.499   120.250    -5.42   13.60
 118026.794   120.480     0.80   13.63
 118316.088   120.368    -0.39   15.19
 118605.382   116.974   -11.73   16.46
 118894.674   112.552   -15.29   15.26
 119183.966   112.319    -0.80   15.57
 119473.257   112.664     1.19   15.82
 119762.548   112.026    -2.21   14.58
 120051.837   109.784    -7.75   13.06
 120341.126   108.261    -5.27   13.75
 120630.414   105.836    -8.38   13.56
 120919.701   102.056   -13.07   15.01
 121208.987    99.284    -9.58   14.18
 121498.273   100.698     4.89   14.74
 121787.557   103.318     9.06   15.33
 122076.841   104.852     5.30   15.90
 122366.125   103.736    -3.86   15.82
 122655.407   105.117     4.78   15.30
 122944.689   107.457     8.09   13.02
 123233.970   106.581    -3.03   12.69
 123523.250   102.479   -14.18   13.84
 123812.529    97.968   -15.59   12.36
 124101.808    94.198   -13.03   10.94
 124391.085    89.405   -16.57   11.31
 124680.362    86.012   -11.73   11.58
 124969.639    82.666   -11.57   11.59
 125258.914    80.335    -8.06   11.76
 125548.189    78.922    -4.88   11.64
 125837.463    75.513   -11.78   11.79
 126126.736    73.784    -5.98   11.98
 126416.008    71.869    -6.62   11.64
 126705.280    68.002   -13.37   13.50
 126994.551    62.968   -17.40   14.15
 127283.821    58.457   -15.59   13.02
 127573.090    56.927    -5.29   10.91
 127862.359    56.598    -1.14   10.77
 128151.627    59.457     9.88   13.03
 128440.894    63.702    14.67   14.00
 128730.160    67.342    12.59   13.31
 129019.426    70.698    11.60   11.39
 129308.691    72.530     6.33   11.07
 129597.955    72.623     0.32   11.53
 129887.218    70.608    -6.97   12.84
 130176.481    66.702   -13.50   15.38
 130465.742    60.446   -21.63   17.61
 130755.004    53.819   -22.91   17.21
 131044.264    50.854   -10.25   16.29
 131333.523    46.869   -13.78   17.45
 131622.782    39.905   -24.08   19.28
 131912.041    32.495   -25.62   20.54
 132201.298    26.920   -19.27   20.52
 132490.555    22.855   -14.05   19.75
 132779.811    18.785   -14.07   16.94
 133069.066    15.853   -10.13   13.93
 133358.320    14.572    -4.43   14.79
 133647.574    12.043    -8.74   14.51
 133936.827    10.077    -6.80   12.68
 134226.079     7.698    -8.23   10.01
 134515.331     6.026    -5.78    6.16
 134804.582     5.085    -3.25    5.36
 135093.832     4.378    -2.44    5.08
 135383.081     3.769    -2.11    4.72
 135672.330     2.427    -4.64    2.88
 135961.578     1.750    -2.34    2.17
 136250.825     1.252    -1.72    1.24
 136540.071     1.191    -0.21    2.00
 136829.317     1.652     1.59    3.62
 137118.562     2.538     3.07    6.05
 137407.807     3.802     4.37    8.19
 137697.050     4.225     1.46    8.50
 137986.293     4.750     1.81    8.09
 138275.535     6.506     6.07    8.93
 138564.777     7.733     4.24    9.46
 138854.018     9.734     6.92    9.58
 139143.258    11.730     6.90    9.72
 139432.497    14.632    10.03   10.36
 139721.736    16.523     6.54   10.17
 140010.974    18.174     5.71   10.69
 140300.211    16.768    -4.86   11.19
 140589.448    17.405     2.20   11.34
 140878.683    18.715     4.53   12.17
 141167.919    17.700    -3.51   11.50
 141457.153    16.140    -5.39   11.70
 141746.387    14.221    -6.64   11.98
 142035.620    12.694    -5.28   12.19
 142324.852    10.218    -8.56   11.87
 142614.084     5.784   -15.33    7.80
 142903.315     4.495    -4.46    6.44
 143192.545     3.035    -5.05    5.52
 143481.775     2.819    -0.75    5.49
 143771.004     2.513    -1.06    5.25
 144060.232     1.266    -4.31    2.57
 144349.460     0.902    -1.26    0.44
 144638.687     0.852    -0.17    0.39
 144927.913     0.802    -0.18    0.00
 145217.138     0.802     0.00    0.00
 145506.363     0.802     0.00    0.00
 145795.587     0.818     0.06    0.13
 146084.811     0.836     0.06    0.26
 146374.034     1.102     0.92    1.61
 146663.256     1.902     2.77    3.49
 146952.477     3.696     6.21    7.10
 147241.698     7.612    13.54   12.12
 147530.918    13.233    19.43   15.11
 147820.138    16.424    11.04   15.47
 148109.356    20.124    12.79   15.37
 148398.574    23.468    11.56   14.73
 148687.792    25.853     8.25   13.36
 148977.009    25.398    -1.57   12.57
 149266.225    25.418     0.07   11.83
 149555.440    25.102    -1.09   11.13
 149844.655    24.656    -1.54   10.75
 150133.869    23.927    -2.52    9.25
 150423.083    26.336     8.33    8.61
 150712.296    28.496     7.47    8.04
 151001.508    30.819     8.03    7.44
 151290.719    33.392     8.90    6.93
 151579.971    34.146     2.61    6.36
 151869.322    35.388     4.29    5.92
 152158.673    36.336     3.28    6.50
 152448.024    38.435     7.25    6.55
 152737.373    39.535     3.80    6.08
 153026.722    39.577     0.15    6.08
 153316.071    41.118     5.33    5.64
 153605.418    41.677     1.93    5.13
 153894.766    41.957     0.97    4.96
 154184.112    42.268     1.08    4.59
 154473.458    42.344     0.26    4.94
 154762.803    42.146    -0.68    5.57
 155052.147    41.587    -1.93    5.80
 155341.491    40.181    -4.86    5.98
 155630.835    38.802    -4.77    5.52
 155920.177    37.318    -5.13    4.77
 156209.519    36.302    -3.51    4.50
 156498.861    35.767    -1.85    4.21
 156788.201    35.718    -0.17    4.93
 157077.541    37.152     4.96    6.35
 157366.881    38.211     3.66    7.02
 157656.220    38.971     2.63    8.49
 157945.558    40.496     5.27    8.94
 158234.895    41.112     2.13    8.63
 158524.232    42.284     4.05    8.26
 158813.569    42.768     1.67    8.52
 159102.905    43.008     0.83    8.44
 159392.240    43.441     1.49    7.54
 159681.574    43.035    -1.40    7.47
 159970.908    42.644    -1.35    7.18
 160260.241    42.191    -1.56    7.68
 160549.574    40.508    -5.82    8.01
 160838.906    39.718    -2.73    7.47
 161128.237    39.259    -1.59    7.14
 161417.568    38.174    -3.75    6.92
 161706.898    39.129     3.30    7.81
 161996.228    41.462     8.06    7.58
 162285.557    44.598    10.84    6.86
 162574.885    46.717     7.32    6.35
 162864.213    49.268     8.82    6.30
 163153.540    51.698     8.40    7.76
 163442.867    53.266     5.42    8.93
 163732.193    54.902     5.65   10.31
 164021.518    55.208     1.06   12.06
 164310.843    55.585     1.30   13.01
 164600.167    54.129    -5.03   14.48
 164889.491    52.870    -4.35   14.66
 165178.813    51.888    -3.40   14.35
 165468.136    49.370    -8.70   13.21
 165757.458    43.490   -20.32   13.09
 166046.779    39.733   -12.99   14.70
 166336.099    35.008   -16.33   15.58
 166625.419    31.266   -12.94   14.72
 166914.739    28.215   -10.54   13.02
 167204.058    26.543    -5.78   11.17
 167493.376    26.022    -1.80    8.97
 167782.694    26.259     0.82    8.33
 168072.011    27.380     3.88    7.24
 168361.327    28.146     2.65    5.38
 168650.643    29.052     3.13    5.35
 168939.959    29.852     2.77    5.97
 169229.273    31.060     4.17    7.17
 169518.588    32.712     5.71    6.90
 169807.901    34.388     5.79    7.01
 170097.214    35.974     5.48    6.58
 170386.527    37.769     6.20    6.21
 170675.839    40.097     8.05    6.25
 170965.150    41.629     5.30    6.68
 171254.461    43.581     6.75    6.64
 171543.771    45.187     5.55    6.90
 171833.081    47.752     8.87    8.75
 172122.390    50.385     9.10    8.35
 172411.698    51.635     4.32    7.87
 172701.006    51.852     0.75    7.87
 172990.314    53.082     4.25    8.05
 173279.621    54.395     4.54    9.73
 173568.927    55.905     5.22    9.71
 173858.233    57.703     6.22   10.47
 174147.538    60.585     9.96   11.72
 174436.842    65.205    15.97   11.35
 174726.147    69.733    15.65   12.55
 175015.450    75.250    19.07   14.69
 175304.753    80.435    17.92   14.43
 175594.055    82.039     5.54   13.21
 175883.357    83.869     6.33   14.48
 176172.659    84.146     0.96   14.68
 176461.959    82.889    -4.35   14.48
 176751.260    81.113    -6.14   14.42
 177040.559    79.385    -5.97   14.39
 177329.859    78.850    -1.85   15.08
 177619.157    82.853    13.84   16.04
 177908.455    85.474     9.06   17.74
 178197.753    86.885     4.88   17.70
 178487.050    89.543     9.19   16.62
 178776.346    94.162    15.97   17.60
 179065.642   100.474    21.82   18.89
 179354.938   102.233     6.08   17.42
 179644.232   104.405     7.51   17.44
 179933.527   109.819    18.71   18.46
 180222.821   114.031    14.56   16.40
 180512.114   115.043     3.50   16.00
 180801.407   117.635     8.96   17.66
 181090.699   121.694    14.03   20.59
 181379.991   128.835    24.68   23.83
 181669.282   136.654    27.03   25.58
 181958.572   147.005    35.78   26.63
 182247.863   155.385    28.97   25.18
 182537.152   161.135    19.88   24.88
 182826.441   165.646    15.60   25.42
 183115.730   175.005    32.35   28.07
 183405.018   182.918    27.35   31.02
 183694.306   181.703    -4.20   35.09
 183983.593   173.422   -28.63   43.24
 184272.879   162.931   -36.27   53.07
 184562.165   152.848   -34.85   54.69
 184851.451   142.423   -36.04   52.37
