#    7.025  -2.669   8.283 ;Mean Elev.(m), Avg Gradient(m/km), RMS Gradient(m/km) - SRTM1     
#   22.154  -1.385   6.896 ;Mean Elev.(m), Avg Gradient(m/km), RMS Gradient(m/km) - ASTER GDEM
#    7.048  -2.511   8.417 ;Mean Elev.(m), Avg Gradient(m/km), RMS Gradient(m/km) - GMTED2010 
   1 300.933957  -3.253285    19.117    19.010  9 54664.97063325 41.485
   2 300.932444  -3.253339    18.561    18.515  9 54674.88627742 34.615
   3 300.932527  -3.255581    17.860    17.820  9 54684.80192098 30.794
   4 300.933614  -3.254110    17.147    17.101  9 54694.71756267 32.198
   5 300.936404  -3.252721    16.521    16.514  9 54704.63320216 37.822
   6 300.935514  -3.253577    15.526    15.478  9 54714.54885373 29.081
   7 300.933232  -3.253943    13.864    13.835  9 54724.46450425 37.111
   8 300.929625  -3.255197    14.459    14.036  9 54734.38015252 26.685
   9 300.926072  -3.255065    11.633    11.603  8 54744.29579904 32.552
  10 300.925587  -3.256916    10.321    10.388  8 54754.21144564 33.938
  11 300.926203  -3.255282     9.769     9.741  8 54764.12709073 27.466
  12 300.928598  -3.256288    12.364    11.244  8 54774.04273383 24.107
  13 300.929537  -3.255100    14.685    15.734  9 54783.95837382 24.762
  14 300.930676  -3.255407    12.029    11.241  9 54793.87401241 27.503
  15 300.932331  -3.255008    13.197    12.803  9 54803.78965034 22.044
  16 300.934257  -3.253390    12.526    12.558  9 54813.70528791 26.217
  17 300.934820  -3.254661    12.848    12.737  9 54823.62093298 23.748
  18 300.932050  -3.255075    14.286    13.943  9 54833.53657358 32.706
  19 300.928676  -3.255683    15.018    15.009  9 54843.45222400 35.669
  20 300.925650  -3.255420    15.366    15.328  8 54853.36787302 34.664
  21 300.924566  -3.257230    16.821    16.831  9 54863.28352212 44.369
  22 300.923957  -3.257084    16.874    16.748  9 54873.19917046 37.395
  23 300.924822  -3.257431    17.411    17.438  8 54883.11481671 35.459
  24 300.925504  -3.256782    17.782    17.701  9 54893.03045930 35.594
  25 300.925733  -3.257727    18.190    18.267  8 54902.94609953 37.226
  26 300.924871  -3.256247    18.610    18.593  8 54912.86173805 36.853
  27 300.925293  -3.256653    19.170    19.096  8 54922.77737646 35.760
  28 300.927074  -3.255159    19.799    19.766  8 54932.69301400 39.078
  29 300.931110  -3.254465    19.710    19.590  9 54942.60865017 32.535
  30 300.935501  -3.254218    20.241    20.287  9 54952.52428456 34.870
  31 300.934756  -3.253115    20.678    20.631  9 54962.43992753 37.686
  32 300.932334  -3.254024    20.652    20.646  9 54972.35557606 36.052
  33 300.930982  -3.254329    20.670    20.659  9 54982.27122323 38.771
  34 300.931175  -3.255540    20.569    20.618  9 54992.18687025 34.839
  35 300.930717  -3.255805    20.908    20.901  9 55002.10251626 39.994
  36 300.929708  -3.255726    20.949    20.934  9 55012.01816031 38.292
  37 300.928945  -3.255337    20.576    20.618  9 55021.93380297 35.475
  38 300.928861  -3.255782    20.539    20.452  9 55031.84944517 41.177
  39 300.929701  -3.256071    20.112    20.148  9 55041.76508694 36.835
  40 300.932107  -3.254873    19.680    19.560  9 55051.68072726 35.872
  41 300.934224  -3.252701    18.963    19.064  9 55061.59636523 28.627
  42 300.934319  -3.253782    18.304    18.266  9 55071.51200844 31.067
  43 300.931163  -3.254237    17.301    17.386  9 55081.42765717 37.689
  44 300.928352  -3.255399    16.135    16.038  9 55091.34330418 39.825
  45 300.926399  -3.255302    14.565    14.549  8 55101.25895016 28.965
  46 300.926238  -3.255374    13.656    13.136  8 55111.17459579 23.531
  47 300.928134  -3.256413    10.927    10.924  8 55121.09023977 30.262
  48 300.929515  -3.255683    10.439    10.046  8 55131.00588059 28.483
  49 300.929870  -3.255248    13.967    15.139  9 55140.92151955 19.388
  50 300.929904  -3.255068    10.941    10.763  9 55150.83715809 26.154
  51 300.931312  -3.254804    12.544    11.701  9 55160.75279711 21.539
  52 300.934144  -3.255312    12.048    12.760  9 55170.66843618 16.519
  53 300.935802  -3.252305    11.987    10.909  9 55180.58407305 18.712
  54 300.933678  -3.253876    13.340    12.981  9 55190.49972198 22.403
  55 300.929729  -3.255416    13.094    12.579  8 55200.41537278 25.551
  56 300.926764  -3.255641    13.426    13.361  8 55210.33102246 41.413
  57 300.925933  -3.255362    15.756    16.203  8 55220.24667152 26.794
  58 300.926672  -3.257386    15.634    15.988  8 55230.16232001 24.944
  59 300.926450  -3.255162    15.531    14.668  8 55240.07796429 35.208
  60 300.926707  -3.256923    15.429    15.070  8 55249.99360577 30.596
  61 300.925648  -3.256967    15.473    15.202  8 55259.90924470 29.778
  62 300.925747  -3.256879    15.843    15.946  8 55269.82488317 34.963
  63 300.927085  -3.255987    15.840    15.779  9 55279.74052169 40.523
  64 300.929934  -3.254944    16.127    16.045  9 55289.65615914 32.273
  65 300.934144  -3.255183    16.732    16.675  9 55299.57179460 31.688
  66 300.933417  -3.254548    17.818    17.777  9 55309.48743945 38.991
  67 300.931235  -3.255201    18.116    18.152  8 55319.40308542 38.113
  68 300.929366  -3.255948    18.989    18.987  9 55329.31873005 39.270
  69 300.928953  -3.256139    18.881    18.993  8 55339.23437408 39.919
  70 300.929916  -3.255395    18.922    18.988  9 55349.15001760 40.152
  71 300.931368  -3.255443    19.255    19.239  9 55359.06565934 40.334
  72 300.931350  -3.254845    19.408    19.392  9 55368.98129865 45.041
  73 300.931331  -3.254572    18.721    18.762  9 55378.89693672 40.668
  74 300.931957  -3.253463    18.768    18.747  9 55388.81257417 51.120
  75 300.934733  -3.253398    18.313    18.312  9 55398.72821127 41.315
  76 300.936177  -3.253447    17.312    17.313  9 55408.64385707 41.481
  77 300.934275  -3.253223    16.817    16.815  9 55418.55950782 41.414
  78 300.931838  -3.255083    15.716    15.743  9 55428.47515554 45.892
  79 300.928841  -3.255505    14.173    14.008  9 55438.39080003 29.526
  80 300.927165  -3.255275    12.481    12.208  8 55448.30644290 33.957
  81 300.927870  -3.255599    11.036    10.505  8 55458.22208561 27.303
  82 300.929562  -3.254770    10.341     9.934  9 55468.13772738 26.189
  83 300.932480  -3.255193     9.337     9.863  9 55478.05336624 26.236
  84 300.934325  -3.253716     6.709     6.585  9 55487.96900162 22.318
  85 300.935721  -3.253424     6.523     6.062 10 55497.88463521 27.518
  86 300.935317  -3.252706    12.181    11.105  9 55507.80027306 16.309
  87 300.933413  -3.255315    12.389    12.348  9 55517.71592418 17.034
  88 300.932337  -3.255139    10.926    10.688  9 55527.63157403 20.040
  89 300.931148  -3.254185     9.321     9.319  9 55537.54722179 31.502
  90 300.930115  -3.255353    12.519    11.617  9 55547.46286772 22.110
  91 300.928067  -3.255681    10.670    10.580  9 55557.37851139 49.613
  92 300.927434  -3.256491    15.124    14.998  8 55567.29415419 21.283
  93 300.928950  -3.256312    11.737    11.724  8 55577.20979602 33.267
  94 300.931337  -3.255030    12.806    12.196  9 55587.12543559 23.806
  95 300.934170  -3.253895    13.047    13.103 10 55597.04107205 31.843
  96 300.935773  -3.253481    13.785    13.713 10 55606.95670570 36.422
  97 300.936776  -3.253036    14.846    14.797  9 55616.87233755 37.380
  98 300.935135  -3.252896    15.722    15.665  9 55626.78798143 37.961
  99 300.933182  -3.253594    16.209    16.232  9 55636.70363361 39.646
 100 300.932447  -3.253944    16.416    16.288  9 55646.61928384 34.864
 101 300.931925  -3.254680    16.960    17.120  9 55656.53493136 32.871
 102 300.931618  -3.256144    17.535    17.353  9 55666.45057452 32.244
 103 300.930690  -3.255510    18.424    18.433  8 55676.36621397 39.569
 104 300.931329  -3.255877    18.819    18.807  9 55686.28185162 36.511
 105 300.932840  -3.253894    19.083    19.066  9 55696.19748750 42.362
 106 300.936401  -3.252802    19.519    19.520 10 55706.11312239 41.362
 107 300.935553  -3.252792    19.873    19.812  9 55716.02877105 49.710
 108 300.933542  -3.254423    19.592    19.499  9 55725.94441944 37.002
 109 300.930906  -3.254290    19.607    19.614  9 55735.86006582 36.413
 110 300.929934  -3.256052    19.491    19.380  9 55745.77571166 37.586
 111 300.929779  -3.255347    19.310    19.357  8 55755.69135548 31.341
 112 300.932051  -3.255979    18.847    18.882  9 55765.60699742 33.540
 113 300.933908  -3.255243    18.309    18.237  9 55775.52263624 32.043
 114 300.934115  -3.252681    18.123    18.138  9 55785.43827142 45.922
 115 300.935738  -3.254022    16.967    16.865  9 55795.35390520 32.399
 116 300.936048  -3.253108    16.044    16.021 10 55805.26954376 43.856
 117 300.935189  -3.253256    14.048    13.672  9 55815.18519249 35.770
 118 300.935828  -3.253726    13.091    13.206  9 55825.10083884 27.801
 119 300.936680  -3.254026    13.711    13.739  9 55835.01648064 20.867
 120 300.937035  -3.253740    10.511     9.933  9 55844.93211878 25.094
 121 300.937475  -3.252641    13.468    14.062 10 55854.84775425 22.394
 122 300.937422  -3.252834    12.622    13.251 10 55864.76339404 22.628
 123 300.933911  -3.252748    12.097    12.467  9 55874.67904740 23.010
 124 300.933854  -3.254655     9.503     9.548  9 55884.59469603 30.727
 125 300.934088  -3.253789     9.974     9.950  9 55894.51033810 39.216
 126 300.935680  -3.252744    10.862    10.805  9 55904.42597480 24.791
 127 300.935974  -3.253857    11.428    11.494  9 55914.34161536 30.253
 128 300.932037  -3.255140    12.566    12.105  9 55924.25726927 25.639
 129 300.929957  -3.254763    13.566    13.202  9 55934.17291968 29.226
 130 300.930245  -3.255852    13.947    13.545  9 55944.08856599 28.779
 131 300.930490  -3.254768    15.520    15.314  9 55954.00420750 28.861
 132 300.931172  -3.255766    16.024    16.015  9 55963.91984674 34.819
 133 300.931457  -3.255989    16.660    16.838  9 55973.83548441 33.529
 134 300.933131  -3.255015    17.435    17.356  9 55983.75112102 36.481
 135 300.936638  -3.252765    17.900    17.750  9 55993.66675550 34.759
 136 300.935760  -3.254190    18.440    18.354  9 56003.58240649 29.562
 137 300.932736  -3.253319    19.218    19.205  9 56013.49805563 35.257
 138 300.930483  -3.255289    19.280    19.108  8 56023.41370192 38.024
 139 300.928932  -3.255877    20.330    20.352  9 56033.32934517 52.544
 140 300.929648  -3.255638    20.604    20.582  9 56043.24498609 51.148
 141 300.932009  -3.255675    20.540    20.416  9 56053.16062439 37.317
 142 300.934465  -3.252635    20.837    20.682  9 56063.07625879 36.997
 143 300.935355  -3.252275    20.646    20.650  9 56072.99189961 36.475
 144 300.932819  -3.254530    20.808    20.821  9 56082.90754953 34.753
 145 300.930588  -3.254136    20.693    20.653  9 56092.82319669 34.923
 146 300.930374  -3.254502    20.500    20.415  9 56102.73884215 37.730
 147 300.931478  -3.255605    20.239    20.209  9 56112.65447363 38.670
 148 300.933002  -3.254799    19.801    19.794  9 56122.57011267 37.282
 149 300.935414  -3.254465    19.772    19.700  9 56132.48574805 50.177
 150 300.935918  -3.253134    19.104    19.010  9 56142.40138477 43.741
 151 300.933045  -3.254512    18.475    18.509  9 56152.31703526 40.111
 152 300.931783  -3.255285    17.276    17.393  9 56162.23268397 36.961
 153 300.931542  -3.253751    16.175    16.121  9 56172.14833027 43.366
 154 300.932841  -3.253407    14.538    14.484  9 56182.06397226 37.387
 155 300.933483  -3.252996    12.392    11.857  9 56191.97961045 30.963
 156 300.933923  -3.253428    11.806    11.416  9 56201.89524629 31.807
 157 300.935732  -3.253440    12.893    12.161  9 56211.81088053 25.583
 158 300.938917  -3.251859     9.061     9.040 10 56221.72651292 28.572
 159 300.937176  -3.253241     9.111     9.087  9 56231.64216712 31.915
 160 300.934747  -3.253486    10.072     9.552  9 56241.55782011 23.699
 161 300.932777  -3.255383     9.240     8.757  9 56251.47346928 29.682
 162 300.931705  -3.256139     8.422     8.413  9 56261.38911347 36.117
 163 300.931219  -3.254685     9.870     9.587  9 56271.30475484 26.751
 164 300.932262  -3.254147    13.642    13.981  9 56281.22039536 21.854
 165 300.931236  -3.256117    13.708    13.722  9 56291.13604773 22.698
 166 300.929910  -3.255717    14.861    15.010  8 56301.05169515 21.688
 167 300.929123  -3.255888    15.370    15.742  9 56310.96733859 24.577
 168 300.928758  -3.256054    15.410    15.062  9 56320.88298013 24.573
 169 300.929001  -3.255730    14.902    14.904  8 56330.79862124 30.236
 170 300.930750  -3.255263    15.912    15.464  8 56340.71426206 31.366
 171 300.933583  -3.253719    16.355    16.401  9 56350.62990059 35.077
 172 300.935738  -3.253575    17.494    17.546  9 56360.54553942 39.143
 173 300.931986  -3.254307    17.716    17.785  9 56370.46118958 38.441
 175 300.926970  -3.256932    18.556    18.491  8 56390.29248191 36.608
 176 300.928187  -3.255991    19.033    18.983  8 56400.20812471 38.010
 177 300.930982  -3.255445    19.628    19.537  9 56410.12376494 43.209
 178 300.934206  -3.254594    19.833    19.827  9 56420.03940040 35.049
 179 300.935478  -3.252815    20.094    20.033  9 56429.95503585 36.527
 180 300.931408  -3.255716    20.087    20.115  9 56439.87068904 35.211
 181 300.928447  -3.256090    20.398    20.467  8 56449.78633955 34.650
 182 300.927875  -3.255557    20.395    20.309  9 56459.70198808 40.787
 183 300.928528  -3.255969    20.288    20.302  8 56469.61763367 38.687
 184 300.929240  -3.255430    20.074    20.035  9 56479.53327519 38.496
 185 300.930539  -3.255932    20.069    20.029  9 56489.44891295 46.141
 186 300.932113  -3.254835    19.600    19.592  8 56499.36454764 42.092
 187 300.935166  -3.253185    18.549    18.439  9 56509.28018081 40.321
 188 300.937237  -3.252300    17.990    17.899  9 56519.19582118 37.632
 189 300.936066  -3.254177    17.269    17.125  9 56529.11147466 33.557
 190 300.934257  -3.252998    16.787    16.629  9 56539.02712336 33.714
 191 300.932949  -3.255440    16.223    16.297  9 56548.94276873 31.696
 192 300.930686  -3.256041    15.712    15.220  9 56558.85841147 29.836
 193 300.929994  -3.255968    15.065    15.295  9 56568.77405364 30.756
 194 300.931398  -3.254722    14.209    13.266  9 56578.68969471 26.599
 195 300.935378  -3.253406    12.831    12.530 10 56588.60533238 25.274
 196 300.936760  -3.253761    11.625    11.630  9 56598.52097640 29.580
 197 300.933062  -3.254586    14.746    14.965  9 56608.43662782 20.348
 198 300.930455  -3.255640    14.018    13.408  9 56618.35227423 24.399
 199 300.929898  -3.255865    13.448    12.722  8 56628.26791719 24.753
 200 300.931827  -3.255170    13.708    13.376  9 56638.18355706 28.369
 201 300.933997  -3.255027    14.146    13.512  9 56648.09920030 27.563
 202 300.931718  -3.254832    13.870    13.861  8 56658.01485159 30.015
 203 300.929660  -3.255638    16.646    16.856  8 56667.93049902 23.423
 204 300.928318  -3.256219    16.088    16.373  8 56677.84614428 29.405
 205 300.928585  -3.256534    15.357    14.911  8 56687.76178859 30.956
 206 300.929866  -3.254491    16.043    15.675  9 56697.67743042 34.160
 207 300.933371  -3.254248    16.246    16.256  9 56707.59306824 34.202
 208 300.935118  -3.253280    16.987    16.933  9 56717.50870517 41.122
 209 300.930683  -3.255404    17.369    17.389  8 56727.42435856 31.720
 210 300.926844  -3.256260    17.911    17.859  8 56737.34000741 34.828
 211 300.925823  -3.257054    18.470    18.516  8 56747.25565266 34.537
 212 300.928363  -3.256438    19.268    19.258  8 56757.17129332 37.703
 213 300.932952  -3.254166    19.404    19.353  9 56767.08692788 37.081
 214 300.933547  -3.253214    19.821    19.682  9 56777.00257067 38.342
 215 300.929433  -3.255802    20.178    20.226  8 56786.91822673 36.269
 216 300.924952  -3.257004    20.529    20.505  9 56796.83387915 41.730
 217 300.923210  -3.258197    20.835    20.871  8 56806.74952701 37.791
 218 300.924821  -3.257044    20.794    20.734  8 56816.66516859 35.783
 219 300.927613  -3.255203    20.724    20.729  8 56826.58080664 40.648
 220 300.931343  -3.255125    20.636    20.803  9 56836.49644173 37.472
 221 300.934529  -3.253969    20.646    20.680  9 56846.41207323 37.327
 222 300.932423  -3.254648    20.571    20.547  8 56856.32772208 35.195
 223 300.930041  -3.255149    20.191    20.241  8 56866.24337490 39.556
 224 300.928851  -3.255687    19.827    19.813  9 56876.15902653 40.619
 225 300.927885  -3.255315    19.572    19.580  8 56886.07467487 39.925
 226 300.927006  -3.255060    18.528    18.491  8 56895.99032045 37.706
 227 300.925908  -3.255491    17.837    17.821  8 56905.90596328 36.348
 228 300.925431  -3.256734    17.148    16.821  8 56915.82160451 32.756
 229 300.926438  -3.255594    15.931    15.582  8 56925.73724376 29.280
 230 300.930018  -3.254615    14.378    14.383  9 56935.65288032 34.829
 231 300.935963  -3.253958    13.517    13.342  9 56945.56851195 32.527
 232 300.934373  -3.254462    12.658    12.634  9 56955.48416375 32.138
 233 300.931422  -3.255330    13.112    12.885  9 56965.39981335 27.842
 234 300.929414  -3.255635    15.306    15.644  9 56975.31545819 24.124
 235 300.929665  -3.254783    14.608    13.819  9 56985.23109838 27.144
 236 300.933374  -3.253715    12.885    12.686  9 56995.14673333 28.635
 237 300.936001  -3.253407    13.679    13.194  9 57005.06237441 23.995
 238 300.933230  -3.254914    13.304    13.000  9 57014.97802960 32.421
 239 300.930008  -3.254565    15.001    15.353  9 57024.89368013 29.442
 240 300.928371  -3.255495    14.619    14.137  9 57034.80932911 18.896
 241 300.928552  -3.255860    15.806    16.435  9 57044.72497581 31.512
 242 300.929853  -3.255594    15.509    15.164  8 57054.64061968 35.639
 243 300.931689  -3.254920    15.807    15.782  8 57064.55625867 31.863
 244 300.933837  -3.255237    16.153    16.240  9 57074.47189302 34.458
 245 300.936248  -3.253524    16.613    16.597  9 57084.38752338 36.966
 246 300.933017  -3.254341    17.172    17.312  9 57094.30317574 33.206
 247 300.929666  -3.255778    17.981    17.957  8 57104.21883221 32.003
 248 300.928477  -3.255616    18.316    18.347  8 57114.13448419 34.379
 249 300.929232  -3.256025    18.853    18.912  9 57124.05013029 42.680
 250 300.929500  -3.254991    19.363    19.396  9 57133.96577071 37.398
 251 300.931287  -3.254955    19.904    19.888  8 57143.88140714 36.346
 252 300.933181  -3.253001    20.123    20.084  9 57153.79704076 38.140
 253 300.936007  -3.253246    20.544    20.487 10 57163.71267685 38.112
 254 300.933240  -3.255355    20.840    20.823  9 57173.62833420 39.464
 255 300.931105  -3.255689    20.808    20.799  9 57183.54398794 35.809
 256 300.929393  -3.255805    20.712    20.763  9 57193.45963770 40.375
 257 300.928118  -3.256346    21.014    20.980  8 57203.37528491 46.596
 258 300.927650  -3.255926    20.596    20.620  8 57213.29091836 38.470
 259 300.928959  -3.255238    20.325    20.337  8 57223.20656159 37.236
 260 300.931129  -3.255239    20.127    20.137  8 57233.12220326 37.041
 261 300.932469  -3.254129    19.740    19.735  9 57243.03784177 37.912
 262 300.933838  -3.254091    19.272    19.358 10 57252.95347803 41.876
 263 300.935374  -3.253754    18.453    18.627  9 57262.86911289 35.141
 264 300.937099  -3.252468    17.721    17.836  9 57272.78474906 34.059
 265 300.934463  -3.253609    16.920    16.972  9 57282.70040663 33.757
 266 300.932695  -3.254625    15.619    15.456  9 57292.61606186 36.514
 267 300.930702  -3.254922    13.578    13.563  9 57302.53171355 36.581
 268 300.928750  -3.255181    13.153    12.702  9 57312.44736145 25.473
 269 300.927121  -3.256029     8.967     8.345  8 57322.36300604 30.151
 270 300.927256  -3.257029     8.569     8.536  8 57332.27864846 33.293
 271 300.928691  -3.255528    10.199     9.514  9 57342.19428829 26.633
 272 300.927425  -3.255842    12.124    11.578  8 57352.10993979 21.182
 273 300.928272  -3.255606     9.519     9.609  9 57362.02558398 26.080
 274 300.929464  -3.256112    11.226    11.718  8 57371.94122522 22.000
 275 300.929897  -3.254696    10.841    10.070  9 57381.85686440 22.367
 276 300.931867  -3.254348    13.683    13.820  9 57391.77250362 21.639
 277 300.935436  -3.254401    11.033    11.077  9 57401.68814226 25.325
 278 300.936905  -3.253416    11.946    11.776  9 57411.60378481 35.753
 279 300.933611  -3.253715    12.110    12.171  9 57421.51943717 28.171
 280 300.930027  -3.255556    11.728    11.704  9 57431.43508706 24.762
 281 300.927278  -3.256100    11.781    11.757  8 57441.35073457 34.935
 282 300.927009  -3.255713    12.818    12.285  8 57451.26638099 31.787
 283 300.928407  -3.255477    15.281    15.749  8 57461.18202583 38.413
 284 300.931293  -3.254930    14.819    14.885  9 57471.09766721 46.723
 285 300.933951  -3.255308    15.626    15.457  9 57481.01330477 31.876
 286 300.934995  -3.254260    16.155    16.106  9 57490.92893885 33.661
 287 300.937130  -3.253743    16.720    16.720  9 57500.84457140 36.413
 288 300.935794  -3.253195    17.427    17.447 10 57510.76021828 43.696
 289 300.933495  -3.255578    17.434    17.386  9 57520.67587443 34.038
 290 300.931520  -3.254907    17.635    17.587  8 57530.59152745 34.857
 291 300.930178  -3.255056    18.040    18.049  8 57540.50717734 40.357
 292 300.929033  -3.255817    18.060    17.973  8 57550.42282441 35.599
 293 300.927815  -3.255494    18.481    18.427  9 57560.33846954 42.301
 294 300.927732  -3.255145    18.370    18.250  8 57570.25411402 40.275
 295 300.929184  -3.255308    17.897    17.843  8 57580.16975835 31.838
 296 300.931324  -3.255666    17.637    17.733  9 57590.08540105 33.301
 297 300.931781  -3.254477    17.948    17.990  9 57600.00104061 46.910
