#   20.007  -1.037   4.910 ;Mean Elev.(m), Avg Gradient(m/km), RMS Gradient(m/km) - SRTM1     
#   20.128  -0.834   5.271 ;Mean Elev.(m), Avg Gradient(m/km), RMS Gradient(m/km) - ASTER GDEM
#   20.597  -1.099   5.239 ;Mean Elev.(m), Avg Gradient(m/km), RMS Gradient(m/km) - GMTED2010 
   1 296.893811  -4.081955    29.824    29.740  4 54668.44328599 29.510
   2 296.893156  -4.080773    29.813    29.873  4 54678.35893010 35.164
   3 296.894317  -4.080877    -4.879    -4.882  4 54688.27457276 18.267
   4 296.897199  -4.081807    27.128    27.126  4 54698.19021344 35.538
   6 296.896659  -4.080596    22.264    20.241  4 54718.02150728 31.313
   7 296.893140  -4.079983    12.939    13.273  4 54727.93715625 22.715
   8 296.889579  -4.079863    27.146    28.686  4 54737.85280392 23.721
   9 296.887435  -4.079802    20.829    21.761  5 54747.76845166 25.542
  10 296.886639  -4.079958    18.291    17.444  5 54757.68409915 28.530
  11 296.887789  -4.079217    19.588    20.379  5 54767.59974492 28.710
  12 296.888838  -4.080358    21.270    22.268  4 54777.51538693 22.226
  13 296.889830  -4.080229    22.443    22.711  4 54787.43102659 27.570
  14 296.890474  -4.080580    24.128    24.119  5 54797.34666476 46.790
  15 296.892916  -4.080239    24.716    24.723  4 54807.26230283 46.247
  16 296.896394  -4.080513    25.332    25.360  4 54817.17794027 32.292
  17 296.895592  -4.080871    26.620    25.913  4 54827.09358926 29.757
  18 296.892502  -4.080016    28.126    28.896  4 54837.00922830 26.224
  19 296.888341  -4.079988    28.060    28.724  5 54846.92487756 24.403
  20 296.886253  -4.078350    26.783    27.456  5 54856.84052700 29.695
  21 296.885597  -4.077866    28.909    28.980  5 54866.75617644 26.453
  22 296.885980  -4.077384    29.037    29.045  5 54876.67182540 28.298
  23 296.886159  -4.079568    29.278    29.211  5 54886.58747071 27.621
  24 296.885831  -4.078856    29.553    29.461  5 54896.50311295 28.281
  25 296.885011  -4.077591    30.007    29.904  5 54906.41875229 33.263
  26 296.884957  -4.078431    30.725    30.739  5 54916.33438974 32.529
  27 296.886334  -4.080270    30.853    30.836  5 54926.25002682 38.124
  28 296.889742  -4.080918    31.581    31.494  4 54936.16566365 42.370
  29 296.893859  -4.081756    31.670    31.664  4 54946.08129865 32.742
  30 296.898440  -4.081210    31.910    31.929  4 54955.99693145 33.715
  31 296.895911  -4.081336    31.804    31.707  3 54965.91257922 32.327
  32 296.893452  -4.080638    32.009    32.049  4 54975.82822701 29.592
  33 296.891693  -4.081454    31.942    31.984  4 54985.74387456 29.594
  34 296.892174  -4.080455    32.170    32.112  4 54995.65952271 32.089
  35 296.892005  -4.080764    32.476    32.456  4 55005.57516896 32.027
  36 296.890698  -4.081588    32.174    32.169  4 55015.49081258 30.049
  37 296.889650  -4.080815    32.433    32.433  4 55025.40645497 33.045
  38 296.889414  -4.080044    32.293    32.376  5 55035.32209672 48.640
  39 296.890692  -4.081772    31.796    31.812  4 55045.23773730 43.810
  40 296.895109  -4.080762    30.983    30.952  4 55055.15337697 33.346
  41 296.897740  -4.082490    30.381    30.390  4 55065.06901375 41.248
  42 296.895300  -4.081907    29.987    30.145  4 55074.98466115 25.453
  43 296.891167  -4.080881    29.877    29.863  5 55084.90030898 28.277
  44 296.888326  -4.079775    29.662    29.738  4 55094.81595569 26.564
  45 296.887534  -4.079572    26.499    29.020  4 55104.73160234 29.942
  46 296.887869  -4.079885    24.977    25.159  5 55114.64724878 30.936
  47 296.888830  -4.080127    29.205    29.106  5 55124.56289285 23.271
  48 296.889504  -4.080557    24.771    24.802  5 55134.47853397 28.887
  49 296.890009  -4.080265    27.211    28.569  5 55144.39417283 26.708
  50 296.890259  -4.081153    28.881    28.899  4 55154.30981050 18.985
  51 296.891961  -4.081023    20.548    20.539  3 55164.22544876 45.363
  52 296.894362  -4.082535    21.589    21.622  4 55174.14108652 27.395
  53 296.897497  -4.081764    20.511    20.478  4 55184.05672574 32.098
  54 296.894020  -4.082417    28.527    28.389  4 55193.97237658 23.277
  55 296.890380  -4.080413    27.066    27.094  4 55203.88802688 26.546
  56 296.887794  -4.079239    29.460    29.449  5 55213.80367663 23.002
  57 296.886870  -4.078765    28.784    28.793  5 55223.71932595 23.733
  58 296.886972  -4.078559    28.676    28.837  5 55233.63497372 23.103
  59 296.887248  -4.080374    27.917    27.767  5 55243.55061771 22.503
  60 296.886892  -4.079467    31.049    29.547  5 55253.46625880 24.219
  61 296.885430  -4.079576    27.655    27.661  5 55263.38189718 32.952
  62 296.885846  -4.079595    27.669    27.713  5 55273.29753451 39.310
  63 296.888656  -4.079886    28.269    28.080  4 55283.21317160 30.193
  64 296.892203  -4.082096    28.314    28.314  4 55293.12880703 40.337
  65 296.895764  -4.081673    29.152    29.084  4 55303.04444323 27.831
  66 296.894323  -4.080113    29.388    29.323  4 55312.96009068 29.430
  67 296.891953  -4.081345    29.847    29.897  4 55322.87573553 27.358
  68 296.891035  -4.080417    29.698    29.683  4 55332.79137992 33.162
  69 296.890296  -4.081353    30.471    30.525  4 55342.70702388 28.966
  70 296.890781  -4.081697    30.667    30.659  4 55352.62266777 28.621
  71 296.892146  -4.080821    30.381    30.399  4 55362.53830970 34.328
  72 296.892677  -4.081139    30.660    30.645  4 55372.45394914 28.975
  73 296.893577  -4.081169    30.468    30.508  4 55382.36958710 43.145
  74 296.894645  -4.082308    30.016    30.021  4 55392.28522395 24.563
  75 296.898290  -4.081097    28.862    28.780  4 55402.20086004 42.834
  76 296.897067  -4.081391    27.942    27.868  3 55412.11651026 31.616
  77 296.895278  -4.080719    27.025    26.142  4 55422.03215934 30.056
  78 296.892694  -4.080891    29.161    29.253  4 55431.94780564 25.128
  79 296.889918  -4.080355    29.252    29.276  4 55441.86345032 20.576
  80 296.888477  -4.080440    29.219    28.764  5 55451.77909375 22.293
  81 296.889314  -4.080545    18.376    18.371  4 55461.69473671 26.759
  82 296.891659  -4.080021    21.440    18.946  4 55471.61037844 20.078
  83 296.893212  -4.081437    17.064    17.052  4 55481.52601673 26.806
  84 296.894494  -4.081766    16.523    16.509  4 55491.44165272 23.691
  85 296.896603  -4.080804    17.411    17.441  4 55501.35728689 21.998
  86 296.895664  -4.081014    17.481    17.440  4 55511.27293035 34.225
  87 296.893411  -4.082006    18.108    18.735  4 55521.18857942 29.748
  88 296.892114  -4.082097    20.765    20.751  4 55531.10422761 35.948
  89 296.891704  -4.080189    21.116    21.082  4 55541.01987484 29.631
  90 296.890171  -4.081431    21.681    21.654  4 55550.93551941 19.546
  91 296.889442  -4.079611    19.373    19.660  4 55560.85116336 27.013
  92 296.889362  -4.080082    21.598    21.611  5 55570.76680625 26.301
  93 296.890496  -4.080443    22.199    22.217  4 55580.68244823 28.194
  94 296.892199  -4.081132    23.286    22.009  4 55590.59808719 22.119
  95 296.894499  -4.081415    20.407    20.354  3 55600.51372293 27.027
  96 296.896170  -4.081936    25.094    25.115  4 55610.42935605 37.388
  97 296.898611  -4.080744    25.639    25.651  4 55620.34498801 34.571
  98 296.895197  -4.081327    26.417    26.336  4 55630.26063869 34.140
  99 296.893969  -4.081281    26.675    26.559  4 55640.17628897 41.518
 100 296.894087  -4.080083    26.939    26.952  4 55650.09193713 40.802
 101 296.893213  -4.080068    27.727    27.731  4 55660.00758163 41.076
 102 296.891677  -4.080844    27.189    27.366  4 55669.92322258 32.501
 103 296.891900  -4.079912    29.402    29.419  4 55679.83886231 25.061
 104 296.893242  -4.082077    29.564    29.586  4 55689.75449976 25.507
 105 296.896782  -4.080847    30.262    30.225  4 55699.67013651 25.854
 106 296.898249  -4.082295    30.722    30.691  4 55709.58577502 29.631
 107 296.895623  -4.081440    30.949    30.862  4 55719.50142528 31.709
 108 296.892884  -4.081145    31.227    31.211  3 55729.41707290 35.332
 109 296.891262  -4.082045    31.458    31.514  4 55739.33271878 29.669
 110 296.891892  -4.079805    31.362    31.310  4 55749.24836419 35.242
 111 296.892498  -4.080783    31.220    31.182  4 55759.16400658 34.718
 112 296.893382  -4.082106    30.721    30.701  4 55769.07964619 27.843
 113 296.894944  -4.080997    30.171    30.115  4 55778.99528331 28.390
 114 296.896072  -4.081732    29.112    29.159  4 55788.91091775 29.981
 115 296.898395  -4.081319    28.662    29.410  3 55798.82655160 28.037
 116 296.897653  -4.080727    28.021    29.517  4 55808.74219776 27.044
 117 296.896587  -4.081554    17.678    17.530  3 55818.65784694 31.240
 118 296.897038  -4.081477    22.429    19.516  3 55828.57349224 26.073
 119 296.897154  -4.081608    18.929    18.976  4 55838.48913295 28.043
 120 296.896825  -4.081404    21.169    21.089  4 55848.40477043 29.976
 121 296.897757  -4.081745    22.193    22.178  3 55858.32040552 39.059
 122 296.896773  -4.081340    25.211    24.968  4 55868.23605230 22.764
 123 296.895665  -4.081278    20.410    20.424  4 55878.15170375 35.699
 124 296.895928  -4.080550    20.964    21.020  4 55888.06734898 32.940
 125 296.895991  -4.081472    22.506    22.445  3 55897.98298834 25.380
 126 296.897394  -4.082011    22.786    22.809  4 55907.89862310 23.646
 127 296.894836  -4.081756    22.213    22.682  4 55917.81427107 30.274
 128 296.891874  -4.082035    25.336    25.351  4 55927.72992455 25.004
 129 296.891267  -4.081052    30.301    28.529  4 55937.64557503 21.150
 130 296.890790  -4.080278    26.925    27.384  4 55947.56122045 29.008
 131 296.889859  -4.081239    28.796    28.668  4 55957.47686071 24.637
 132 296.890306  -4.080229    29.154    29.075  5 55967.39249869 32.359
 133 296.891580  -4.081030    29.604    29.514  4 55977.30813515 46.045
 134 296.894951  -4.081435    29.931    29.907  4 55987.22377110 41.011
 135 296.898515  -4.080986    30.008    29.995  4 55997.13940960 27.665
 136 296.896717  -4.080597    30.402    30.406  4 56007.05506052 33.281
 137 296.893674  -4.081736    30.892    30.870  4 56016.97070702 29.286
 138 296.890877  -4.081083    31.169    31.202  4 56026.88635121 31.432
 139 296.889623  -4.080655    31.509    31.553  5 56036.80199409 33.055
 140 296.891441  -4.080767    31.863    31.893  5 56046.71763519 33.991
 141 296.894432  -4.081470    32.240    32.254  4 56056.63327338 30.673
 142 296.898723  -4.081402    32.355    32.397  4 56066.54890752 32.584
 143 296.896032  -4.082232    32.477    32.447  4 56076.46455466 30.528
 144 296.892775  -4.080751    32.480    32.479  4 56086.38020334 30.189
 145 296.891021  -4.081431    32.865    32.926  4 56096.29584910 41.466
 146 296.891908  -4.081378    32.594    32.577  4 56106.21149310 43.425
 147 296.894079  -4.080510    32.152    32.180  4 56116.12712296 44.887
 148 296.895979  -4.081430    31.307    31.318  4 56126.04276038 31.610
 149 296.897555  -4.082047    30.957    30.968  4 56135.95839410 29.013
 150 296.896008  -4.082073    29.806    29.787  4 56145.87403688 28.394
 151 296.893967  -4.080492    30.329    30.281  4 56155.78968702 26.148
 152 296.893182  -4.080098    30.219    30.221  4 56165.70533616 25.985
 153 296.892777  -4.082216    26.829    29.173  4 56175.62098256 28.596
 154 296.894286  -4.081275    29.781    29.771  4 56185.53662465 22.408
 155 296.894371  -4.082327    17.720    17.780  4 56195.45226224 29.306
 156 296.895116  -4.081389    28.636    28.606  3 56205.36789711 24.135
 157 296.897037  -4.081536    28.738    28.918  4 56215.28353015 21.670
 158 296.899573  -4.081638    21.440    21.325  4 56225.19916821 47.030
 159 296.897713  -4.082153    21.654    21.730  4 56235.11482328 39.286
 160 296.896316  -4.081007    21.228    21.264  4 56245.03047495 35.425
 161 296.893698  -4.082005    18.773    19.138  4 56254.94612128 28.651
 162 296.892027  -4.082198    17.067    17.181  4 56264.86176406 29.439
 163 296.892386  -4.079912    21.736    21.632  4 56274.77740598 26.995
 164 296.891575  -4.082190    21.878    21.782  4 56284.69305111 27.111
 165 296.891227  -4.080495    29.956    28.317  4 56294.60870296 20.072
 166 296.890337  -4.079567    23.920    24.590  4 56304.52435023 27.885
 167 296.888746  -4.080199    26.520    26.772  4 56314.43999306 24.711
 168 296.888392  -4.079843    27.438    27.340  5 56324.35563384 29.235
 169 296.889650  -4.080417    28.364    28.389  5 56334.27127362 23.460
 170 296.892171  -4.081774    28.644    28.664  4 56344.18691256 47.423
 171 296.896196  -4.080656    28.890    28.894  4 56354.10254985 35.729
 172 296.895607  -4.081756    28.997    29.011  4 56364.01819315 33.060
 173 296.892327  -4.081447    29.876    29.835  4 56373.93384181 23.859
 175 296.888768  -4.079287    30.977    30.916  5 56393.76513248 31.540
 176 296.889823  -4.080583    31.282    31.319  5 56403.68077475 30.355
 177 296.892194  -4.082104    31.628    31.622  4 56413.59641412 29.378
 178 296.896377  -4.082057    31.963    31.931  4 56423.51204885 31.162
 179 296.895895  -4.081525    32.202    32.178  4 56433.42769278 31.490
 180 296.891492  -4.080799    32.627    32.634  4 56443.34334437 34.965
 181 296.889135  -4.079912    32.678    32.665  5 56453.25899350 50.652
 182 296.888851  -4.080010    32.468    32.448  4 56463.17463997 40.713
 183 296.889976  -4.079930    32.125    32.102  4 56473.09028328 38.625
 184 296.891008  -4.081802    31.764    31.755  4 56483.00592291 33.112
 185 296.892890  -4.080251    31.338    31.327  4 56492.92156012 32.301
 186 296.894679  -4.081351    30.681    30.684  3 56502.83719468 27.532
 187 296.898636  -4.081827    30.284    30.281  4 56512.75282817 28.333
 188 296.898356  -4.081819    29.863    29.828  3 56522.66847670 25.365
 189 296.895994  -4.082033    29.937    30.065  4 56532.58412915 24.216
 191 296.891919  -4.080859    27.455    26.843  4 56552.41542270 31.995
 192 296.890682  -4.081056    25.462    25.404  4 56562.33106506 39.619
 193 296.891562  -4.080104    29.599    29.731  4 56572.24670653 24.284
 194 296.893930  -4.080502    23.280    23.237  4 56582.16234605 41.462
 195 296.898163  -4.081774    27.478    28.778  4 56592.07798126 26.455
 196 296.896419  -4.081614    23.725    23.629  3 56601.99363128 27.579
 197 296.893362  -4.081024    29.145    29.142  4 56611.90928098 20.917
 198 296.891237  -4.082034    29.219    28.788  4 56621.82492622 23.299
 199 296.891001  -4.081802    23.850    23.991  4 56631.74056906 21.392
 200 296.893803  -4.080417    28.572    28.489  4 56641.65620829 23.628
 201 296.892662  -4.081517    37.253    37.213  4 56651.57185721 17.568
 202 296.890552  -4.080721    29.517    29.059  5 56661.48750767 19.169
 203 296.888975  -4.079514    27.890    28.042  5 56671.40315482 26.335
 204 296.888306  -4.079452    27.738    27.731  4 56681.31879964 28.190
 205 296.889375  -4.080435    27.718    27.816  4 56691.23444231 42.212
 206 296.892548  -4.080544    28.173    28.113  4 56701.15008167 50.442
 207 296.895782  -4.081447    28.331    28.178  3 56711.06571607 29.240
 208 296.894139  -4.081855    26.871    26.880  4 56720.98135954 31.112
 209 296.890235  -4.080005    28.956    28.871  5 56730.89701147 26.183
 210 296.887667  -4.080542    29.069    29.064  5 56740.81265943 30.093
 211 296.888505  -4.079497    29.878    29.868  5 56750.72830386 28.698
 212 296.890943  -4.081832    30.255    30.282  4 56760.64394266 25.240
 213 296.895648  -4.082136    30.631    30.655  4 56770.55957542 25.516
 214 296.892223  -4.081934    30.984    30.938  4 56780.47522800 27.865
 215 296.888285  -4.080262    31.494    31.409  5 56790.39088269 34.166
 216 296.885420  -4.078332    31.800    31.804  5 56800.30653415 33.201
 217 296.885525  -4.077956    32.017    32.086  5 56810.22217874 32.754
 218 296.887363  -4.079140    32.372    32.371  5 56820.13781823 40.766
 219 296.890204  -4.080742    32.467    32.445  4 56830.05345386 33.875
 220 296.893590  -4.082018    32.077    32.024  4 56839.96908655 33.673
 221 296.896602  -4.081336    32.061    31.998  3 56849.88472107 29.160
 222 296.892897  -4.081360    31.953    31.932  4 56859.80037538 28.115
 223 296.890942  -4.081317    31.495    31.431  4 56869.71602914 30.317
 224 296.890204  -4.080497    30.984    30.984  5 56879.63168068 29.473
 225 296.889147  -4.079687    30.119    30.124  4 56889.54732862 30.180
 226 296.887030  -4.079851    30.040    30.036  5 56899.46297328 25.367
 227 296.885888  -4.078094    29.508    29.482  5 56909.37861596 27.432
 228 296.886746  -4.078054    28.715    29.538  5 56919.29425654 30.455
 229 296.889697  -4.079868    25.256    25.369  4 56929.20989482 30.994
 230 296.894593  -4.080617    29.879    29.909  4 56939.12552906 21.386
 231 296.898027  -4.081519    22.933    23.272  4 56949.04116450 27.170
 232 296.893775  -4.082213    25.101    23.825  4 56958.95681678 27.194
 233 296.891163  -4.080478    28.822    28.707  4 56968.87246477 24.106
 234 296.890679  -4.080351    27.745    28.593  4 56978.78810896 23.887
 235 296.892015  -4.082325    24.683    24.568  4 56988.70374851 24.847
 236 296.896940  -4.081478    28.873    29.108  4 56998.61938273 24.664
 237 296.895066  -4.081563    29.959    30.003  4 57008.53503343 19.301
 238 296.891748  -4.080658    28.561    28.904  4 57018.45068660 21.342
 239 296.889310  -4.080015    29.165    29.222  4 57028.36633629 20.423
 240 296.888396  -4.080127    27.727    27.761  5 57038.28198401 50.427
 241 296.889542  -4.080091    28.284    28.255  4 57048.19762939 29.981
 242 296.891685  -4.081483    28.811    28.758  4 57058.11327077 37.733
 243 296.894142  -4.081722    29.040    29.049  4 57068.02890687 30.760
 244 296.896047  -4.081501    29.207    29.205  3 57077.94453897 27.374
 245 296.897439  -4.081783    29.546    29.536  4 57087.86017273 27.077
 246 296.893084  -4.080046    30.080    30.098  4 57097.77583164 26.309
 247 296.890316  -4.081047    30.641    30.669  4 57107.69148720 27.287
 248 296.890798  -4.080144    30.918    30.982  4 57117.60713834 30.996
 249 296.890724  -4.080730    31.237    31.230  4 57127.52278277 29.992
 250 296.890860  -4.080396    31.546    31.477  4 57137.43842166 32.106
 251 296.892035  -4.081440    31.927    31.938  4 57147.35405616 37.643
 252 296.896023  -4.080887    32.539    32.597  4 57157.26968859 41.981
 253 296.896794  -4.081399    32.690    32.687  3 57167.18533325 32.924
 254 296.894547  -4.080372    32.958    32.960  4 57177.10098904 36.351
 255 296.891929  -4.081266    32.907    32.976  4 57187.01664048 33.063
 256 296.890101  -4.081229    32.864    32.873  4 57196.93228827 33.032
 257 296.889468  -4.079544    33.003    33.021  5 57206.84792315 34.828
 258 296.889363  -4.080134    32.738    32.780  5 57216.76356814 32.723
 259 296.890984  -4.080379    32.620    32.667  4 57226.67921229 31.728
 260 296.893202  -4.080292    32.379    32.380  4 57236.59485445 29.473
 261 296.894535  -4.081401    31.770    31.836  3 57246.51049273 29.420
 262 296.895554  -4.081444    31.240    31.225  3 57256.42612836 31.372
 263 296.896735  -4.081862    30.781    30.747  4 57266.34176255 36.938
 264 296.896610  -4.082532    29.877    29.806  4 57276.25740662 42.709
 265 296.895273  -4.081374    28.145    28.235  3 57286.17306322 37.556
 266 296.893914  -4.081102    29.648    29.672  4 57296.08871681 25.467
 267 296.891821  -4.082212    26.757    28.402  4 57306.00436658 26.868
 268 296.889632  -4.080694    27.397    29.313  5 57315.92001334 25.939
 269 296.887752  -4.079478    22.772    22.309  5 57325.83565710 28.864
 270 296.887922  -4.079939    24.884    24.740  4 57335.75129888 27.175
 271 296.888055  -4.080522    28.076    28.622  5 57345.66694612 24.642
 272 296.888431  -4.079596    22.973    21.674  4 57355.58259445 29.084
 273 296.888689  -4.080231    23.474    22.473  4 57365.49823855 24.273
 274 296.889466  -4.079886    22.807    22.780  4 57375.41387926 23.675
 275 296.891009  -4.079822    23.028    23.051  4 57385.32951782 25.908
 276 296.893216  -4.081449    24.700    24.785  4 57395.24515541 21.995
 277 296.897179  -4.081336    25.315    25.315  4 57405.16079254 23.985
 278 296.896875  -4.081593    24.264    24.994  3 57415.07644057 27.981
 279 296.894032  -4.081811    23.140    23.150  4 57424.99209158 29.655
 280 296.890747  -4.080683    26.818    23.711  4 57434.90774012 19.858
 281 296.888741  -4.079478    24.851    23.898  5 57444.82338719 21.048
 282 296.888281  -4.080047    28.100    28.607  5 57454.73903340 22.735
 283 296.889992  -4.080249    27.144    27.134  4 57464.65467790 26.676
 284 296.893216  -4.080824    28.868    28.859  4 57474.57031862 21.501
 286 296.896483  -4.082219    29.291    29.334  4 57494.40158901 29.889
 287 296.899279  -4.081240    30.263    30.226  3 57504.31722097 48.768
 288 296.895623  -4.080826    30.231    30.282  4 57514.23287524 25.969
 289 296.893485  -4.081464    30.743    30.699  4 57524.14852872 31.679
 290 296.892178  -4.082252    31.047    31.091  4 57534.06418000 33.641
 291 296.890982  -4.081753    30.598    30.513  4 57543.97982860 32.652
 292 296.890155  -4.080410    31.143    31.122  4 57553.89547520 32.416
 293 296.889632  -4.080551    31.132    31.086  5 57563.81112026 31.761
 294 296.890247  -4.079926    30.965    30.953  4 57573.72676517 31.348
 295 296.890828  -4.080752    30.483    30.479  5 57583.64240945 31.576
 296 296.892248  -4.079873    30.234    30.270  4 57593.55805218 30.185
 297 296.892412  -4.081423    29.782    29.756  4 57603.47369187 28.523
