-137258.109    47.846     0.00    2.95
-136968.898    47.561    -0.99    3.12
-136679.687    46.743    -2.83    3.76
-136390.474    46.446    -1.03    3.81
-136101.261    45.934    -1.77    4.30
-135812.046    45.296    -2.21    4.96
-135522.830    44.616    -2.35    5.67
-135233.614    43.000    -5.59    7.52
-134944.396    39.046   -13.67   10.80
-134655.177    36.313    -9.45   11.70
-134365.957    35.546    -2.65   11.43
-134076.736    35.763     0.75   11.83
-133787.514    37.193     4.94   11.31
-133498.292    38.713     5.26   10.89
-133209.068    42.379    12.68    7.81
-132919.843    44.365     6.87    3.98
-132630.617    44.865     1.73    3.23
-132341.390    45.072     0.72    2.95
-132052.162    45.108     0.12    2.42
-131762.932    45.434     1.13    2.26
-131473.702    45.305    -0.45    2.81
-131184.471    45.055    -0.86    2.97
-130895.239    43.975    -3.73    5.32
-130606.006    42.393    -5.47    7.55
-130316.771    40.146    -7.77    9.25
-130027.536    37.579    -8.87    9.77
-129738.299    36.653    -3.20    9.65
-129449.062    36.020    -2.19   10.10
-129159.823    35.457    -1.95    9.87
-128870.584    35.016    -1.52    9.12
-128581.343    35.596     2.00    8.75
-128292.101    36.175     2.00    7.87
-128002.859    36.141    -0.12    8.07
-127713.615    36.175     0.12    8.27
-127424.370    34.881    -4.48    9.22
-127135.124    33.613    -4.38    9.88
-126845.877    30.572   -10.51   10.50
-126556.629    28.881    -5.85    9.97
-126267.380    28.046    -2.89   10.73
-125978.130    28.593     1.89   10.88
-125688.879    27.429    -4.02   11.91
-125399.626    26.146    -4.44   12.05
-125110.373    25.813    -1.15   12.29
-124821.118    25.582    -0.80   11.92
-124531.863    24.745    -2.89   11.70
-124242.606    22.313    -8.41   12.20
-123953.349    20.379    -6.69   11.67
-123664.090    20.124    -0.88   10.50
-123374.830    19.865    -0.90    9.39
-123085.569    18.779    -3.75    8.89
-122796.307    18.439    -1.18    7.66
-122507.044    16.554    -6.52    7.37
-122217.780    14.846    -5.90    6.38
-121928.515    14.338    -1.75    6.73
-121639.248    12.296    -7.06    6.83
-121349.981    11.235    -3.67    6.47
-121060.712    11.610     1.30    7.05
-120771.443    10.271    -4.63    6.56
-120482.172     9.812    -1.58    7.01
-120192.900     8.576    -4.27    6.97
-119903.627     7.903    -2.32    6.76
-119614.354     7.322    -2.01    6.18
-119325.079     7.175    -0.51    4.98
-119035.802     7.780     2.09    4.39
-118746.525    10.072     7.92    5.53
-118457.247    13.417    11.56    6.01
-118167.967    16.055     9.12    5.74
-117878.687    18.900     9.83    4.88
-117589.405    21.079     7.54    3.55
-117300.122    22.406     4.59    2.34
-117010.839    23.386     3.39    1.10
-116721.554    23.761     1.30    0.19
-116432.268    23.796     0.12    0.00
-116142.980    23.796     0.00    0.00
-115853.692    23.796     0.00    0.00
-115564.403    23.796     0.00    0.00
-115275.112    23.796     0.00    0.00
-114985.821    23.796     0.00    0.00
-114696.528    23.661    -0.47    0.60
-114407.234    22.932    -2.52    1.99
-114117.939    21.288    -5.68    4.11
-113828.643    18.641    -9.15    6.44
-113539.346    14.983   -12.65    7.64
-113250.047    11.760   -11.14    7.57
-112960.748     8.508   -11.24    6.17
-112671.447     7.896    -2.11    6.96
-112382.146     9.711     6.27    9.78
-112092.843    13.829    14.23   12.28
-111803.539    17.589    13.00   12.71
-111514.234    22.572    17.22   12.80
-111224.928    28.762    21.40   10.38
-110935.620    32.305    12.24    7.13
-110646.312    34.683     8.22    5.37
-110357.002    36.868     7.55    3.56
-110067.692    37.596     2.52    2.50
-109778.380    38.200     2.09    2.43
-109489.067    38.506     1.06    2.57
-109199.752    38.696     0.66    3.25
-108910.437    39.118     1.46    3.44
-108621.121    38.710    -1.41    3.53
-108331.803    38.921     0.73    3.72
-108042.484    39.157     0.81    3.65
-107753.165    38.932    -0.78    3.42
-107463.844    38.714    -0.75    3.02
-107174.521    38.864     0.52    2.76
-106885.198    38.689    -0.60    2.83
-106595.874    38.813     0.43    3.08
-106306.548    38.969     0.54    3.19
-106017.221    38.679    -1.00    3.26
-105727.893    38.796     0.40    3.19
-105438.564    38.762    -0.12    3.51
-105149.234    38.658    -0.36    3.59
-104859.903    38.106    -1.91    3.59
-104570.570    37.370    -2.55    3.67
-104281.236    36.934    -1.51    3.61
-103991.901    36.813    -0.42    3.37
-103702.565    36.365    -1.55    3.21
-103413.228    36.147    -0.75    2.81
-103123.890    35.941    -0.71    3.02
-102834.550    36.146     0.71    2.90
-102545.210    35.513    -2.19    3.66
-102255.868    35.743     0.79    3.55
-101966.525    35.624    -0.41    3.52
-101677.180    35.613    -0.04    3.48
-101387.835    35.969     1.23    3.19
-101098.488    36.632     2.29    2.88
-100809.141    36.675     0.15    3.12
-100519.792    36.469    -0.72    3.29
-100230.442    36.305    -0.57    3.41
 -99941.090    36.525     0.76    3.30
 -99651.738    36.513    -0.04    3.16
 -99362.384    36.882     1.28    3.16
 -99073.029    36.881    -0.01    3.17
 -98783.673    36.921     0.14    3.31
 -98494.316    36.779    -0.49    3.45
 -98204.958    36.129    -2.25    3.80
 -97915.598    35.879    -0.86    3.69
 -97626.238    35.534    -1.19    3.66
 -97336.876    35.743     0.72    3.72
 -97047.512    36.271     1.83    3.67
 -96758.148    37.193     3.19    3.44
 -96468.783    37.599     1.41    3.27
 -96179.416    38.075     1.64    2.89
 -95890.048    38.038    -0.13    3.47
 -95600.679    37.546    -1.70    3.89
 -95311.308    37.582     0.12    4.15
 -95021.937    37.845     0.91    4.00
 -94732.564    37.813    -0.11    3.99
 -94443.190    37.896     0.29    3.54
 -94153.815    38.038     0.49    3.36
 -93864.439    38.129     0.32    3.07
 -93575.061    38.101    -0.10    2.91
 -93285.682    37.624    -1.65    2.72
 -92996.302    37.538    -0.30    2.63
 -92706.921    37.745     0.72    2.49
 -92417.539    37.778     0.11    2.53
 -92128.155    38.033     0.88    2.59
 -91838.770    38.434     1.38    2.38
 -91549.384    38.517     0.29    2.36
 -91259.997    38.020    -1.72    2.38
 -90970.609    37.951    -0.24    2.83
 -90681.219    37.555    -1.37    2.70
 -90391.828    37.262    -1.01    2.80
 -90102.436    36.179    -3.74    3.94
 -89813.042    34.932    -4.31    4.78
 -89523.648    34.679    -0.87    4.78
 -89234.252    34.153    -1.82    4.86
 -88944.855    33.227    -3.20    5.22
 -88655.457    32.263    -3.33    5.26
 -88366.057    30.677    -5.48    6.05
 -88076.656    30.237    -1.52    5.82
 -87787.254    29.814    -1.46    5.28
 -87497.851    29.038    -2.68    5.14
 -87208.623    28.864    -0.60    4.90
 -86919.485    28.322    -1.88    4.41
 -86630.346    27.546    -2.68    4.55
 -86341.205    26.727    -2.83    5.19
 -86052.064    25.983    -2.58    5.16
 -85762.921    24.796    -4.10    4.79
 -85473.776    24.457    -1.17    4.49
 -85184.631    25.058     2.08    4.85
 -84895.484    25.694     2.20    5.07
 -84606.336    27.063     4.73    4.36
 -84317.187    27.849     2.72    3.66
 -84028.037    28.169     1.11    3.68
 -83738.885    28.474     1.06    4.27
 -83449.732    28.661     0.64    4.40
 -83160.578    28.651    -0.03    4.41
 -82871.422    28.653     0.01    4.63
 -82582.266    29.263     2.11    4.52
 -82293.108    30.498     4.27    4.69
 -82003.949    31.957     5.05    4.41
 -81714.788    32.296     1.17    4.48
 -81425.626    33.013     2.48    4.91
 -81136.463    33.520     1.75    4.64
 -80847.299    32.691    -2.87    5.48
 -80558.134    31.646    -3.61    6.15
 -80268.967    30.813    -2.88    6.27
 -79979.799    29.599    -4.20    6.35
 -79690.630    28.813    -2.72    5.82
 -79401.459    28.207    -2.10    5.20
 -79112.287    28.898     2.39    4.95
 -78823.114    30.020     3.88    4.20
 -78533.940    31.026     3.48    3.26
 -78244.764    31.322     1.02    2.96
 -77955.587    30.813    -1.76    3.17
 -77666.409    29.934    -3.04    3.88
 -77377.229    28.055    -6.50    5.27
 -77088.049    26.944    -3.84    5.74
 -76798.867    25.915    -3.56    5.88
 -76509.683    24.677    -4.28    5.87
 -76220.499    24.141    -1.86    5.54
 -75931.313    23.848    -1.01    5.32
 -75642.126    24.009     0.56    5.18
 -75352.937    23.079    -3.22    4.73
 -75063.748    23.206     0.44    4.64
 -74774.557    23.498     1.01    4.62
 -74485.364    23.434    -0.22    4.70
 -74196.171    22.863    -1.98    5.18
 -73906.976    21.382    -5.12    5.97
 -73617.780    20.698    -2.37    6.41
 -73328.582    19.658    -3.59    7.11
 -73039.383    17.525    -7.38    8.20
 -72750.183    15.760    -6.10    8.87
 -72460.982    14.063    -5.87    9.62
 -72171.779    12.255    -6.25    9.76
 -71882.575    10.520    -6.00    9.60
 -71593.370     9.457    -3.68    9.51
 -71304.163     8.112    -4.65    9.17
 -71014.955     7.020    -3.77    8.78
 -70725.746     6.063    -3.31    8.45
 -70436.536     5.050    -3.50    7.82
 -70147.324     5.190     0.48    8.30
 -69858.111     4.332    -2.97    7.76
 -69568.896     4.596     0.91    8.01
 -69279.681     4.638     0.15    8.07
 -68990.464     4.370    -0.93    7.61
 -68701.245     4.681     1.08    7.66
 -68412.026     4.400    -0.97    7.49
 -68122.805     5.711     4.54    8.65
 -67833.582     6.171     1.59    8.69
 -67544.359     6.911     2.56    8.94
 -67255.134     7.915     3.47    8.93
 -66965.908     8.419     1.74    8.83
 -66676.680     9.677     4.35    8.89
 -66387.451    11.796     7.33    8.84
 -66098.221    13.146     4.67    8.85
 -65808.989    15.296     7.43    8.45
 -65519.756    16.963     5.76    7.56
 -65230.522    19.213     7.78    6.61
 -64941.286    20.884     5.78    5.15
 -64652.050    21.969     3.75    3.37
 -64362.811    21.451    -1.79    3.87
 -64073.572    21.026    -1.47    4.42
 -63784.331    20.951    -0.26    4.32
 -63495.089    19.863    -3.76    5.06
 -63205.845    18.710    -3.99    5.12
 -62916.600    18.975     0.92    5.18
 -62627.354    18.941    -0.12    5.70
 -62338.106    20.213     4.40    5.34
 -62048.857    19.957    -0.88    5.69
 -61759.607    19.635    -1.11    5.79
 -61470.355    18.882    -2.60    6.12
 -61181.102    18.152    -2.52    6.01
 -60891.848    18.141    -0.04    5.91
 -60602.592    18.583     1.53    6.15
 -60313.335    19.348     2.64    6.21
 -60024.077    20.417     3.70    6.11
 -59734.817    21.555     3.93    5.18
 -59445.556    21.929     1.30    4.95
 -59156.294    22.063     0.46    5.02
 -58867.030    21.400    -2.29    5.62
 -58577.765    21.113    -0.99    5.67
 -58288.498    21.010    -0.35    6.07
 -57999.230    20.848    -0.56    6.02
 -57709.961    20.649    -0.69    5.96
 -57420.690    21.220     1.97    6.16
 -57131.418    21.534     1.09    5.94
 -56842.145    22.010     1.65    5.24
 -56552.870    21.559    -1.56    5.44
 -56263.594    21.220    -1.17    5.46
 -55974.317    20.629    -2.04    5.53
 -55685.038    19.893    -2.55    5.42
 -55395.758    19.244    -2.24    5.83
 -55106.476    18.863    -1.32    5.68
 -54817.193    18.814    -0.17    6.18
 -54527.909    18.780    -0.12    6.46
 -54238.623    16.898    -6.51    8.57
 -53949.336    14.474    -8.38    9.99
 -53660.048    11.279   -11.05   11.07
 -53370.758     7.951   -11.50   10.55
 -53081.467     4.932   -10.44    8.48
 -52792.174     4.831    -0.35    8.41
 -52502.880     7.435     9.00   10.48
 -52213.585    11.129    12.77   11.53
 -51924.288    14.653    12.18   11.27
 -51634.990    17.966    11.45    9.92
 -51345.690    19.848     6.51    7.71
 -51056.389    20.780     3.22    6.02
 -50767.087    20.675    -0.36    6.10
 -50477.783    21.196     1.80    5.99
 -50188.478    21.882     2.37    5.36
 -49899.171    22.551     2.31    5.15
 -49609.863    23.649     3.80    5.04
 -49320.554    24.146     1.72    4.50
 -49031.243    24.550     1.40    4.00
 -48741.931    24.972     1.46    4.28
 -48452.618    24.831    -0.49    4.50
 -48163.303    25.321     1.69    4.33
 -47873.986    25.389     0.24    4.11
 -47584.669    25.731     1.18    3.69
 -47295.349    25.849     0.41    3.52
 -47006.029    25.882     0.12    3.42
 -46716.707    25.555    -1.13    3.60
 -46427.383    24.525    -3.56    4.32
 -46138.059    23.813    -2.46    4.97
 -45848.732    22.434    -4.76    5.62
 -45559.405    22.389    -0.15    6.43
 -45270.076    21.885    -1.74    6.58
 -44980.745    22.271     1.33    6.74
 -44691.413    21.632    -2.21    6.78
 -44402.080    21.389    -0.84    7.05
 -44112.745    21.863     1.64    6.65
 -43823.409    22.796     3.23    6.10
 -43534.071    21.469    -4.59    6.36
 -43244.732    20.496    -3.36    6.98
 -42955.392    20.355    -0.49    7.10
 -42666.050    20.086    -0.93    6.83
 -42376.707    19.939    -0.51    6.07
 -42087.362    20.396     1.58    6.07
 -41798.016    20.207    -0.65    6.23
 -41508.668    20.974     2.65    6.03
 -41219.319    21.063     0.31    5.78
 -40929.969    21.246     0.63    5.31
 -40640.617    21.486     0.83    5.47
 -40351.263    20.322    -4.02    6.56
 -40061.909    18.463    -6.43    8.61
 -39772.552    15.288   -10.97   10.20
 -39483.195    11.829   -11.95   10.61
 -39193.835     8.046   -13.07    9.80
 -38904.475     5.189    -9.87    8.93
 -38615.113     4.000    -4.11    8.13
 -38325.749     2.813    -4.10    7.11
 -38036.384     3.616     2.77    8.20
 -37747.018     6.118     8.65   10.18
 -37457.650     8.779     9.19   11.38
 -37168.281    10.538     6.08   11.83
 -36878.910    12.469     6.67   11.40
 -36589.538    14.731     7.82   11.28
 -36300.164    16.135     4.85   10.61
 -36010.789    16.779     2.23    9.93
 -35721.413    16.296    -1.67    9.74
 -35432.035    16.469     0.60    9.41
 -35142.655    14.567    -6.57    9.49
 -34853.274    12.963    -5.54   10.05
 -34563.892    11.911    -3.64   10.35
 -34274.508     9.761    -7.43    9.99
 -33985.123     7.606    -7.45    9.45
 -33695.736     5.713    -6.54    8.42
 -33406.347     3.520    -7.58    6.45
 -33116.958     2.386    -3.92    5.01
 -32827.566     1.589    -2.75    4.09
 -32538.174     1.016    -1.98    3.35
 -32248.780     0.439    -2.00    2.22
 -31959.384     0.329    -0.38    1.94
 -31669.987     0.046    -0.98    1.32
 -31380.588     0.106     0.21    1.50
 -31091.188     0.413     1.06    2.27
 -30801.786     0.410    -0.01    2.21
 -30512.383     1.693     4.43    5.40
 -30222.979     4.457     9.55    8.92
 -29933.573     7.146     9.29   10.30
 -29644.165     9.763     9.04   11.04
 -29354.756    12.385     9.06   10.68
 -29065.346    15.046     9.19    9.25
 -28775.934    16.606     5.39    7.65
 -28486.520    17.167     1.94    6.22
 -28197.105    17.435     0.93    5.84
 -27907.689    18.020     2.02    5.30
 -27618.271    18.305     0.98    5.55
 -27328.851    18.743     1.51    5.43
 -27039.430    19.296     1.91    5.11
 -26750.008    20.440     3.95    4.23
 -26460.584    20.513     0.25    3.85
 -26171.159    19.848    -2.30    3.74
 -25881.732    19.189    -2.28    4.03
 -25592.303    18.563    -2.16    4.14
 -25302.873    18.089    -1.64    4.09
 -25013.569    17.944    -0.50    4.13
 -24724.460    18.237     1.01    4.19
 -24435.350    19.279     3.60    3.99
 -24146.239    20.555     4.41    3.96
 -23857.126    20.882     1.13    4.06
 -23568.012    20.780    -0.35    4.09
 -23278.896    20.951     0.59    4.25
 -22989.779    21.152     0.69    4.26
 -22700.660    21.520     1.27    4.23
 -22411.540    21.832     1.08    4.18
 -22122.418    21.425    -1.41    4.56
 -21833.295    21.879     1.57    4.73
 -21544.170    21.714    -0.57    4.70
 -21255.043    21.042    -2.33    5.25
 -20965.915    20.520    -1.80    5.39
 -20676.786    19.813    -2.45    5.69
 -20387.655    19.220    -2.05    5.25
 -20098.522    18.396    -2.85    5.11
 -19809.388    16.986    -4.88    5.37
 -19520.253    15.072    -6.62    5.54
 -19231.116    13.951    -3.88    5.30
 -18941.977    13.746    -0.71    5.54
 -18652.837    14.406     2.28    6.12
 -18363.695    14.365    -0.14    6.27
 -18074.552    15.254     3.07    6.73
 -17785.407    16.850     5.52    6.75
 -17496.261    17.915     3.68    6.08
 -17207.113    17.896    -0.06    6.06
 -16917.964    17.613    -0.98    6.45
 -16628.813    16.976    -2.20    6.44
 -16339.660    16.493    -1.67    6.38
 -16050.506    16.542     0.17    6.95
 -15761.351    17.917     4.75    7.25
 -15472.194    18.255     1.17    7.48
 -15183.035    19.354     3.80    6.83
 -14893.875    21.520     7.49    4.93
 -14604.713    22.713     4.12    3.54
 -14315.550    22.564    -0.51    3.15
 -14026.385    22.312    -0.87    3.11
 -13737.219    21.949    -1.26    2.98
 -13448.051    21.163    -2.72    3.03
 -13158.881    20.865    -1.03    3.28
 -12869.710    20.515    -1.21    3.39
 -12580.538    19.983    -1.84    3.81
 -12291.364    19.141    -2.91    4.24
 -12002.188    18.976    -0.57    4.28
 -11713.011    18.508    -1.62    4.22
 -11423.832    18.375    -0.46    4.17
 -11134.651    18.538     0.56    4.22
 -10845.469    18.900     1.25    3.67
 -10556.286    19.157     0.89    3.65
 -10267.101    19.210     0.18    3.45
  -9977.914    19.227     0.06    3.26
  -9688.726    19.296     0.24    3.26
  -9399.536    19.165    -0.45    3.55
  -9110.344    19.304     0.48    3.66
  -8821.151    18.929    -1.30    3.84
  -8531.957    18.681    -0.86    3.82
  -8242.761    18.568    -0.39    4.13
  -7953.563    18.089    -1.66    3.98
  -7664.364    18.355     0.92    4.01
  -7375.163    18.559     0.70    4.38
  -7085.960    18.550    -0.03    4.49
  -6796.756    18.606     0.19    4.44
  -6507.551    18.469    -0.48    4.56
  -6218.344    18.186    -0.98    4.81
  -5929.135    17.440    -2.58    5.11
  -5639.924    15.613    -6.32    6.87
  -5350.712    13.072    -8.79    7.64
  -5061.499    10.644    -8.40    8.09
  -4772.284     8.225    -8.36    7.55
  -4483.067     6.016    -7.64    7.09
  -4193.849     3.747    -7.85    5.73
  -3904.629     2.203    -5.34    4.04
  -3615.407     1.746    -1.58    3.98
  -3326.184     1.296    -1.56    3.89
  -3036.959     2.474     4.07    5.97
  -2747.733     2.796     1.11    6.96
  -2458.505     2.966     0.59    7.16
  -2169.275     3.731     2.64    7.38
  -1880.044     3.831     0.35    7.39
  -1590.811     4.013     0.63    7.55
  -1301.577     3.243    -2.66    6.29
  -1012.341     2.619    -2.16    5.75
   -723.103     1.979    -2.21    4.88
   -433.864     1.013    -3.34    3.81
   -144.623     1.417     1.40    5.71
    144.619     2.762     4.65    7.83
    433.863     3.813     3.64    8.80
    723.109     5.508     5.86    9.80
   1012.356     7.361     6.41   10.12
   1301.605     8.830     5.08    9.80
   1590.855     9.510     2.35    8.74
   1880.108     9.983     1.63    8.20
   2169.361    11.624     5.67    8.07
   2458.617    12.731     3.83    8.26
   2747.874    13.917     4.10    8.30
   3037.132    15.124     4.17    8.24
   3326.393    16.244     3.87    8.07
   3615.655    16.365     0.42    7.68
   3904.918    16.529     0.57    7.35
   4194.183    16.983     1.57    6.83
   4483.450    16.029    -3.29    7.09
   4772.719    15.796    -0.81    7.05
   5061.989    15.400    -1.37    7.21
   5351.260    15.029    -1.28    7.87
   5640.534    15.694     2.30    8.24
   5929.809    16.474     2.70    8.60
   6219.085    16.475     0.00    8.71
   6508.364    16.796     1.11    8.70
   6797.643    17.305     1.76    8.40
   7086.925    17.423     0.41    7.85
   7376.208    16.696    -2.51    7.70
   7665.493    15.779    -3.17    8.28
   7954.780    14.084    -5.86    8.73
   8244.068    12.778    -4.51    9.10
   8533.358    10.508    -7.85    9.55
   8822.649     8.960    -5.35   10.09
   9111.942     7.288    -5.78   10.07
   9401.237     6.146    -3.95   10.23
   9690.533     4.480    -5.76    9.61
   9979.831     2.661    -6.29    8.45
  10269.131     2.084    -1.99    7.25
  10558.433     2.813     2.52    7.95
  10847.736     4.715     6.58    9.84
  11137.040     7.024     7.98   11.06
  11426.347     9.846     9.75   11.54
  11715.655    12.287     8.44   10.79
  12004.965    14.183     6.55    9.94
  12294.276    15.896     5.92    8.61
  12583.589    18.213     8.01    6.61
  12872.904    19.917     5.89    3.60
  13162.220    19.428    -1.69    3.71
  13451.538    17.677    -6.05    7.23
  13740.858    14.050   -12.54    9.55
  14030.179    10.649   -11.76   10.34
  14319.503     6.646   -13.83    9.74
  14608.827     2.850   -13.12    7.68
  14898.154     0.661    -7.57    5.59
  15187.482    -1.014    -5.79    3.34
  15476.812    -1.794    -2.70    1.76
  15766.143    -2.100    -1.06    0.79
  16055.477    -2.204    -0.36    0.00
  16344.811    -2.204     0.00    0.00
  16634.148    -2.204     0.00    0.00
  16923.486    -2.007     0.68    1.09
  17212.826    -1.238     2.66    3.06
  17502.168    -0.287     3.29    4.21
  17791.511     0.936     4.23    5.63
  18080.856     3.020     7.20    7.24
  18370.203     3.419     1.38    7.23
  18659.551     3.596     0.61    7.03
  18948.901     3.579    -0.06    6.78
  19238.253     3.726     0.51    6.68
  19527.607     2.658    -3.69    6.30
  19816.962     1.711    -3.27    5.89
  20106.319     0.813    -3.11    5.47
  20395.678     2.029     4.20    7.92
  20685.038     4.589     8.85   10.65
  20974.400     7.389     9.68   12.64
  21263.764    10.761    11.65   13.03
  21553.129    12.846     7.21   12.19
  21842.496    15.463     9.04   11.26
  22131.865    18.348     9.97    9.55
  22421.236    18.513     0.57    9.57
  22710.608    19.263     2.59    9.45
  22999.982    20.067     2.78    9.40
  23289.358    22.000     6.68    8.30
  23578.735    23.898     6.56    6.08
  23868.114    25.229     4.60    6.34
  24157.495    26.568     4.63    6.25
  24446.878    27.529     3.32    5.60
  24736.262    28.382     2.95    5.20
  25025.648    28.370    -0.04    5.70
  25315.036    28.896     1.82    6.02
  25604.426    29.658     2.63    5.36
  25893.817    28.779    -3.04    5.46
  26183.210    29.207     1.48    5.83
  26472.605    28.485    -2.50    6.55
  26762.001    28.346    -0.48    6.92
  27051.399    28.929     2.02    7.10
  27340.799    28.606    -1.12    6.80
  27630.201    27.993    -2.12    6.05
  27919.604    28.913     3.18    6.34
  28209.009    28.469    -1.54    5.84
  28498.416    28.663     0.67    5.35
  28787.825    28.762     0.34    4.71
  29077.235    29.434     2.32    5.26
  29366.647    30.227     2.74    6.06
  29656.061    30.951     2.50    6.47
  29945.477    32.272     4.56    7.13
  30234.894    33.193     3.18    7.84
  30524.313    34.089     3.10    8.20
  30813.734    34.658     1.97    8.24
  31103.156    35.024     1.26    8.22
  31392.581    35.732     2.44    8.66
  31682.007    36.542     2.80    8.64
  31971.435    36.559     0.06    8.44
  32260.864    35.866    -2.39    7.86
  32550.296    37.434     5.42    8.48
  32839.729    38.946     5.22    8.96
  33129.164    41.013     7.14    8.76
  33418.600    42.026     3.50    9.01
  33708.039    43.796     6.12    8.62
  33997.479    45.389     5.50    8.26
  34286.921    45.779     1.34    8.26
  34576.364    45.946     0.58    8.12
  34865.810    46.386     1.52    7.88
  35155.257    46.572     0.64    7.87
  35444.706    47.338     2.65    6.49
  35734.157    47.520     0.63    5.66
  36023.609    48.646     3.89    5.03
  36313.064    49.196     1.90    4.38
  36602.520    49.729     1.84    3.37
  36891.978    49.496    -0.81    3.13
  37181.390    49.586     0.31    2.41
  37470.465    49.979     1.36    2.30
  37759.542    50.434     1.57    2.25
  38048.620    50.463     0.10    1.98
  38337.701    50.576     0.39    1.86
  38626.783    50.779     0.70    2.01
  38915.867    50.865     0.30    1.89
  39204.952    50.689    -0.61    1.90
  39494.040    49.979    -2.45    2.83
  39783.129    49.288    -2.39    3.02
  40072.220    48.863    -1.47    2.74
  40361.313    48.244    -2.14    3.16
  40650.408    47.796    -1.55    3.44
  40939.504    47.346    -1.56    4.35
  41228.602    47.675     1.14    4.41
  41517.702    48.029     1.22    4.71
  41806.804    48.641     2.12    4.68
  42095.908    49.106     1.61    4.64
  42385.013    50.141     3.58    4.44
  42674.120    51.313     4.06    3.89
  42963.229    51.517     0.71    3.12
  43252.340    51.313    -0.71    2.86
  43541.452    51.193    -0.42    2.28
  43830.567    51.210     0.06    2.09
  44119.683    50.779    -1.49    1.73
  44408.801    50.522    -0.89    1.82
  44697.921    50.762     0.83    1.94
  44987.042    51.118     1.23    2.07
  45276.166    51.340     0.77    2.17
  45565.291    51.434     0.33    2.32
  45854.418    51.496     0.21    2.37
  46143.547    51.363    -0.46    2.46
  46432.678    51.425     0.22    2.19
  46721.810    51.296    -0.45    2.03
  47010.944    51.000    -1.03    2.02
  47300.081    51.165     0.57    2.50
  47589.219    51.496     1.15    2.68
  47878.358    51.435    -0.21    3.01
  48167.500    51.193    -0.84    3.61
  48456.643    50.016    -4.07    4.41
  48745.789    48.572    -5.00    5.26
  49034.936    48.296    -0.95    5.20
  49324.084    48.029    -0.92    4.84
  49613.235    48.129     0.35    4.87
  49902.388    47.746    -1.33    4.81
  50191.542    48.901     4.00    3.70
  50480.698    48.746    -0.54    3.47
  50769.856    49.279     1.84    2.56
  51059.016    49.296     0.06    2.40
  51348.178    49.050    -0.85    2.57
  51637.341    48.936    -0.39    2.68
  51926.507    48.331    -2.10    3.31
  52215.674    47.975    -1.23    3.61
  52504.843    47.963    -0.04    4.28
  52794.014    47.898    -0.22    4.25
  53083.187    48.013     0.40    3.80
  53372.361    48.486     1.64    3.72
  53661.538    48.421    -0.22    3.54
  53950.716    48.846     1.47    2.88
  54239.896    49.348     1.73    2.57
  54529.078    49.146    -0.70    2.72
  54818.262    49.003    -0.49    3.17
  55107.448    48.865    -0.48    3.32
  55396.635    48.813    -0.18    3.39
  55685.825    48.796    -0.06    3.42
  55975.016    48.698    -0.34    3.44
  56264.209    48.572    -0.43    3.21
  56553.404    48.606     0.12    3.03
  56842.601    48.331    -0.95    3.65
  57131.800    47.744    -2.03    3.79
  57421.000    47.022    -2.50    3.89
  57710.203    46.525    -1.72    4.23
  57999.407    45.593    -3.22    4.56
  58288.613    45.055    -1.86    5.00
  58577.821    45.365     1.07    5.05
  58867.031    44.546    -2.83    6.24
  59156.243    42.129    -8.36    9.18
  59445.456    36.151   -20.67   14.73
  59734.672    31.493   -16.11   16.66
  60023.889    24.696   -23.50   17.26
  60313.109    18.165   -22.58   14.81
  60602.330    13.746   -15.28   11.51
  60891.553    11.206    -8.78    6.52
  61180.778    11.555     1.21    6.46
  61470.004    14.440     9.98    7.99
  61759.233    17.866    11.85   10.02
  62048.464    21.679    13.18   10.91
  62337.696    27.013    18.44   10.57
  62626.930    30.813    13.14   10.21
  62916.167    34.596    13.08   10.09
  63205.405    36.866     7.85    9.33
  63494.645    39.113     7.77    8.99
  63783.886    39.365     0.87    8.22
  64073.130    40.135     2.66    7.69
  64362.376    41.796     5.74    6.95
  64651.623    42.934     3.93    6.16
  64940.873    43.106     0.60    6.46
  65230.124    43.546     1.52    6.22
  65519.377    44.346     2.77    5.98
  65808.633    45.932     5.48    5.12
  66097.890    47.046     3.85    3.93
  66387.149    47.227     0.63    4.04
  66676.410    48.200     3.36    3.32
  66965.672    48.879     2.35    2.79
  67254.937    49.263     1.33    3.12
  67544.204    49.196    -0.23    3.26
  67833.472    48.744    -1.56    4.27
  68122.742    47.917    -2.86    5.26
  68412.015    47.382    -1.85    5.78
  68701.289    47.227    -0.54    5.79
  68990.565    47.026    -0.70    5.72
  69279.843    47.055     0.10    5.47
  69569.123    47.762     2.44    4.80
  69858.405    48.603     2.91    4.06
  70147.689    49.322     2.48    3.51
  70436.975    49.877     1.92    3.67
  70726.262    50.101     0.78    3.42
  71015.552    49.644    -1.58    3.96
  71304.843    48.603    -3.60    5.60
  71594.137    46.710    -6.54    7.69
  71883.432    45.305    -4.86    8.33
  72172.729    44.263    -3.60    8.25
  72462.028    43.570    -2.39    8.26
  72751.330    42.885    -2.37    8.10
  73040.633    44.163     4.42    7.79
  73329.938    43.555    -2.10    8.10
  73619.245    43.649     0.32    8.36
  73908.554    43.796     0.51    8.67
  74197.864    44.244     1.55    8.45
  74487.177    45.627     4.78    8.50
  74776.492    45.885     0.89    8.33
  75065.808    46.463     2.00    8.02
  75355.127    46.546     0.29    7.45
  75644.448    46.976     1.49    7.19
  75933.770    48.627     5.70    6.08
  76223.094    49.957     4.60    5.01
  76512.421    50.694     2.55    4.16
  76801.749    51.055     1.25    3.75
  77091.079    51.096     0.14    3.78
  77380.412    51.313     0.75    3.48
  77669.746    52.016     2.43    3.47
  77959.082    52.486     1.62    3.48
  78248.420    53.313     2.86    2.82
  78537.760    53.534     0.76    2.56
  78827.102    53.694     0.56    2.63
  79116.446    53.929     0.81    2.80
  79405.792    53.762    -0.58    2.63
  79695.140    53.884     0.42    2.40
  79984.490    54.288     1.40    2.62
  80273.841    54.596     1.07    2.55
  80563.195    54.845     0.86    2.57
  80852.551    54.989     0.50    2.49
  81141.909    55.331     1.18    2.67
  81431.268    55.563     0.80    2.83
  81720.630    55.469    -0.33    3.16
  82009.994    55.124    -1.19    3.03
  82299.359    55.348     0.77    2.75
  82588.727    55.338    -0.03    2.71
  82878.096    55.528     0.66    2.11
  83167.468    55.796     0.93    1.84
  83456.841    55.878     0.28    1.87
  83746.217    55.934     0.19    1.82
  84035.594    56.000     0.23    1.84
  84324.974    55.849    -0.52    1.87
  84614.355    55.848    -0.00    1.84
  84903.738    56.118     0.93    1.62
  85193.124    56.220     0.35    1.52
  85482.511    56.632     1.42    1.69
  85771.901    56.832     0.69    1.92
  86061.292    56.946     0.39    1.91
  86350.685    57.400     1.57    1.90
  86640.081    57.732     1.15    1.82
  86929.478    57.979     0.86    1.67
  87218.877    57.983     0.01    1.53
  87508.279    57.949    -0.12    1.60
  87797.682    57.868    -0.28    1.49
  88087.087    57.679    -0.65    1.46
  88376.495    57.305    -1.30    1.66
  88665.904    57.163    -0.49    1.55
  88955.315    57.193     0.10    1.53
  89244.729    57.207     0.05    1.60
  89534.144    57.546     1.17    1.72
  89823.561    57.934     1.34    1.93
  90112.981    58.213     0.96    1.99
  90402.402    58.113    -0.35    2.28
  90691.826    57.831    -0.97    2.59
  90981.251    57.848     0.06    2.75
  91270.678    57.193    -2.26    3.14
  91560.108    56.993    -0.69    3.18
  91849.539    56.624    -1.28    3.38
  92138.973    56.237    -1.34    3.41
  92428.408    56.106    -0.45    3.52
  92717.846    55.656    -1.56    3.58
  93007.285    54.554    -3.81    4.40
  93296.727    53.979    -1.99    4.66
  93586.170    53.379    -2.07    4.91
  93875.616    52.884    -1.71    5.20
  94165.064    52.555    -1.14    5.21
  94454.513    52.305    -0.86    5.08
  94743.965    52.644     1.17    4.99
  95033.419    53.463     2.83    4.49
  95322.874    54.141     2.34    3.63
  95612.332    54.796     2.26    2.53
  95901.792    55.077     0.97    2.05
  96191.254    54.846    -0.80    2.15
  96480.718    54.698    -0.51    2.15
  96770.184    54.313    -1.33    2.30
  97059.652    53.542    -2.67    2.47
  97349.122    52.986    -1.92    2.50
  97638.594    52.346    -2.21    2.89
  97928.068    51.079    -4.38    4.04
  98217.544    49.113    -6.79    5.48
  98507.022    46.403    -9.36    6.43
  98796.502    45.848    -1.92    6.50
  99085.985    45.279    -1.96    6.72
  99375.469    46.055     2.68    6.52
  99664.579    46.632     2.00    6.38
  99953.626    49.152     8.72    5.68
 100242.676    51.656     8.66    3.70
 100531.727    52.917     4.36    2.82
 100820.780    53.564     2.24    2.59
 101109.836    54.108     1.88    2.17
 101398.893    54.491     1.33    1.99
 101687.953    54.846     1.23    1.92
 101977.014    55.020     0.60    1.82
 102266.078    55.082     0.21    2.08
 102555.144    55.246     0.57    2.15
 102844.212    55.348     0.35    2.23
 103133.281    55.396     0.17    2.12
 103422.353    55.355    -0.14    2.83
 103711.427    55.434     0.27    2.85
 104000.503    55.348    -0.30    2.82
 104289.581    55.331    -0.06    2.60
 104578.661    54.960    -1.28    2.54
 104867.744    54.813    -0.51    2.69
 105156.828    55.152     1.17    2.58
 105445.914    55.417     0.92    2.52
 105735.003    56.000     2.02    2.64
 106024.093    56.619     2.14    2.60
 106313.186    57.338     2.49    2.53
 106602.281    58.067     2.52    2.41
 106891.377    58.428     1.25    2.21
 107180.476    58.900     1.63    1.86
 107469.577    59.079     0.62    2.03
 107758.680    58.929    -0.52    2.14
 108047.785    58.419    -1.77    2.48
 108336.892    57.986    -1.50    2.53
 108626.001    57.129    -2.96    2.44
 108915.113    56.252    -3.03    2.49
 109204.226    55.579    -2.33    2.23
 109493.341    54.862    -2.48    2.20
 109782.459    54.279    -2.02    2.07
 110071.579    53.474    -2.78    2.12
 110360.700    53.396    -0.27    2.02
 110649.824    53.479     0.29    2.04
 110938.950    53.627     0.51    2.17
 111228.078    53.796     0.59    2.16
 111517.208    54.063     0.92    2.17
 111806.341    54.691     2.17    1.84
 112095.475    54.796     0.36    1.74
 112384.611    54.796     0.00    1.84
 112673.750    54.796     0.00    1.88
 112962.891    54.396    -1.38    2.04
 113252.033    53.762    -2.19    2.38
 113541.178    53.020    -2.56    2.78
 113830.325    52.796    -0.78    2.72
 114119.474    52.629    -0.58    2.85
 114408.625    51.796    -2.88    3.28
 114697.779    51.698    -0.34    3.23
 114986.934    51.382    -1.09    3.33
 115276.092    51.564     0.63    3.32
 115565.251    51.879     1.09    3.64
 115854.413    52.158     0.96    3.61
 116143.577    52.513     1.23    3.22
 116432.743    53.210     2.41    2.16
 116721.911    53.020    -0.66    2.18
 117011.081    53.244     0.78    2.58
 117300.253    53.796     1.91    2.64
 117589.428    53.714    -0.28    2.66
 117878.604    53.934     0.76    2.67
 118167.783    54.029     0.33    2.82
 118456.964    53.903    -0.44    2.81
 118746.147    53.593    -1.07    3.11
 119035.332    53.054    -1.86    2.82
 119324.519    52.389    -2.30    3.31
 119613.709    51.529    -2.97    3.71
 119902.900    51.252    -0.96    3.50
 120192.094    50.762    -1.70    3.51
 120481.290    50.355    -1.40    3.12
 120770.487    49.279    -3.72    4.03
 121059.688    48.296    -3.40    3.92
 121348.890    47.227    -3.70    4.61
 121638.094    46.979    -0.86    4.85
 121927.301    46.463    -1.79    4.96
 122216.509    45.304    -4.01    6.57
 122505.720    42.983    -8.03    9.19
 122794.933    40.491    -8.62   10.46
 123084.148    36.016   -15.47   12.30
 123373.365    31.677   -15.00   11.86
 123662.585    28.029   -12.61   10.32
 123951.806    26.813    -4.20    8.82
 124241.030    27.113     1.04    8.27
 124530.256    29.879     9.57   10.13
 124819.484    34.533    16.09   11.02
 125108.714    40.050    19.08   10.38
 125397.946    44.538    15.51    8.35
 125687.180    46.746     7.64    6.27
 125976.417    48.084     4.63    4.48
 126265.656    48.379     1.02    3.76
 126554.897    48.313    -0.23    3.29
 126844.140    48.480     0.58    3.24
 127133.385    48.779     1.03    3.35
 127422.633    49.629     2.94    3.59
 127711.882    50.058     1.48    3.48
 128001.134    50.881     2.84    3.49
 128290.388    51.365     1.67    3.39
 128579.644    51.679     1.09    3.44
 128868.903    51.744     0.22    3.33
 129158.163    52.009     0.92    3.41
 129447.426    52.244     0.81    3.07
 129736.691    52.469     0.77    3.25
 130025.958    52.744     0.95    3.43
 130315.227    52.508    -0.82    3.54
 130604.498    52.894     1.34    3.54
 130893.772    53.520     2.16    3.15
 131183.048    53.796     0.95    3.14
 131472.325    53.975     0.62    3.08
 131761.606    54.203     0.79    3.01
 132050.888    53.944    -0.90    2.77
 132340.172    54.118     0.60    2.45
 132629.459    54.222     0.36    2.35
 132918.748    54.332     0.38    2.27
 133208.039    54.118    -0.74    1.92
 133497.332    53.463    -2.27    2.10
 133786.628    53.096    -1.27    2.11
 134075.926    52.877    -0.76    2.01
 134365.225    52.586    -1.01    2.00
 134654.528    52.413    -0.60    1.78
 134943.832    52.528     0.40    1.71
 135233.138    52.667     0.48    1.64
 135522.447    52.593    -0.26    1.58
 135811.758    52.329    -0.91    1.82
 136101.071    51.986    -1.19    2.00
 136390.386    51.865    -0.42    2.03
 136679.704    51.779    -0.30    2.27
 136969.024    51.451    -1.13    2.22
 137258.345    51.239    -0.73    2.15
 137547.670    51.013    -0.78    2.19
 137836.996    50.778    -0.81    2.58
 138126.325    50.203    -1.99    3.16
 138415.655    50.020    -0.63    2.96
 138704.988    50.009    -0.04    2.84
 138994.324    49.951    -0.20    2.75
 139283.661    50.641     2.38    2.54
 139573.001    51.193     1.91    1.96
 139862.343    51.463     0.93    1.80
 140151.687    51.747     0.98    1.38
 140441.033    51.746    -0.00    1.52
 140730.382    51.813     0.23    1.71
 141019.733    52.217     1.40    1.94
 141309.086    52.193    -0.08    2.29
 141598.441    52.576     1.32    2.33
 141887.798    52.525    -0.18    2.43
 142177.158    52.496    -0.10    2.43
 142466.520    52.520     0.08    2.51
 142755.884    52.693     0.60    2.64
 143045.251    52.555    -0.48    2.86
 143334.620    52.629     0.26    3.17
 143623.990    52.627    -0.01    3.68
 143913.364    52.486    -0.49    3.71
 144202.739    52.229    -0.89    3.90
 144492.117    50.954    -4.41    4.75
 144781.497    50.813    -0.49    4.58
 145070.879    50.129    -2.36    5.03
 145360.263    50.146     0.06    5.07
 145649.650    49.913    -0.81    5.24
 145939.039    49.428    -1.68    5.39
 146228.430    49.457     0.10    5.51
 146517.823    49.848     1.35    5.08
 146807.219    49.894     0.16    4.25
 147096.617    49.354    -1.87    4.04
 147386.017    49.358     0.01    3.80
 147675.420    49.227    -0.45    3.40
 147964.824    49.725     1.72    3.39
 148254.231    49.731     0.02    3.47
 148543.640    49.677    -0.18    3.65
 148833.052    49.979     1.04    3.62
 149122.466    49.779    -0.69    3.69
 149411.882    49.901     0.42    3.58
 149701.300    49.829    -0.25    3.57
 149990.721    49.627    -0.70    2.82
 150280.143    49.812     0.64    2.75
 150569.568    49.969     0.54    2.79
 150858.996    50.434     1.61    2.83
 151148.425    50.762     1.13    2.94
 151437.857    50.848     0.30    3.24
 151727.292    50.763    -0.29    3.40
 152016.728    50.503    -0.90    3.73
 152306.167    49.417    -3.75    4.60
 152595.608    48.072    -4.65    4.87
 152885.051    47.434    -2.20    4.63
 153174.497    47.403    -0.11    4.65
 153463.945    47.831     1.48    4.38
 153753.395    48.096     0.92    3.75
 154042.847    48.112     0.05    3.70
 154332.302    47.882    -0.79    3.45
 154621.759    47.329    -1.91    3.86
 154911.218    46.898    -1.49    4.12
 155200.680    45.990    -3.14    4.10
 155490.144    44.689    -4.49    4.29
 155779.610    43.728    -3.32    4.08
 156069.079    43.007    -2.49    4.38
 156358.550    42.490    -1.79    4.23
 156648.023    42.731     0.83    4.26
 156937.498    43.382     2.25    4.15
 157226.976    43.237    -0.50    3.88
 157516.456    42.673    -1.95    4.26
 157805.938    42.063    -2.11    5.56
 158095.423    40.379    -5.82    6.01
 158384.910    37.929    -8.46    8.67
 158674.399    33.050   -16.85   11.17
 158963.890    28.796   -14.70   11.96
 159253.384    24.762   -13.93   11.03
 159542.880    20.503   -14.71    8.72
 159832.379    17.663    -9.81    6.20
 160121.880    16.179    -5.12    3.70
 160411.383    15.865    -1.09    3.30
 160700.888    16.141     0.95    3.17
 160990.396    16.538     1.37    2.99
 161279.906    17.108     1.97    3.12
 161569.419    19.016     6.59    5.90
 161858.641    21.163     7.42    8.40
 162147.657    23.796     9.11    9.66
 162436.675    27.305    12.14   10.70
 162725.696    31.190    13.44   10.71
 163014.719    34.479    11.38    9.69
 163303.744    37.157     9.26    7.88
 163592.772    38.673     5.25    6.45
 163881.802    39.589     3.17    6.85
 164170.834    40.322     2.53    6.71
 164459.868    40.072    -0.86    6.86
 164748.905    40.091     0.07    7.02
 165037.944    40.141     0.17    7.05
 165326.986    40.016    -0.43    6.86
 165616.030    40.850     2.88    6.65
 165905.076    42.229     4.77    5.76
 166194.125    44.006     6.15    4.84
 166483.175    44.675     2.32    4.72
 166772.229    46.013     4.63    4.51
 167061.284    46.796     2.71    4.02
 167350.342    47.813     3.52    3.61
 167639.402    48.613     2.77    3.27
 167928.465    48.949     1.16    2.90
 168217.530    48.974     0.09    2.63
 168506.597    48.921    -0.18    2.39
 168795.667    48.629    -1.01    2.44
 169084.738    48.635     0.02    2.30
 169373.813    48.651     0.05    2.13
 169662.889    48.446    -0.71    2.13
 169951.968    48.146    -1.04    2.18
 170241.050    48.033    -0.39    2.50
 170530.133    47.691    -1.18    2.63
 170819.219    47.396    -1.02    2.40
 171108.308    47.355    -0.14    2.53
 171397.399    47.501     0.50    2.72
 171686.492    48.079     2.00    2.87
 171975.587    48.564     1.68    2.89
 172264.685    49.220     2.27    2.84
 172553.785    49.520     1.04    2.87
 172842.888    49.485    -0.12    2.95
 173131.993    49.451    -0.12    3.02
 173421.100    49.693     0.83    3.01
 173710.210    49.658    -0.12    3.04
 173999.322    49.814     0.54    3.17
 174288.436    50.179     1.27    2.93
 174577.553    50.762     2.02    2.85
 174866.672    50.596    -0.57    2.84
 175155.793    50.708     0.39    2.65
 175444.917    51.055     1.20    2.52
 175734.043    51.386     1.15    2.57
 176023.172    51.288    -0.34    2.59
 176312.303    51.108    -0.62    2.80
 176601.436    51.042    -0.23    2.78
 176890.572    51.106     0.22    2.92
 177179.710    51.440     1.15    3.08
 177468.851    51.966     1.82    3.27
 177757.994    53.029     3.68    2.74
 178047.139    53.606     2.00    2.39
 178336.287    54.016     1.42    1.85
 178625.437    53.814    -0.70    2.07
 178914.589    53.563    -0.87    2.24
 179203.744    52.878    -2.37    2.65
 179492.901    52.379    -1.72    2.47
 179782.061    51.946    -1.50    2.93
 180071.223    52.059     0.39    2.75
 180360.388    51.864    -0.68    2.59
 180649.554    51.986     0.42    2.30
 180938.724    52.296     1.07    2.34
 181227.895    52.485     0.65    2.44
 181517.069    52.305    -0.62    2.58
 181806.246    51.963    -1.18    2.90
 182095.425    51.350    -2.12    3.33
 182384.606    50.925    -1.47    3.15
 182673.790    50.896    -0.10    2.94
 182962.976    50.796    -0.35    2.69
 183252.164    50.589    -0.72    2.72
 183541.355    50.656     0.23    2.58
 183830.548    50.440    -0.75    3.13
 184119.744    49.831    -2.11    3.55
 184408.942    49.748    -0.29    3.81
 184698.143    49.400    -1.20    4.58
 184987.346    48.951    -1.55    4.87
 185276.551    48.555    -1.37    5.77
 185565.759    47.796    -2.62    6.14
 185854.969    47.698    -0.34    5.88
 186144.182    47.555    -0.49    6.17
 186433.397    47.744     0.66    6.02
 186722.614    48.055     1.07    5.52
 187011.834    49.072     3.52    4.02
 187301.056    49.861     2.73    2.86
 187590.281    49.379    -1.66    3.23
 187879.508    49.263    -0.40    3.24
 188168.738    48.551    -2.46    3.81
 188457.970    47.658    -3.09    4.00
 188747.205    46.279    -4.77    4.78
 189036.442    44.830    -5.01    6.26
 189325.681    43.629    -4.15    6.49
 189614.923    42.555    -3.72    7.29
 189904.167    41.186    -4.73    6.94
 190193.414    40.171    -3.51    7.37
 190482.663    40.213     0.14    7.02
 190771.915    40.452     0.83    6.46
 191061.169    41.469     3.51    5.03
 191350.425    42.440     3.36    4.54
 191639.684    42.900     1.59    4.20
 191928.945    43.979     3.73    4.27
 192218.209    44.429     1.56    4.48
 192507.475    45.129     2.42    4.24
 192796.744    46.196     3.69    3.44
 193086.015    46.520     1.12    3.18
 193375.289    46.613     0.32    2.94
 193664.565    47.555     3.26    2.86
 193953.844    47.452    -0.36    3.07
 194243.125    47.237    -0.74    3.03
 194532.408    46.954    -0.98    3.34
 194821.694    46.969     0.05    3.29
 195110.982    46.510    -1.58    3.59
 195400.273    45.911    -2.07    3.80
 195689.567    44.593    -4.56    4.88
 195978.862    41.696   -10.01    6.98
 196268.161    40.124    -5.44    7.42
 196557.461    39.975    -0.52    7.52
 196846.765    39.029    -3.27    7.57
 197136.070    37.675    -4.68    9.08
 197425.378    35.896    -6.15   10.11
 197714.689    34.525    -4.74   11.18
 198004.002    33.434    -3.77   11.41
 198293.318    31.348    -7.21   11.32
 198582.636    27.796   -12.28   10.59
 198871.956    25.550    -7.76    9.49
 199161.279    23.400    -7.43    8.35
 199450.605    21.338    -7.12    6.73
 199739.933    20.385    -3.29    5.83
 200029.263    19.646    -2.56    5.59
 200318.596    19.748     0.35    5.95
 200607.932    21.016     4.39    7.34
 200897.269    23.491     8.55    8.45
 201186.610    25.463     6.81    8.74
 201475.953    28.003     8.78    8.54
 201765.298    30.896    10.00    7.71
 202054.646    33.646     9.50    6.21
 202343.997    35.667     6.98    4.34
 202633.349    37.046     4.77    3.30
 202922.705    37.779     2.53    3.30
 203212.063    38.403     2.16    3.84
 203501.423    38.603     0.69    4.38
 203790.786    38.949     1.20    4.64
 204080.151    39.679     2.53    4.84
 204369.519    39.538    -0.49    5.04
 204658.890    40.038     1.73    4.74
 204948.263    40.213     0.61    5.49
 205237.638    39.796    -1.44    5.76
 205527.016    40.264     1.62    5.87
 205816.396    39.949    -1.09    6.27
 206105.779    40.171     0.77    6.91
 206395.165    40.423     0.87    7.18
 206684.553    40.193    -0.80    7.88
 206973.943    39.222    -3.35    8.40
 207263.336    38.848    -1.29    8.19
 207552.732    39.072     0.77    7.78
 207842.130    39.193     0.42    7.49
 208131.530    39.434     0.83    7.15
 208420.934    39.763     1.14    6.69
 208710.339    40.949     4.10    6.45
 208999.747    43.229     7.88    4.83
 209289.158    44.046     2.82    4.98
 209578.571    44.762     2.47    4.83
 209867.987    45.063     1.04    4.96
 210157.405    46.711     5.70    4.85
 210446.826    47.563     2.94    4.35
 210736.249    47.760     0.68    4.48
 211025.675    48.193     1.49    4.90
 211315.104    48.193     0.00    5.40
 211604.535    47.779    -1.43    5.49
 211893.968    46.435    -4.64    5.35
 212183.404    45.589    -2.92    5.41
 212472.843    45.963     1.29    5.44
 212762.284    45.743    -0.76    5.61
 213051.727    44.546    -4.14    6.44
 213341.174    40.496   -13.99   10.84
 213630.622    37.329   -10.94   12.77
 213920.074    32.963   -15.09   14.50
 214209.528    29.227   -12.91   14.26
 214498.984    24.237   -17.24   11.55
 214788.443    21.555    -9.27    7.98
 215077.904    21.419    -0.47    5.98
 215367.368    23.313     6.54    6.34
 215656.835    26.850    12.22    7.32
 215946.304    30.313    11.97    8.27
 216235.776    34.082    13.02    8.06
 216525.250    35.796     5.92    7.89
 216814.727    35.847     0.18    8.50
 217104.206    36.746     3.11    8.40
 217393.688    38.331     5.47    8.43
 217683.173    37.568    -2.63    8.42
 217972.660    38.663     3.78    7.89
 218262.150    38.963     1.04    7.49
 218551.642    39.974     3.49    7.63
 218841.137    41.951     6.83    7.08
 219130.634    44.158     7.62    5.65
 219420.134    45.365     4.17    4.92
 219709.637    46.710     4.65    4.14
 219999.142    47.731     3.53    3.84
 220288.649    48.710     3.38    3.19
 220578.160    48.969     0.89    4.30
 220867.672    49.210     0.83    4.74
 221157.188    49.525     1.09    4.19
 221446.706    49.042    -1.67    4.35
 221736.226    49.279     0.82    3.48
 222025.750    49.338     0.21    3.94
 222315.275    49.691     1.22    3.56
 222604.804    49.555    -0.47    3.52
 222894.335    49.079    -1.64    3.64
 223183.868    48.576    -1.74    3.86
 223473.404    48.957     1.32    3.69
 223762.943    49.403     1.54    3.47
 224052.310    49.329    -0.26    3.39
 224341.296    50.124     2.75    3.40
 224630.285    50.345     0.76    3.22
 224919.276    50.829     1.68    3.03
 225208.270    51.389     1.94    3.10
 225497.266    51.254    -0.47    3.37
 225786.265    51.135    -0.41    3.84
 226075.267    50.829    -1.06    3.82
 226364.271    50.796    -0.12    4.09
 226653.278    50.877     0.28    4.02
 226942.287    50.696    -0.63    3.99
 227231.299    50.243    -1.57    3.65
 227520.314    49.898    -1.19    3.93
 227809.331    49.400    -1.72    4.06
 228098.351    48.517    -3.05    4.12
 228387.373    48.508    -0.03    4.20
 228676.398    47.848    -2.28    3.81
 228965.426    46.503    -4.65    4.83
 229254.456    44.901    -5.54    5.58
 229543.489    44.713    -0.65    5.43
 229832.525    44.118    -2.06    5.77
 230121.563    41.796    -8.03    7.57
 230410.603    39.417    -8.23    8.62
 230699.647    36.210   -11.10    9.04
 230988.693    33.435    -9.60    9.87
 231277.741    29.847   -12.42   10.74
 231566.792    25.206   -16.06    9.65
 231855.846    20.656   -15.74    7.58
 232144.902    17.779    -9.95    5.48
 232433.961    16.610    -4.05    4.68
 232723.023    15.508    -3.81    3.18
 233012.087    15.386    -0.42    3.10
 233301.154    16.020     2.19    3.35
 233590.223    17.406     4.80    3.21
 233879.296    17.957     1.90    3.15
 234168.370    18.413     1.58    3.14
 234457.448    18.337    -0.26    3.51
 234746.528    19.179     2.91    3.32
 235035.610    19.829     2.25    4.05
 235324.696    20.498     2.31    4.60
 235613.783    20.864     1.27    5.24
 235902.874    22.606     6.03    5.58
 236191.967    24.009     4.85    6.30
 236481.063    25.222     4.20    5.99
 236770.161    26.882     5.74    5.67
 237059.263    27.663     2.70    5.56
 237348.366    30.046     8.24    7.53
 237637.473    32.248     7.62    7.99
 237926.582    35.129     9.97    8.09
 238215.693    37.813     9.28    7.81
 238504.808    40.520     9.37    6.86
 238793.925    43.059     8.78    4.65
 239083.044    44.379     4.57    3.77
 239372.167    44.710     1.14    3.87
 239661.291    44.894     0.64    4.25
 239950.419    45.063     0.58    3.97
 240239.549    44.865    -0.68    4.37
 240528.682    45.641     2.68    4.18
 240817.818    46.348     2.44    4.22
 241106.956    46.878     1.83    3.53
 241396.097    47.486     2.10    3.50
 241685.240    47.915     1.48    3.52
 241974.387    47.848    -0.23    3.50
 242263.535    47.129    -2.48    3.35
 242552.687    47.086    -0.15    3.91
 242841.841    47.063    -0.08    4.16
 243130.998    47.529     1.61    4.45
 243420.158    47.936     1.41    4.82
 243709.320    49.020     3.75    4.58
 243998.485    50.508     5.15    3.91
 244287.652    51.296     2.73    3.34
 244576.822    51.813     1.79    3.13
 244865.995    52.658     2.92    2.50
 245155.171    52.896     0.82    2.34
 245444.349    53.182     0.99    2.27
 245733.530    53.429     0.86    2.04
 246022.714    53.546     0.40    2.01
 246311.900    53.572     0.09    1.95
 246601.089    54.000     1.48    2.18
 246890.281    54.129     0.45    2.31
 247179.475    54.329     0.69    2.38
 247468.672    54.520     0.66    2.31
 247757.872    54.379    -0.49    2.57
 248047.074    54.163    -0.75    2.62
 248336.279    54.077    -0.30    2.56
 248625.487    53.629    -1.55    2.74
 248914.698    52.606    -3.54    2.83
 249203.911    51.396    -4.19    3.32
 249493.127    50.996    -1.38    3.05
 249782.346    50.016    -3.39    3.28
 250071.567    49.072    -3.27    3.77
 250360.791    48.831    -0.83    3.87
 250650.018    48.796    -0.12    3.98
 250939.247    48.629    -0.58    4.10
 251228.479    48.474    -0.54    3.90
 251517.714    47.881    -2.05    4.21
 251806.952    48.262     1.32    4.02
 252096.192    48.296     0.12    3.71
 252385.435    48.417     0.42    3.51
 252674.680    48.747     1.14    2.99
 252963.929    49.262     1.78    2.57
 253253.180    49.865     2.09    1.87
 253542.434    50.055     0.66    1.89
 253831.690    50.513     1.58    1.98
 254120.950    50.763     0.86    2.24
 254410.212    50.969     0.71    2.42
 254699.476    50.579    -1.35    2.60
 254988.744    50.314    -0.92    2.80
 255278.014    49.831    -1.67    2.90
 255567.287    49.042    -2.73    2.98
 255856.562    48.329    -2.46    2.81
 256145.841    47.616    -2.47    2.52
 256435.122    47.671     0.19    2.52
 256724.405    47.762     0.31    2.68
 257013.692    47.406    -1.23    3.07
 257302.981    47.119    -0.99    3.16
 257592.273    46.976    -0.49    3.47
 257881.568    46.372    -2.09    4.21
 258170.865    44.186    -7.56    5.72
 258460.166    43.296    -3.08    5.83
 258749.469    43.747     1.56    6.08
 259038.774    44.879     3.91    6.68
 259328.083    46.042     4.02    6.85
 259617.394    47.313     4.39    6.67
 259906.708    48.993     5.80    5.81
 260196.024    49.513     1.80    4.85
 260485.344    49.589     0.26    4.76
 260774.666    48.996    -2.05    4.87
 261063.991    48.396    -2.07    4.51
 261353.318    47.589    -2.79    3.97
 261642.649    47.727     0.48    3.47
 261931.982    47.779     0.18    3.74
 262221.318    48.239     1.59    3.58
 262510.657    48.831     2.05    3.69
 262799.998    49.329     1.72    3.78
 263089.342    49.848     1.79    3.93
 263378.689    50.644     2.75    3.51
 263668.039    50.681     0.13    3.64
 263957.391    50.779     0.34    3.72
 264246.747    51.042     0.91    3.93
 264536.105    51.621     2.00    3.96
 264825.465    51.762     0.49    4.03
 265114.829    51.711    -0.17    3.82
 265404.195    51.613    -0.34    3.53
 265693.564    51.463    -0.52    3.49
 265982.936    51.486     0.08    3.31
 266272.311    50.929    -1.92    3.47
 266561.688    50.042    -3.07    3.68
 266851.068    49.629    -1.42    3.71
 267140.451    49.813     0.63    3.46
 267429.837    50.033     0.76    3.47
 267719.226    50.113     0.27    3.24
 268008.617    49.829    -0.98    3.51
 268298.011    49.220    -2.11    3.90
 268587.408    48.193    -3.55    4.15
 268876.808    47.075    -3.86    4.52
 269166.210    45.863    -4.19    4.52
 269455.615    44.287    -5.44    4.88
 269745.023    42.288    -6.91    5.35
 270034.434    40.296    -6.88    5.32
 270323.848    38.896    -4.84    4.75
 270613.264    38.046    -2.94    4.79
 270902.683    36.457    -5.49    4.92
 271192.105    34.675    -6.16    5.11
 271481.530    33.165    -5.22    5.13
 271770.958    31.567    -5.52    5.56
 272060.388    29.896    -5.77    5.76
 272349.821    28.974    -3.19    5.41
 272639.257    28.469    -1.74    5.19
 272928.696    28.538     0.24    5.25
 273218.138    28.474    -0.22    4.65
 273507.582    28.951     1.65    4.09
 273797.029    29.386     1.50    3.62
 274086.479    29.606     0.76    3.27
 274375.932    29.434    -0.60    2.91
 274665.388    28.882    -1.91    2.89
 274954.846    27.279    -5.54    4.09
 275244.308    26.239    -3.60    4.36
 275533.772    25.313    -3.20    4.32
 275823.239    24.246    -3.69    3.79
 276112.708    23.814    -1.49    3.36
 276402.181    23.624    -0.66    2.78
 276691.656    24.108     1.67    2.43
 276981.135    24.196     0.31    2.21
 277270.616    23.960    -0.82    2.32
 277560.099    23.653    -1.06    2.32
 277849.586    23.796     0.49    2.35
 278139.076    24.020     0.77    2.26
 278428.568    23.987    -0.12    2.09
 278718.063    23.780    -0.71    2.00
 279007.561    23.983     0.70    2.09
 279297.062    23.728    -0.88    2.32
 279586.566    23.350    -1.31    2.65
 279876.072    22.603    -2.58    2.99
 280165.581    21.508    -3.78    3.65
 280455.094    20.263    -4.30    5.12
 280744.609    18.382    -6.50    5.70
 281034.126    16.850    -5.29    6.12
 281323.647    16.196    -2.26    6.26
 281613.171    15.693    -1.74    6.09
 281902.697    15.496    -0.68    6.18
 282192.226    16.129     2.19    6.54
 282481.758    17.417     4.45    6.37
 282771.293    18.589     4.05    5.69
 283060.831    19.727     3.93    5.01
 283350.372    19.960     0.80    4.76
 283639.915    20.520     1.93    3.97
 283929.462    21.713     4.12    3.16
 284219.011    22.538     2.85    2.71
 284508.563    23.033     1.71    2.89
 284798.118    22.893    -0.49    3.86
 285087.676    21.966    -3.20    5.45
 285377.236    20.546    -4.90    6.85
 285666.800    19.779    -2.65    7.55
 285956.366    19.606    -0.59    7.51
 286245.909    18.966    -2.21    7.35
 286534.861    18.196    -2.66    7.42
 286823.816    17.296    -3.11    7.36
 287112.774    17.158    -0.48    7.14
 287401.734    16.829    -1.14    6.69
 287690.698    18.656     6.32    5.88
 287979.664    18.813     0.54    4.94
 288268.633    19.101     1.00    4.08
 288557.605    18.932    -0.59    3.67
 288846.580    18.525    -1.41    3.73
 289135.558    18.163    -1.25    3.63
 289424.538    17.796    -1.27    3.60
 289713.522    17.124    -2.33    3.59
 290002.508    17.042    -0.28    3.20
 290291.497    16.146    -3.10    2.11
 290580.489    16.042    -0.36    1.82
 290869.484    16.593     1.91    2.09
 291158.482    16.589    -0.01    2.49
 291447.483    16.463    -0.44    3.13
 291736.486    15.983    -1.66    3.63
 292025.493    14.796    -4.11    3.98
 292314.502    15.227     1.49    5.32
 292603.514    15.656     1.48    5.71
 292892.529    16.058     1.39    5.96
 293181.547    17.163     3.82    5.56
 293470.568    18.215     3.64    4.98
 293759.592    18.287     0.25    4.27
 294048.619    17.141    -3.97    4.02
 294337.648    15.508    -5.65    4.35
 294626.680    13.382    -7.35    4.54
 294915.716    11.567    -6.28    4.35
 295204.754    11.434    -0.46    5.14
 295493.795    11.881     1.55    6.09
 295782.839    13.936     7.11    7.22
 296071.886    15.996     7.13    7.40
 296360.936    17.554     5.39    6.64
 296649.988    18.727     4.06    5.30
 296939.044    18.946     0.76    4.30
 297228.102    18.658    -1.00    3.72
 297517.164    18.210    -1.55    3.78
 297806.228    17.346    -2.99    3.56
 298095.295    16.932    -1.43    3.48
 298384.365    16.199    -2.53    3.63
 298673.438    15.546    -2.26    3.36
 298962.514    16.146     2.08    4.89
 299251.593    17.600     5.03    7.04
 299540.675    19.538     6.71    9.05
 299829.759    20.663     3.89    9.84
 300118.847    22.429     6.11   10.59
 300407.937    24.624     7.59   11.16
 300697.031    26.572     6.74   11.23
 300986.127    28.237     5.76   10.88
 301275.226    30.847     9.03    9.78
 301564.328    33.409     8.86    7.74
 301853.433    35.508     7.26    5.25
 302142.541    36.936     4.94    2.59
 302431.652    37.186     0.86    2.30
 302720.766    36.848    -1.17    2.50
 303009.883    36.976     0.44    2.59
 303299.002    37.158     0.63    2.75
 303588.125    36.469    -2.39    2.63
 303877.251    35.744    -2.50    2.95
 304166.379    35.055    -2.39    3.30
 304455.511    34.474    -2.01    3.40
 304744.645    34.013    -1.59    3.97
 305033.782    32.567    -5.00    4.61
 305322.922    31.165    -4.85    5.73
 305612.066    30.520    -2.23    6.08
 305901.212    30.296    -0.78    6.33
 306190.361    30.254    -0.15    6.13
 306479.513    30.063    -0.66    5.88
 306768.668    30.279     0.75    5.45
 307057.826    30.983     2.43    4.91
 307346.986    31.358     1.30    4.01
 307636.150    32.046     2.38    2.48
 307925.317    32.026    -0.07    2.47
 308214.487    31.727    -1.03    2.47
 308503.659    31.237    -1.70    2.66
 308792.835    30.762    -1.64    2.51
 309082.013    30.463    -1.04    2.46
 309371.195    30.813     1.21    2.49
 309660.379    31.013     0.69    2.50
 309949.567    30.696    -1.10    2.67
 310238.757    30.262    -1.50    3.14
 310527.951    29.629    -2.19    3.30
 310817.147    29.365    -0.91    3.21
 311106.346    29.140    -0.78    3.11
 311395.548    28.513    -2.17    2.92
 311684.754    27.830    -2.36    3.04
 311973.962    28.072     0.84    2.96
 312263.173    28.375     1.05    3.09
 312552.387    28.780     1.40    3.32
 312841.604    29.246     1.61    3.40
 313130.824    29.927     2.36    3.17
 313420.047    30.423     1.71    3.03
 313709.273    30.813     1.35    3.00
 313998.502    31.063     0.86    2.85
 314287.734    30.986    -0.27    2.50
 314576.969    30.239    -2.58    2.81
 314866.207    29.606    -2.19    2.87
 315155.448    29.624     0.06    2.62
 315444.692    29.641     0.06    2.59
 315733.939    29.763     0.42    2.86
 316023.189    29.129    -2.19    4.69
 316312.442    26.469    -9.20    8.42
 316601.698    22.496   -13.73   10.87
 316890.956    19.028   -11.99   11.50
 317180.218    15.193   -13.26   10.82
 317469.483    11.091   -14.18    8.51
 317758.751     8.263    -9.78    5.74
 318048.022     6.616    -5.69    1.47
 318337.296     6.403    -0.73    1.47
 318626.572     6.389    -0.05    1.73
 318915.852     6.355    -0.12    1.76
 319205.135     6.651     1.02    1.72
 319494.421     6.976     1.13    1.80
 319783.710     7.389     1.43    1.84
 320073.002     8.237     2.93    3.02
 320362.296    10.118     6.50    6.35
 320651.594    14.974    16.79   11.81
 320940.895    19.663    16.21   14.10
 321230.199    24.190    15.65   14.99
 321519.506    28.813    15.98   14.43
 321808.816    31.939    10.80   13.40
 322098.129    34.396     8.49   13.12
 322387.445    35.417     3.53   12.52
 322676.764    36.213     2.75   11.96
 322966.086    37.013     2.77   11.11
 323255.411    39.331     8.01    9.24
 323544.739    41.434     7.27    8.22
 323834.070    42.986     5.36    7.48
 324123.404    45.452     8.52    5.51
 324412.741    46.986     5.30    4.01
 324702.081    47.846     2.97    4.09
 324991.424    48.055     0.72    4.13
 325280.770    47.711    -1.19    4.40
 325570.119    47.026    -2.37    4.71
 325859.472    46.363    -2.29    4.91
 326148.827    45.321    -3.60    4.80
 326438.185    44.077    -4.30    5.40
 326727.547    42.986    -3.77    5.75
 327016.911    41.983    -3.47    5.89
 327306.278    41.779    -0.70    5.45
 327595.649    41.485    -1.02    5.51
 327885.022    41.382    -0.35    5.40
 328174.399    41.596     0.74    5.06
 328463.779    42.262     2.30    5.07
 328753.161    43.731     5.08    4.68
 329042.547    44.913     4.09    3.48
 329331.936    45.525     2.12    3.28
 329621.327    46.163     2.20    3.23
 329910.722    47.158     3.44    3.12
 330200.120    47.372     0.74    2.68
 330489.521    47.469     0.33    2.79
 330778.925    47.649     0.62    2.71
 331068.332    48.079     1.49    2.58
 331357.742    47.848    -0.80    2.87
 331647.155    46.762    -3.75    4.43
 331936.571    45.986    -2.68    5.27
 332225.991    45.429    -1.92    5.41
 332515.413    45.152    -0.96    5.44
 332804.839    45.446     1.02    5.47
 333094.267    45.683     0.82    5.44
 333383.699    45.887     0.71    5.13
 333673.133    46.147     0.90    4.72
