#   26.796  -1.403   3.062 ;Mean Elev.(m), Avg Gradient(m/km), RMS Gradient(m/km) - SRTM1     
#   29.085  -1.124   2.868 ;Mean Elev.(m), Avg Gradient(m/km), RMS Gradient(m/km) - ASTER GDEM
#   26.204  -1.106   3.348 ;Mean Elev.(m), Avg Gradient(m/km), RMS Gradient(m/km) - GMTED2010 
   1 295.234589  -3.173700    34.570    34.560  6 54668.95248715 34.833
   2 295.233039  -3.172813    33.641    33.618  5 54678.86813070 35.834
   3 295.234670  -3.174482    14.349    14.351  6 54688.78377411 25.549
   4 295.239024  -3.178079    32.215    32.220  8 54698.69941635 29.254
   5 295.241488  -3.180257    13.738    13.709 10 54708.61506051 16.151
   6 295.237258  -3.176578    28.786    28.583  8 54718.53071128 36.613
   7 295.231913  -3.171969    14.540    14.530  5 54728.44635908 24.721
   8 295.227588  -3.169269    32.381    32.328  5 54738.36200561 23.817
   9 295.225701  -3.168999    28.898    28.742  4 54748.27765244 49.082
  10 295.225443  -3.169429    27.722    27.604  5 54758.19329911 50.693
  11 295.226284  -3.168307    28.116    28.105  5 54768.10894335 34.936
  12 295.229146  -3.170865    28.966    28.947  6 54778.02458522 38.975
  13 295.230782  -3.171517    32.221    32.206  6 54787.94022431 26.151
  14 295.231713  -3.171872    29.652    29.650  5 54797.85586261 23.606
  15 295.234454  -3.174417    31.428    31.224  6 54807.77150176 35.942
  16 295.238647  -3.177589    31.945    31.684  8 54817.68714075 31.055
  17 295.236701  -3.175615    31.796    31.766  8 54827.60279092 29.406
  18 295.232035  -3.172455    31.173    31.146  6 54837.51842953 38.382
  19 295.226859  -3.170089    31.344    31.319  5 54847.43407845 45.919
  20 295.222958  -3.166863    33.148    33.106  6 54857.34972648 41.414
  21 295.222584  -3.168051    34.098    34.067  6 54867.26537555 32.419
  22 295.223120  -3.167934    34.504    34.473  6 54877.18102359 40.330
  23 295.224217  -3.166849    34.839    34.838  6 54887.09666842 50.703
  24 295.224257  -3.167369    35.222    35.226  6 54897.01231002 46.172
  25 295.222896  -3.166898    35.685    35.703  6 54906.92794885 36.885
  26 295.223338  -3.168129    36.277    36.314  6 54916.84358721 37.483
  27 295.225281  -3.168685    36.452    36.468  5 54926.75922566 35.483
  28 295.229706  -3.171653    36.890    36.810  5 54936.67486428 40.109
  29 295.234226  -3.172864    37.179    37.154  6 54946.59050073 37.310
  30 295.240480  -3.179093    37.431    37.398  9 54956.50613604 39.580
  31 295.236622  -3.175673    37.653    37.656  7 54966.42178379 39.966
  32 295.233099  -3.173012    37.851    37.839  5 54976.33743043 47.055
  33 295.231399  -3.172311    35.787    35.793  5 54986.25307734 27.689
  34 295.231659  -3.172743    35.628    35.630  6 54996.16872465 27.375
  35 295.231580  -3.172270    38.276    38.209  6 55006.08437008 52.407
  36 295.230450  -3.171171    38.178    38.181  5 55016.00001309 51.043
  37 295.229159  -3.171064    37.932    37.931  5 55025.91565503 39.595
  38 295.228505  -3.171275    37.533    37.537  5 55035.83129687 38.932
  39 295.229988  -3.170736    36.925    36.879  5 55045.74693815 40.750
  40 295.235233  -3.174504    36.134    36.137  6 55055.66257902 36.941
  41 295.239942  -3.178404    35.081    35.102  9 55065.57821763 41.181
  42 295.236274  -3.175891    33.533    33.587  7 55075.49386549 34.526
  43 295.230033  -3.170872    32.158    32.084  5 55085.40951180 41.798
  44 295.226528  -3.169771    33.299    33.294  5 55095.32515734 27.826
  45 295.225936  -3.169632    32.935    32.838  5 55105.24080293 27.568
  46 295.226779  -3.169358    27.484    27.377  5 55115.15644828 42.123
  47 295.228993  -3.171261    28.015    27.983  5 55125.07209176 42.319
  48 295.230282  -3.171657    30.348    30.671  6 55134.98773228 33.384
  49 295.231039  -3.172226    32.244    32.290  6 55144.90337091 28.671
  50 295.231224  -3.171466    32.151    32.157  6 55154.81900890 27.535
  51 295.233093  -3.173093    31.888    31.900  6 55164.73464807 27.649
  52 295.236064  -3.174536    31.460    31.578  7 55174.65028720 29.252
  53 295.240020  -3.179359    31.706    32.003  9 55184.56592887 25.461
  54 295.234703  -3.173989    31.716    31.706  7 55194.48157908 37.995
  55 295.229299  -3.171141    32.438    32.511  6 55204.39722827 42.783
  56 295.225582  -3.168937    32.352    32.338  4 55214.31287685 32.294
  57 295.224010  -3.167234    32.129    32.163  6 55224.22852500 30.011
  58 295.224724  -3.167899    32.137    31.973  6 55234.14417200 51.966
  59 295.226576  -3.168967    32.862    32.800  5 55244.05981588 53.574
  60 295.226461  -3.169399    32.729    32.640  5 55253.97545644 36.224
  61 295.223917  -3.166451    32.841    32.840  6 55263.89109444 37.415
  62 295.223703  -3.166035    32.969    32.969  6 55273.80673244 35.829
  63 295.227450  -3.169551    33.292    33.205  5 55283.72237131 31.723
  64 295.232789  -3.172862    33.755    33.763  6 55293.63800894 33.862
  65 295.237042  -3.176357    34.456    34.463  8 55303.55364745 36.201
  66 295.233509  -3.172586    35.079    35.066  6 55313.46929424 37.459
  67 295.231385  -3.172381    35.644    35.649  6 55323.38493947 37.588
  68 295.229852  -3.171393    35.950    35.899  6 55333.30058297 50.127
  69 295.229399  -3.170955    35.996    35.986  5 55343.21622638 51.463
  70 295.230101  -3.170854    36.130    36.125  6 55353.13186946 45.021
  71 295.231745  -3.172231    36.114    36.133  6 55363.04751075 36.423
  72 295.232499  -3.172120    35.933    35.915  6 55372.96314986 36.571
  73 295.233804  -3.173203    35.621    35.606  5 55382.87878814 41.595
  74 295.235754  -3.174986    34.331    34.326  6 55392.79442605 31.917
  75 295.240315  -3.179236    33.351    33.345  9 55402.71006337 34.244
  76 295.238055  -3.177313    32.421    32.330  8 55412.62571459 30.858
  77 295.234903  -3.174013    31.051    30.943  6 55422.54136312 34.243
  78 295.232184  -3.172792    30.769    30.799  6 55432.45700932 31.284
  79 295.228874  -3.171384    27.716    28.256  5 55442.37265323 36.167
  80 295.227144  -3.170176    24.047    24.012  5 55452.28829562 46.133
  81 295.228041  -3.169658    24.433    24.367  5 55462.20393745 36.604
  82 295.231377  -3.171358    29.986    30.789  6 55472.11957819 30.058
  83 295.234824  -3.173546    28.336    30.576  6 55482.03521623 29.736
  84 295.237724  -3.176829    24.770    22.546  7 55491.95085233 31.136
  85 295.240476  -3.179910    31.736    31.955  9 55501.86648692 22.541
  86 295.238237  -3.177751    30.483    30.717  8 55511.78213122 23.356
  87 295.234582  -3.173678    27.431    27.639  6 55521.69778017 29.963
  88 295.232804  -3.173209    31.049    31.009  6 55531.61342887 23.672
  89 295.230719  -3.171090    27.809    27.204  6 55541.52907558 35.756
  90 295.229439  -3.170927    31.249    31.246  5 55551.44472058 24.638
  91 295.228029  -3.170662    27.498    27.453  5 55561.36036383 43.589
  92 295.228364  -3.170676    28.360    28.275  5 55571.27600633 45.385
  93 295.230400  -3.171831    28.474    28.415  5 55581.19164787 41.103
  94 295.233402  -3.173464    30.847    30.926  6 55591.10728651 24.936
  95 295.237241  -3.176241    30.769    30.764  8 55601.02292219 31.319
  96 295.240528  -3.179548    30.993    30.659  9 55610.93855593 28.689
  97 295.243337  -3.182095    31.611    31.545 10 55620.85418867 33.012
  98 295.237060  -3.175944    31.521    31.586  8 55630.76983998 31.226
  99 295.234153  -3.172691    32.020    31.996  6 55640.68549044 36.433
 100 295.234081  -3.173980    32.314    32.344  6 55650.60113948 32.891
 101 295.232805  -3.172777    33.334    33.407  6 55660.51678426 35.313
 102 295.231070  -3.171531    34.349    34.369  6 55670.43242537 42.988
 103 295.230724  -3.171241    34.916    34.919  6 55680.34806464 39.623
 104 295.233185  -3.172297    35.509    35.482  6 55690.26370229 56.071
 105 295.237811  -3.176226    35.976    35.966  8 55700.17933897 50.880
 106 295.241065  -3.179838    36.351    36.297  9 55710.09497871 38.840
 107 295.236710  -3.175401    36.752    36.734  7 55720.01062706 40.689
 108 295.233326  -3.173748    36.844    36.875  6 55729.92627394 38.673
 109 295.231122  -3.171502    36.935    36.870  5 55739.84191970 35.519
 110 295.230767  -3.171435    36.743    36.690  6 55749.75756504 41.290
 111 295.231849  -3.171989    36.361    36.302  6 55759.67320844 38.691
 112 295.233930  -3.174168    35.832    35.842  6 55769.58884943 40.235
 113 295.235156  -3.174347    35.065    35.067  6 55779.50448670 38.119
 114 295.237372  -3.176211    33.724    33.741  8 55789.42012162 45.676
 115 295.241267  -3.180291    31.587    31.530 10 55799.33575570 46.509
 116 295.239303  -3.177733    27.725    27.694  9 55809.25140105 48.855
 117 295.238851  -3.178021    30.210    30.782  9 55819.16704946 37.674
 118 295.240466  -3.180064    31.491    31.858  9 55829.08269406 23.149
 119 295.241214  -3.180138    25.963    25.958 10 55838.99833380 42.076
 120 295.240987  -3.179693    31.549    31.718 10 55848.91397050 27.085
 121 295.242480  -3.181543    31.465    31.413 10 55858.82960611 22.179
 122 295.239394  -3.178305    31.179    31.018  8 55868.74525361 22.587
 123 295.237311  -3.176461    28.808    28.762  7 55878.66090511 29.214
 124 295.237234  -3.176694    31.192    30.918  7 55888.57655064 23.030
 125 295.237481  -3.176359    29.066    29.032  8 55898.49219031 37.421
 126 295.240098  -3.179221    29.884    29.679  9 55908.40782573 30.191
 127 295.235662  -3.175147    31.260    31.344  7 55918.32347335 26.889
 128 295.232246  -3.172583    32.151    32.133  5 55928.23912553 52.794
 129 295.231685  -3.172220    33.480    33.305  6 55938.15477476 44.107
 130 295.231339  -3.171891    33.870    33.851  6 55948.07041911 34.912
 131 295.231107  -3.171984    34.492    34.458  5 55957.98605901 34.423
 132 295.231001  -3.171512    34.865    34.879  5 55967.90169665 35.297
 133 295.232748  -3.172741    35.103    35.117  5 55977.81733420 35.238
 134 295.237041  -3.176014    35.428    35.399  7 55987.73297192 35.562
 135 295.241145  -3.180162    35.796    35.733  9 55997.64861324 35.852
 136 295.237409  -3.175909    36.211    36.203  8 56007.56426391 38.302
 137 295.233353  -3.172101    36.614    36.632  6 56017.47991038 36.841
 138 295.229874  -3.170828    37.092    37.062  5 56027.39555421 45.549
 139 295.228305  -3.170381    37.457    37.457  6 56037.31119638 54.463
 140 295.230511  -3.171463    37.909    37.905  6 56047.22683701 52.598
 141 295.235097  -3.174897    38.261    38.294  6 56057.14247541 45.757
 142 295.242160  -3.181720    38.375    38.388 10 56067.05811040 41.560
 143 295.238065  -3.177373    38.543    38.503  8 56076.97375729 50.613
 144 295.232502  -3.172350    38.448    38.411  5 56086.88940437 36.615
 145 295.230696  -3.172030    38.371    38.385  6 56096.80505050 41.364
 146 295.231444  -3.172259    37.969    37.997  6 56106.72069505 38.485
 147 295.233589  -3.173036    37.389    37.356  6 56116.63632548 37.447
 148 295.236984  -3.176086    36.431    36.420  7 56126.55196437 36.088
 149 295.239570  -3.178357    35.451    35.476  9 56136.46759911 36.761
 150 295.236843  -3.175895    33.996    34.007  7 56146.38324200 44.343
 151 295.233329  -3.172716    32.103    32.021  6 56156.29889014 44.372
 152 295.232404  -3.171774    29.824    29.806  6 56166.21453790 42.613
 153 295.233932  -3.173965    30.154    30.451  6 56176.13018414 32.816
 154 295.235784  -3.174864    31.893    32.117  6 56186.04582519 26.276
 155 295.236881  -3.175640    28.034    28.228  8 56195.96146244 38.235
 156 295.237949  -3.177038    32.274    32.385  8 56205.87709714 28.987
 157 295.240543  -3.179488    28.790    28.440 10 56215.79273106 33.023
 158 295.243102  -3.181853    28.632    28.225 10 56225.70837143 32.140
 159 295.240421  -3.179907    30.461    30.114  9 56235.62402663 23.343
 160 295.237115  -3.176137    31.992    32.078  7 56245.53967753 28.227
 161 295.233799  -3.172877    31.978    32.032  6 56255.45532343 23.334
 162 295.232037  -3.172073    28.346    27.989  5 56265.37096579 34.401
 163 295.231702  -3.171957    28.582    28.551  6 56275.28660652 44.390
 164 295.232033  -3.172519    28.658    28.590  5 56285.20225209 36.549
 165 295.231197  -3.171271    31.055    31.326  6 56295.11790220 30.841
 166 295.230567  -3.171285    32.102    32.120  6 56305.03354837 34.403
 167 295.229507  -3.171471    33.154    33.061  5 56314.94919106 35.612
 168 295.228337  -3.170327    33.544    33.556  6 56324.86483185 34.956
 169 295.229707  -3.171273    33.945    33.895  5 56334.78047275 32.721
 170 295.232992  -3.172890    34.244    34.231  5 56344.69611318 32.470
 171 295.237848  -3.177022    34.775    34.747  8 56354.61175197 35.914
 172 295.236849  -3.176346    35.323    35.341  7 56364.52739700 37.889
 173 295.231712  -3.171928    36.014    35.990  5 56374.44304499 36.574
 175 295.226636  -3.169615    36.829    36.819  5 56394.27433383 49.468
 176 295.228438  -3.170163    37.080    37.137  5 56404.18997572 41.823
 177 295.232350  -3.172327    37.417    37.480  6 56414.10561504 38.502
 178 295.238703  -3.177556    37.865    37.892  8 56424.02125030 45.208
 179 295.237337  -3.176265    37.902    37.939  8 56433.93689470 39.276
 180 295.230914  -3.171402    37.964    37.996  6 56443.85254517 40.234
 181 295.227903  -3.170971    38.002    37.963  5 56453.76819447 41.086
 182 295.227048  -3.169954    37.796    37.747  5 56463.68384131 37.230
 183 295.228110  -3.169839    37.371    37.399  5 56473.59948509 42.255
 184 295.230777  -3.172172    37.057    37.002  6 56483.51512613 37.302
 185 295.232121  -3.171989    36.719    36.665  6 56493.43076298 43.425
 186 295.235029  -3.173953    36.084    36.044  6 56503.34639782 50.414
 187 295.241571  -3.180401    35.284    35.176  9 56513.26203210 55.550
 188 295.241133  -3.180097    34.209    34.183 10 56523.17768061 52.963
 189 295.238264  -3.177016    33.531    33.477  8 56533.09333115 48.946
 191 295.232821  -3.172947    31.695    31.725  6 56552.92462191 33.073
 192 295.231022  -3.171472    31.578    31.075  5 56562.84026409 29.584
 193 295.231467  -3.172005    32.665    32.575  5 56572.75590591 24.604
 194 295.234324  -3.173758    31.757    32.111  6 56582.67154636 26.932
 195 295.241147  -3.180235    30.487    30.030 10 56592.58718377 26.746
 196 295.237605  -3.176680    31.149    31.666  8 56602.50283421 29.472
 197 295.233067  -3.172662    30.822    31.070  6 56612.41848270 27.062
 198 295.231561  -3.172640    32.245    32.231  6 56622.33412768 26.272
 199 295.231299  -3.172000    31.493    31.451  5 56632.24976956 46.263
 200 295.234577  -3.173484    31.726    31.720  6 56642.16540769 46.362
 201 295.233613  -3.172481    32.094    32.063  6 56652.08105659 47.031
 202 295.231699  -3.172369    32.026    32.199  5 56661.99670598 27.887
 203 295.229329  -3.170870    32.478    32.614  5 56671.91235235 30.677
 204 295.228288  -3.170953    32.920    32.932  5 56681.82799774 31.231
 205 295.229351  -3.171388    33.222    33.075  5 56691.74364155 27.888
 206 295.232659  -3.172564    33.530    33.523  6 56701.65928199 32.130
 207 295.237589  -3.176739    33.525    33.560  7 56711.57491825 29.941
 208 295.234012  -3.172481    33.932    33.941  6 56721.49056250 35.230
 209 295.228316  -3.169702    34.392    34.414  5 56731.40621340 47.004
 210 295.225580  -3.168852    34.950    34.949  4 56741.32186089 54.625
 211 295.225958  -3.168215    35.458    35.460  5 56751.23750419 53.839
 212 295.230922  -3.172107    35.881    35.905  6 56761.15314356 38.761
 213 295.237546  -3.176191    36.221    36.226  8 56771.06877643 46.762
 214 295.232489  -3.172618    36.645    36.623  5 56780.98442908 42.093
 215 295.227099  -3.170088    37.123    37.074  5 56790.90008265 34.309
 216 295.222424  -3.167209    37.594    37.534  6 56800.81573335 39.311
 217 295.222293  -3.167115    37.891    37.944  6 56810.73137826 38.378
 218 295.223879  -3.165848    37.945    37.940  6 56820.64701850 47.290
 219 295.228850  -3.170427    38.021    37.972  6 56830.56265616 45.886
 220 295.233930  -3.173708    35.767    35.772  6 56840.47829025 30.627
 221 295.237598  -3.177015    37.752    37.709  8 56850.39392638 39.134
 222 295.232322  -3.172387    37.394    37.338  5 56860.30957904 42.743
 223 295.230077  -3.171465    36.855    36.888  5 56870.22523178 50.916
 224 295.229299  -3.171400    36.089    36.051  5 56880.14088210 52.697
 225 295.228096  -3.170479    35.163    35.077  5 56890.05652862 48.405
 226 295.225949  -3.169223    34.251    34.186  5 56899.97217223 31.191
 227 295.223451  -3.167278    33.228    33.235  6 56909.88781374 30.542
 228 295.223545  -3.165870    32.090    31.946  6 56919.80345423 37.666
 229 295.228427  -3.170307    32.390    32.603  5 56929.71909448 20.722
 230 295.234854  -3.174314    31.396    31.143  6 56939.63473029 27.814
 231 295.240001  -3.179588    30.099    30.016  9 56949.55036892 25.863
 232 295.233832  -3.173397    30.692    30.763  6 56959.46601990 31.218
 233 295.229822  -3.170778    30.635    30.654  6 56969.38166650 42.466
 234 295.229704  -3.171028    31.926    32.001  5 56979.29730992 29.972
 235 295.232803  -3.172734    32.120    32.260  6 56989.21294930 28.963
 236 295.240321  -3.179322    31.882    31.716 10 56999.12858372 38.391
 237 295.237181  -3.175964    32.204    32.232  8 57009.04423418 33.286
 238 295.232793  -3.172830    32.290    32.224  6 57018.95988569 35.884
 239 295.229440  -3.170762    32.752    32.693  5 57028.87553472 30.574
 240 295.228111  -3.170378    33.341    33.338  5 57038.79118287 34.449
 241 295.228569  -3.169912    34.115    34.108  5 57048.70682896 35.290
 242 295.231480  -3.171699    34.776    34.730  6 57058.62247188 36.381
 243 295.234343  -3.172971    35.068    35.097  6 57068.53810896 34.076
 244 295.237368  -3.176496    35.500    35.525  7 57078.45374212 35.934
 245 295.238815  -3.177951    35.941    35.854  9 57088.36937758 37.839
 246 295.231825  -3.172486    36.111    36.053  5 57098.28503419 36.089
 247 295.228905  -3.170511    36.550    36.533  6 57108.20068873 48.025
 248 295.229632  -3.170949    36.755    36.736  5 57118.11633883 32.818
 249 295.230385  -3.171590    37.250    37.173  6 57128.03198287 44.256
 250 295.230724  -3.171766    37.583    37.609  6 57137.94762129 40.766
 251 295.232632  -3.173043    37.924    37.942  6 57147.86325647 39.275
 252 295.237454  -3.176478    38.258    38.223  7 57157.77889000 38.294
 253 295.237908  -3.176836    38.648    38.657  8 57167.69453696 39.818
 254 295.233707  -3.172723    39.012    39.026  6 57177.61019228 41.126
 255 295.231200  -3.172394    39.240    39.254  6 57187.52584441 43.182
 256 295.228686  -3.170619    39.164    39.177  6 57197.44149199 41.498
 257 295.227577  -3.170635    38.999    39.003  5 57207.35712610 46.091
 258 295.227913  -3.170703    38.789    38.782  5 57217.27277040 56.376
 259 295.229768  -3.170619    38.462    38.463  5 57227.18841362 53.806
 260 295.233005  -3.172941    38.109    38.107  5 57237.10405531 56.297
 261 295.235783  -3.174868    37.480    37.440  7 57247.01969350 51.563
 262 295.237856  -3.177082    36.733    36.762  8 57256.93532919 42.612
 263 295.239983  -3.179553    35.628    35.606  9 57266.85096403 35.457
 264 295.238628  -3.177418    34.037    33.994  9 57276.76660925 35.354
 265 295.235729  -3.175015    32.652    32.658  7 57286.68226544 32.443
 266 295.233793  -3.174017    31.227    32.029  6 57296.59791922 30.343
 267 295.231561  -3.172154    26.263    25.188  5 57306.51356915 41.061
 268 295.228634  -3.171327    26.646    25.698  5 57316.42921540 38.849
 269 295.225713  -3.169125    28.281    27.788  5 57326.34485783 37.586
 270 295.226667  -3.170142    28.013    27.992  5 57336.26049903 43.577
 271 295.227076  -3.169540    27.282    27.248  5 57346.17614567 38.700
 272 295.227560  -3.169143    29.115    29.028  5 57356.09179262 43.947
 273 295.228963  -3.170456    29.742    29.188  5 57366.00743634 35.937
 274 295.229923  -3.170959    30.276    30.099  5 57375.92307675 31.954
 275 295.231788  -3.172431    30.549    30.171  5 57385.83871593 34.609
 276 295.234717  -3.173741    31.437    31.468  7 57395.75435486 37.766
 277 295.240166  -3.179142    31.919    31.886  9 57405.66999397 29.428
 278 295.238892  -3.178080    32.067    32.101  9 57415.58564347 30.517
 279 295.234561  -3.174359    32.317    32.429  6 57425.50129424 24.668
 280 295.229714  -3.171305    31.054    30.472  5 57435.41694197 30.804
 281 295.226787  -3.169812    32.099    32.040  5 57445.33258812 32.830
 282 295.226719  -3.170164    32.980    32.888  5 57455.24823389 42.412
 283 295.228977  -3.170760    33.777    33.719  5 57465.16387774 42.118
 284 295.233959  -3.173989    34.276    34.307  6 57475.07951854 43.661
 285 295.237713  -3.176631    34.759    34.741  8 57484.99515563 38.434
 286 295.239596  -3.177801    35.439    35.344  9 57494.91078962 38.971
 287 295.243023  -3.181270    36.018    36.095 11 57504.82642273 33.819
 288 295.235984  -3.174472    36.419    36.493  7 57514.74207722 39.288
 289 295.233345  -3.172920    36.655    36.651  6 57524.65773121 37.292
 290 295.232018  -3.172117    36.903    36.875  5 57534.57338313 34.550
 291 295.230488  -3.171867    37.056    37.034  5 57544.48903211 38.774
 292 295.228621  -3.170577    36.922    36.917  6 57554.40467823 40.104
 293 295.227962  -3.170039    36.818    36.767  5 57564.32032277 34.686
 294 295.228903  -3.171119    36.549    36.547  5 57574.23596703 41.993
 295 295.229893  -3.170671    36.263    36.250  5 57584.15161046 51.700
 296 295.231816  -3.172287    35.732    35.752  6 57594.06725240 49.309
 297 295.233078  -3.173252    34.960    34.977  6 57603.98289206 51.541
