-126851.072    68.550     0.00   11.34
-126561.784    68.255    -1.02   11.35
-126272.495    67.113    -3.95   11.30
-125983.207    68.712     5.53   10.15
-125693.918    68.425    -0.99   10.57
-125404.630    67.130    -4.48   11.15
-125115.341    65.507    -5.61   11.63
-124826.053    63.342    -7.49   12.22
-124536.765    60.331   -10.41   11.75
-124247.476    57.630    -9.34   11.14
-123958.188    55.314    -8.01   10.62
-123668.899    54.142    -4.05   10.27
-123379.611    53.704    -1.51   10.14
-123090.322    52.975    -2.52    9.61
-122801.034    52.630    -1.19    9.78
-122511.745    52.082    -1.89    9.59
-122222.457    52.808     2.51    9.76
-121933.168    53.096     0.99    9.49
-121643.880    54.158     3.67    9.10
-121354.591    53.303    -2.96    8.81
-121065.302    49.941   -11.62   11.47
-120776.014    48.475    -5.07   11.64
-120486.725    47.251    -4.23   10.32
-120197.436    45.795    -5.03    9.89
-119908.148    45.751    -0.15    8.91
-119618.859    46.416     2.30    8.14
-119329.570    45.992    -1.46    8.71
-119040.281    45.389    -2.09    8.45
-118750.993    41.685   -12.80   12.78
-118461.704    38.175   -12.13   14.57
-118172.415    35.525    -9.16   14.49
-117883.126    34.029    -5.17   13.69
-117593.837    33.096    -3.22   13.68
-117304.548    34.399     4.50   14.23
-117015.259    37.433    10.49   13.82
-116725.970    41.275    13.28   11.47
-116436.681    43.872     8.98    8.60
-116147.391    45.992     7.33    8.00
-115858.102    45.624    -1.27    8.20
-115568.813    45.670     0.16    8.33
-115279.524    44.508    -4.02    8.65
-114990.234    42.837    -5.78    9.18
-114700.945    39.561   -11.32   11.63
-114411.655    37.421    -7.40   12.94
-114122.366    35.128    -7.93   12.28
-113833.076    34.225    -3.12   13.09
-113543.787    35.125     3.11   12.60
-113254.497    35.827     2.43   12.50
-112965.207    34.279    -5.35   13.75
-112675.918    33.111    -4.04   14.49
-112386.628    28.389   -16.32   15.92
-112097.338    25.755    -9.11   15.27
-111808.048    22.073   -12.73   13.82
-111518.758    20.578    -5.17   12.47
-111229.468    22.042     5.06   12.45
-110940.178    25.689    12.61   11.46
-110650.887    29.765    14.09    9.18
-110361.597    31.653     6.53    8.58
-110072.307    33.258     5.55    7.68
-109783.016    34.734     5.10    5.97
-109493.726    32.785    -6.73    7.49
-109204.435    30.806    -6.84    8.19
-108915.144    27.822   -10.31    8.47
-108625.854    24.765   -10.57    9.29
-108336.563    22.500    -7.83    9.60
-108047.272    18.993   -12.12   10.46
-107757.981    17.890    -3.81    9.85
-107468.690    16.975    -3.16    9.29
-107179.399    17.319     1.19    8.85
-106890.108    17.268    -0.18    7.71
-106600.816    17.837     1.97    6.94
-106311.525    18.044     0.72    6.68
-106022.234    17.624    -1.45    6.72
-105732.942    17.975     1.21    5.95
-105443.650    16.839    -3.93    6.21
-105154.359    14.319    -8.71    6.52
-104865.067    13.389    -3.22    6.55
-104575.775    12.922    -1.61    6.33
-104286.483    11.467    -5.03    6.47
-103997.191    10.738    -2.52    6.27
-103707.898     9.725    -3.50    5.61
-103418.606     9.624    -0.35    5.78
-103129.314     9.475    -0.52    6.05
-102840.021     9.354    -0.42    6.27
-102550.729     8.872    -1.67    6.11
-102261.436     9.336     1.60    6.40
-101972.143     8.751    -2.02    6.44
-101682.850    10.314     5.40    9.28
-101393.557    11.743     4.94   10.88
-101104.264    13.108     4.72   11.24
-100814.971    14.762     5.72   11.30
-100525.677    14.975     0.74   10.82
-100236.384    14.331    -2.23   10.65
 -99947.090    14.554     0.77   10.45
 -99657.796    12.992    -5.40    9.72
 -99368.503    11.675    -4.55    8.84
 -99079.209    11.873     0.69    9.22
 -98789.915    10.927    -3.27    9.18
 -98500.620    10.904    -0.08    9.26
 -98211.326    11.873     3.35    9.78
 -97922.032    12.256     1.32   10.01
 -97632.737    11.057    -4.14    9.82
 -97343.443     9.483    -5.44    8.88
 -97054.148     9.147    -1.16    8.46
 -96764.853     9.178     0.11    8.55
 -96475.558     8.743    -1.51    7.61
 -96186.263     9.795     3.64    8.74
 -95896.967    10.175     1.31    8.69
 -95607.672    10.433     0.89    8.23
 -95318.376    10.806     1.29    7.85
 -95029.081    11.814     3.49    7.55
 -94739.785    11.450    -1.26    7.34
 -94450.489    10.251    -4.14    6.34
 -94161.193     9.892    -1.24    6.39
 -93871.896     9.382    -1.76    6.77
 -93582.600     9.379    -0.01    7.04
 -93293.303     8.734    -2.23    7.07
 -93004.007     9.147     1.43    7.88
 -92714.710     9.025    -0.42    7.85
 -92425.413     7.820    -4.17    7.49
 -92136.116     6.558    -4.36    6.70
 -91846.818     5.320    -4.28    5.51
 -91557.521     4.063    -4.35    4.22
 -91268.223     3.292    -2.67    2.97
 -90978.926     3.058    -0.81    2.35
 -90689.628     2.909    -0.51    2.25
 -90400.330     2.354    -1.92    1.17
 -90111.031     2.337    -0.06    1.17
 -89821.733     2.348     0.04    1.17
 -89532.435     2.509     0.56    1.19
 -89243.136     2.434    -0.26    1.19
 -88953.837     2.509     0.26    1.13
 -88664.538     2.389    -0.42    1.16
 -88375.239     2.354    -0.12    1.12
 -88085.939     2.372     0.06    1.23
 -87796.640     2.696     1.12    2.31
 -87507.340     3.544     2.93    4.48
 -87218.040     4.483     3.25    5.41
 -86928.740     5.850     4.72    6.99
 -86639.440     6.958     3.83    7.38
 -86350.140     8.073     3.85    7.91
 -86060.839    10.060     6.87    8.78
 -85771.539    10.789     2.52    8.84
 -85482.238    11.063     0.95    8.27
 -85192.963    10.441    -2.15    8.29
 -84903.701     9.941    -1.73    7.54
 -84614.439     9.642    -1.04    7.51
 -84325.176     7.927    -5.93    6.91
 -84035.914     6.221    -5.90    5.85
 -83746.651     4.542    -5.80    4.18
 -83457.388     3.922    -2.14    3.78
 -83168.125     3.642    -0.97    3.18
 -82878.862     3.161    -1.66    2.07
 -82589.599     3.354     0.67    2.78
 -82300.335     4.704     4.67    5.07
 -82011.071     5.186     1.67    5.58
 -81721.807     6.275     3.77    6.42
 -81432.543     6.772     1.72    6.36
 -81143.278     6.792     0.07    6.35
 -80854.014     7.508     2.48    6.55
 -80564.749     8.642     3.92    6.93
 -80275.484     9.517     3.03    7.24
 -79986.219    10.027     1.76    7.15
 -79696.953    11.043     3.51    7.60
 -79407.688    12.399     4.69    7.39
 -79118.422    13.150     2.60    8.33
 -78829.156    13.337     0.65    8.43
 -78539.890    14.546     4.18    9.05
 -78250.623    15.975     4.94    9.99
 -77961.357    16.297     1.11   10.09
 -77672.090    17.775     5.11    9.87
 -77382.823    19.958     7.55    8.96
 -77093.556    20.379     1.45    8.28
 -76804.288    20.825     1.54    7.15
 -76515.020    20.365    -1.59    5.93
 -76225.753    19.814    -1.91    5.32
 -75936.484    20.423     2.11    4.37
 -75647.216    20.923     1.73    3.68
 -75357.947    20.854    -0.24    4.30
 -75068.679    20.889     0.12    4.20
 -74779.410    20.008    -3.05    4.79
 -74490.140    19.872    -0.47    4.44
 -74200.871    19.682    -0.66    4.48
 -73911.601    19.803     0.42    4.63
 -73622.331    19.789    -0.05    4.60
 -73333.061    19.742    -0.16    4.53
 -73043.791    20.785     3.61    4.14
 -72754.520    21.725     3.25    4.18
 -72465.249    21.600    -0.43    4.44
 -72175.978    21.768     0.58    4.40
 -71886.707    21.875     0.37    4.30
 -71597.435    21.692    -0.63    4.00
 -71308.164    21.958     0.92    3.59
 -71018.892    22.189     0.80    3.36
 -70729.619    22.337     0.51    3.75
 -70440.347    22.803     1.61    3.61
 -70151.074    23.842     3.59    3.28
 -69861.801    24.516     2.33    3.41
 -69572.528    25.234     2.48    3.21
 -69283.254    25.242     0.03    4.17
 -68993.980    24.343    -3.11    5.30
 -68704.706    23.492    -2.94    5.81
 -68415.432    22.822    -2.31    6.17
 -68126.158    22.027    -2.75    6.00
 -67836.883    21.758    -0.93    5.37
 -67547.608    21.775     0.06    5.35
 -67258.333    23.060     4.44    3.37
 -66969.057    23.009    -0.17    3.48
 -66679.781    21.992    -3.52    5.47
 -66390.505    21.325    -2.31    5.48
 -66101.229    20.677    -2.24    5.87
 -65811.952    20.825     0.51    6.48
 -65522.676    19.441    -4.79    7.97
 -65233.399    19.123    -1.10    8.18
 -64944.121    17.825    -4.49    9.00
 -64654.844    16.803    -3.53    9.44
 -64365.566    15.820    -3.40    9.56
 -64076.287    14.457    -4.71    9.65
 -63787.009    13.729    -2.52    9.53
 -63497.730    11.925    -6.24    9.75
 -63208.451     9.592    -8.07    9.62
 -62919.172     7.354    -7.73    9.28
 -62629.893     5.796    -5.39    8.71
 -62340.613     4.058    -6.01    7.62
 -62051.333     1.527    -8.75    4.75
 -61762.052     0.175    -4.67    1.55
 -61472.772    -0.025    -0.69    0.00
 -61183.491    -0.025     0.00    0.00
 -60894.209    -0.025     0.00    0.00
 -60604.928    -0.025     0.00    0.00
 -60315.646    -0.025     0.00    0.00
 -60026.364    -0.025     0.00    0.00
 -59737.082    -0.025     0.00    0.00
 -59447.799    -0.025     0.00    0.00
 -59158.516    -0.025     0.00    0.00
 -58869.233    -0.025     0.00    0.00
 -58579.949    -0.025     0.00    0.00
 -58290.666     0.925     3.28    4.54
 -58001.381     3.361     8.42    8.16
 -57712.097     7.285    13.57   10.80
 -57422.812    10.325    10.51   11.30
 -57133.527    11.297     3.36   11.38
 -56844.242    11.592     1.02   11.38
 -56554.956    12.061     1.62   11.27
 -56265.670    13.251     4.11   11.88
 -55976.384    13.256     0.02   12.44
 -55687.098    14.942     5.83   12.94
 -55397.811    17.772     9.78   12.76
 -55108.524    21.578    13.16   10.50
 -54819.236    24.275     9.32    6.43
 -54529.948    24.431     0.54    4.24
 -54240.660    23.094    -4.62    4.71
 -53951.372    21.925    -4.04    4.85
 -53662.083    20.675    -4.32    4.14
 -53372.794    19.942    -2.53    3.83
 -53083.505    19.431    -1.76    3.76
 -52794.215    19.348    -0.29    4.00
 -52504.925    20.182     2.88    3.87
 -52215.635    20.958     2.68    3.98
 -51926.344    21.631     2.33    4.12
 -51637.053    22.782     3.98    3.92
 -51347.762    24.042     4.35    3.21
 -51058.470    24.796     2.61    3.09
 -50769.178    25.056     0.90    3.26
 -50479.886    25.408     1.22    3.29
 -50190.593    25.687     0.96    3.14
 -49901.300    25.527    -0.55    2.96
 -49612.007    25.238    -1.00    2.83
 -49322.714    24.585    -2.26    3.11
 -49033.420    23.568    -3.52    2.69
 -48744.125    22.749    -2.83    2.83
 -48454.831    22.246    -1.74    2.52
 -48165.536    21.225    -3.53    2.71
 -47876.240    20.602    -2.15    2.53
 -47586.945    19.941    -2.29    2.30
 -47297.649    19.418    -1.81    2.33
 -47008.353    19.027    -1.35    2.13
 -46719.056    18.699    -1.13    1.99
 -46429.759    18.320    -1.31    1.76
 -46140.462    18.337     0.06    1.63
 -45851.164    18.342     0.02    1.74
 -45561.866    18.216    -0.43    1.92
 -45272.567    17.975    -0.83    1.95
 -44983.269    17.906    -0.24    1.86
 -44693.969    17.677    -0.79    1.75
 -44404.670    17.565    -0.39    1.78
 -44115.370    17.492    -0.25    1.64
 -43826.070    17.792     1.04    2.49
 -43536.769    18.133     1.18    2.61
 -43247.468    18.372     0.82    2.78
 -42958.167    19.008     2.20    3.30
 -42668.866    19.716     2.45    3.40
 -42379.564    21.092     4.75    3.68
 -42090.261    22.182     3.77    3.43
 -41800.958    22.619     1.51    3.07
 -41511.655    22.343    -0.95    3.12
 -41222.352    21.992    -1.22    3.13
 -40933.048    21.292    -2.42    3.06
 -40643.744    21.009    -0.98    2.71
 -40354.439    21.043     0.12    2.41
 -40065.134    21.564     1.80    2.81
 -39775.829    22.647     3.74    3.91
 -39486.523    24.365     5.94    4.27
 -39197.217    25.542     4.07    4.15
 -38907.911    26.680     3.93    3.59
 -38618.604    27.564     3.06    3.11
 -38329.297    28.212     2.24    2.79
 -38039.989    28.354     0.49    2.29
 -37750.681    28.192    -0.56    1.91
 -37461.372    27.205    -3.41    3.04
 -37172.064    26.433    -2.67    3.54
 -36882.755    25.263    -4.04    3.93
 -36593.445    24.332    -3.22    4.11
 -36304.135    23.427    -3.13    4.44
 -36014.825    22.060    -4.72    4.41
 -35725.514    21.060    -3.46    3.99
 -35436.203    20.441    -2.14    3.77
 -35146.891    19.431    -3.49    3.46
 -34857.579    18.789    -2.22    3.08
 -34568.267    17.509    -4.42    2.83
 -34278.954    16.647    -2.98    3.70
 -33989.641    15.500    -3.96    3.25
 -33700.328    14.993    -1.75    3.07
 -33411.014    14.527    -1.61    2.96
 -33121.699    14.078    -1.55    2.89
 -32832.385    13.778    -1.04    3.22
 -32543.070    13.837     0.20    3.27
 -32253.754    14.147     1.07    3.12
 -31964.438    14.009    -0.48    3.33
 -31675.122    13.852    -0.54    3.37
 -31385.805    13.549    -1.05    3.39
 -31096.488    13.142    -1.41    2.81
 -30807.170    13.860     2.48    3.50
 -30517.852    14.189     1.14    3.40
 -30228.534    14.182    -0.03    3.42
 -29939.215    14.392     0.73    3.64
 -29649.895    14.026    -1.26    3.55
 -29360.576    14.358     1.15    3.46
 -29071.256    13.870    -1.69    3.15
 -28781.935    13.561    -1.07    3.15
 -28492.614    13.165    -1.37    3.17
 -28203.293    12.182    -3.40    3.44
 -27913.971    11.680    -1.74    3.83
 -27624.648    11.889     0.72    4.20
 -27335.326    12.789     3.11    4.98
 -27046.003    14.154     4.72    5.05
 -26756.679    14.450     1.02    5.25
 -26467.355    14.942     1.70    5.20
 -26178.031    16.534     5.50    4.82
 -25888.706    17.483     3.28    4.62
 -25599.380    17.682     0.69    4.91
 -25310.055    18.527     2.92    5.36
 -25020.729    20.058     5.29    5.40
 -24731.402    21.806     6.04    4.00
 -24442.075    22.862     3.65    3.24
 -24152.747    23.225     1.25    2.68
 -23863.419    23.258     0.12    2.70
 -23574.091    23.045    -0.74    2.61
 -23284.762    23.155     0.38    2.66
 -22995.471    22.758    -1.37    2.83
 -22706.239    22.837     0.27    2.87
 -22417.007    22.483    -1.22    2.91
 -22127.774    22.796     1.08    3.09
 -21838.540    22.692    -0.36    3.14
 -21549.306    22.077    -2.13    3.40
 -21260.072    21.692    -1.33    3.35
 -20970.837    20.246    -5.00    4.35
 -20681.602    18.850    -4.83    4.50
 -20392.366    17.907    -3.26    4.66
 -20103.130    16.958    -3.28    3.89
 -19813.893    17.009     0.18    4.00
 -19524.656    16.975    -0.12    3.40
 -19235.418    17.078     0.36    3.50
 -18946.180    17.285     0.72    3.50
 -18656.941    16.613    -2.32    3.45
 -18367.702    16.825     0.73    3.24
 -18078.463    16.890     0.23    3.42
 -17789.223    16.958     0.23    3.58
 -17499.982    17.027     0.24    3.72
 -17210.741    17.589     1.94    3.84
 -16921.500    18.092     1.74    3.90
 -16632.258    18.758     2.30    3.98
 -16343.016    18.781     0.08    4.02
 -16053.773    19.707     3.20    3.94
 -15764.530    20.285     2.00    3.93
 -15475.286    21.009     2.50    3.86
 -15186.041    21.854     2.92    3.48
 -14896.797    22.762     3.14    3.12
 -14607.551    22.992     0.80    2.85
 -14318.306    23.061     0.24    2.92
 -14029.059    23.251     0.66    2.76
 -13739.813    22.958    -1.01    3.07
 -13450.566    22.325    -2.19    3.90
 -13161.318    21.113    -4.19    5.59
 -12872.070    19.725    -4.80    6.54
 -12582.821    18.046    -5.80    7.20
 -12293.572    17.130    -3.17    7.48
 -12004.322    15.675    -5.03    8.04
 -11715.072    13.585    -7.22    7.80
 -11425.821    13.192    -1.36    7.63
 -11136.570    13.261     0.24    7.12
 -10847.318    13.372     0.38    6.91
 -10558.066    13.738     1.27    5.92
 -10268.813    13.458    -0.97    5.66
  -9979.560    14.410     3.29    5.72
  -9690.307    14.854     1.53    5.52
  -9401.052    15.892     3.59    5.96
  -9111.798    16.466     1.99    6.01
  -8822.542    17.041     1.99    6.34
  -8533.287    18.738     5.87    5.79
  -8244.030    19.500     2.64    5.63
  -7954.774    21.077     5.45    5.05
  -7665.516    22.665     5.49    3.92
  -7376.259    23.158     1.71    3.53
  -7087.000    24.009     2.94    2.80
  -6797.741    24.225     0.75    2.99
  -6508.482    24.625     1.38    2.96
  -6219.222    25.028     1.39    2.78
  -5929.962    24.941    -0.30    2.77
  -5640.701    25.492     1.91    2.28
  -5351.439    25.508     0.06    2.42
  -5062.177    25.517     0.03    2.24
  -4772.915    25.613     0.33    2.04
  -4483.652    25.303    -1.07    2.18
  -4194.388    24.475    -2.86    3.07
  -3905.124    24.060    -1.44    3.21
  -3615.860    23.542    -1.79    3.53
  -3326.594    21.942    -5.53    5.95
  -3037.329    19.958    -6.86    8.58
  -2748.062    17.368    -8.95   10.45
  -2458.796    14.392   -10.29   11.72
  -2169.528    10.958   -11.87   11.75
  -1880.260     7.542   -11.81   10.97
  -1590.992     3.958   -12.39    8.54
  -1301.723     1.613    -8.11    5.48
  -1012.454     0.234    -4.77    1.72
   -723.184    -0.025    -0.89    0.00
   -433.913    -0.025     0.00    0.00
   -144.642    -0.025     0.00    0.00
    144.630    -0.025     0.00    0.00
    433.902    -0.025     0.00    0.00
    723.175    -0.025     0.00    0.00
   1012.448    -0.025     0.00    0.00
   1301.722    -0.025     0.00    0.00
   1590.997     0.161     0.64    1.11
   1880.272     1.607     5.00    5.88
   2169.547     4.820    11.11    9.38
   2458.823     7.775    10.22   10.39
   2748.100     9.704     6.67   10.18
   3037.377    12.336     9.10    9.29
   3326.655    14.136     6.22    7.29
   3615.933    14.561     1.47    5.61
   3905.212    13.689    -3.01    4.43
   4194.492    12.792    -3.10    3.14
   4483.772    12.844     0.18    2.74
   4773.053    13.492     2.24    2.92
   5062.334    14.331     2.90    3.18
   5351.616    15.372     3.60    3.36
   5640.898    16.675     4.51    3.38
   5930.181    18.058     4.78    2.87
   6219.464    18.975     3.17    2.44
   6508.749    19.775     2.77    1.92
   6798.033    20.061     0.99    1.92
   7087.318    19.839    -0.77    1.99
   7376.604    19.561    -0.96    2.14
   7665.891    19.565     0.01    2.30
   7955.178    19.542    -0.08    2.29
   8244.465    19.761     0.76    2.37
   8533.753    20.263     1.74    2.38
   8823.042    20.320     0.20    2.42
   9112.332    20.175    -0.50    2.46
   9401.622    20.111    -0.22    2.43
   9690.912    19.942    -0.58    2.57
   9980.203    19.596    -1.20    2.55
  10269.495    19.098    -1.72    2.44
  10558.787    18.636    -1.60    2.38
  10848.080    18.382    -0.88    2.44
  11137.374    18.136    -0.85    2.44
  11426.668    18.113    -0.08    2.40
  11715.962    18.368     0.88    2.70
  12005.258    18.725     1.23    3.08
  12294.554    17.423    -4.50    5.87
  12583.850    15.090    -8.07    8.19
  12873.147    12.113   -10.29    9.70
  13162.445     8.182   -13.59    9.91
  13451.743     5.130   -10.55    8.74
  13741.042     1.699   -11.86    5.38
  14030.342    -0.025    -5.96    0.00
  14319.642     0.096     0.42    0.65
  14608.943     0.408     1.08    1.41
  14898.244     1.243     2.88    3.19
  15187.546     1.596     1.22    3.50
  15476.849     2.090     1.71    3.75
  15766.152     2.842     2.60    4.09
  16055.456     4.090     4.31    4.63
  16344.760     5.379     4.45    5.24
  16634.065     5.596     0.75    5.17
  16923.371     5.416    -0.62    5.45
  17212.678     6.092     2.34    6.26
  17501.985     8.758     9.22    8.11
  17791.292    11.182     8.38    9.80
  18080.600    14.128    10.18   10.49
  18369.909    16.800     9.24    9.56
  18659.219    20.075    11.32    6.64
  18948.529    22.008     6.68    3.24
  19237.840    22.182     0.60    2.64
  19527.151    21.399    -2.71    2.00
  19816.463    21.077    -1.11    1.81
  20105.776    21.142     0.22    1.60
  20395.089    21.534     1.36    1.77
  20684.403    22.208     2.33    2.04
  20973.717    22.758     1.90    2.08
  21263.033    23.150     1.36    2.05
  21552.349    23.742     2.04    1.93
  21841.665    23.820     0.27    1.77
  22130.982    23.729    -0.31    1.97
  22420.300    23.292    -1.51    1.94
  22709.618    22.817    -1.64    1.65
  22998.938    22.475    -1.18    1.89
  23288.257    21.993    -1.67    1.82
  23577.578    21.385    -2.10    1.99
  23866.899    20.721    -2.30    1.92
  24156.220    20.692    -0.10    1.86
  24445.543    20.596    -0.33    1.87
  24734.866    20.743     0.51    1.90
  25024.190    21.008     0.92    1.86
  25313.514    20.923    -0.29    1.92
  25602.839    20.877    -0.16    1.90
  25892.165    20.297    -2.00    2.32
  26181.491    19.906    -1.35    2.37
  26470.818    19.234    -2.32    2.20
  26760.146    18.492    -2.56    1.91
  27049.474    18.270    -0.77    1.87
  27338.803    18.216    -0.19    1.89
  27628.133    17.958    -0.89    2.28
  27917.463    18.078     0.42    2.18
  28206.794    17.837    -0.83    2.36
  28496.126    17.467    -1.28    2.95
  28785.458    17.263    -0.70    3.62
  29074.791    16.692    -1.98    3.55
  29364.125    16.747     0.19    3.65
  29653.459    16.992     0.85    4.11
  29942.794    17.125     0.46    3.89
  30232.130    17.450     1.12    3.91
  30521.466    17.942     1.70    3.59
  30810.803    18.279     1.16    3.47
  31100.141    17.492    -2.72    3.60
  31389.480    16.957    -1.85    3.63
  31678.819    16.789    -0.58    3.62
  31968.159    18.308     5.25    5.20
  32257.499    19.527     4.21    5.75
  32546.841    20.602     3.72    6.64
  32836.182    20.764     0.56    6.85
  33125.525    22.636     6.47    6.90
  33414.868    23.492     2.96    6.68
  33704.212    24.128     2.20    6.64
  33993.557    23.875    -0.87    6.56
  34282.903    23.941     0.23    6.75
  34572.249    24.500     1.94    6.60
  34861.595    24.613     0.39    6.44
  35150.943    25.314     2.42    6.67
  35440.291    26.008     2.40    6.38
  35729.640    27.361     4.67    6.20
  36018.990    28.275     3.16    6.05
  36308.340    29.665     4.80    4.26
  36597.691    30.217     1.91    3.92
  36887.043    31.075     2.97    3.23
  37176.395    31.399     1.12    2.72
  37465.749    31.423     0.08    2.54
  37755.102    31.189    -0.81    2.42
  38044.457    31.108    -0.28    2.33
  38333.812    31.161     0.18    2.34
  38623.168    31.073    -0.30    2.06
  38912.525    31.165     0.32    1.99
  39201.863    31.261     0.33    1.78
  39491.067    30.975    -0.99    2.21
  39780.273    29.837    -3.93    3.72
  40069.479    28.508    -4.59    4.20
  40358.685    27.613    -3.10    4.15
  40647.893    26.285    -4.59    4.59
  40937.101    24.785    -5.19    5.40
  41226.310    23.613    -4.05    5.62
  41515.519    22.254    -4.70    6.14
  41804.729    21.165    -3.77    6.18
  42093.940    20.619    -1.89    5.88
  42383.152    20.492    -0.44    5.71
  42672.365    20.441    -0.18    5.40
  42961.578    20.975     1.85    5.02
  43250.792    21.492     1.79    4.74
  43540.007    21.725     0.81    4.18
  43829.222    20.993    -2.53    4.02
  44118.438    20.165    -2.86    4.11
  44407.655    20.060    -0.36    4.05
  44696.873    20.263     0.70    4.29
  44986.091    21.192     3.21    4.89
  45275.311    21.389     0.68    5.24
  45564.530    21.906     1.79    5.15
  45853.751    22.905     3.45    5.12
  46142.973    24.026     3.88    4.83
  46432.195    24.375     1.21    4.81
  46721.418    23.785    -2.04    5.14
  47010.641    23.941     0.54    5.23
  47299.866    23.761    -0.62    5.87
  47589.091    23.297    -1.60    5.91
  47878.317    22.297    -3.46    6.67
  48167.544    20.942    -4.69    7.40
  48456.771    20.368    -1.98    7.40
  48745.999    19.743    -2.16    7.38
  49035.228    19.467    -0.96    7.22
  49324.458    17.682    -6.17    6.62
  49613.688    18.090     1.41    6.79
  49902.920    19.811     5.95    6.91
  50192.152    20.458     2.24    6.34
  50481.385    20.839     1.32    5.69
  50770.618    21.493     2.26    4.81
  51059.853    21.104    -1.34    4.65
  51349.088    21.077    -0.09    4.24
  51638.324    19.842    -4.27    3.82
  51927.560    18.992    -2.94    3.00
  52216.798    18.870    -0.42    2.93
  52506.036    18.958     0.31    2.90
  52795.275    18.441    -1.79    2.57
  53084.515    18.696     0.88    2.82
  53373.755    18.675    -0.07    2.88
  53662.997    19.368     2.40    3.48
  53952.239    19.803     1.50    4.36
  54241.482    21.475     5.78    4.86
  54530.725    21.942     1.62    4.80
  54819.970    22.234     1.01    4.80
  55109.215    22.544     1.07    5.07
  55398.461    21.578    -3.34    5.93
  55687.708    19.993    -5.48    6.81
  55976.956    19.125    -3.00    7.41
  56266.204    18.108    -3.51    7.48
  56555.453    17.860    -0.86    7.37
  56844.704    18.098     0.82    7.73
  57133.954    18.147     0.17    7.38
  57423.206    19.242     3.78    7.51
  57712.458    21.314     7.16    6.82
  58001.712    23.558     7.76    5.38
  58290.966    23.449    -0.38    6.12
  58580.221    21.372    -7.18    7.52
  58869.476    19.561    -6.26    8.18
  59158.733    18.837    -2.50    8.78
  59447.990    18.450    -1.34    9.20
  59737.248    17.785    -2.30    9.28
  60026.507    17.297    -1.69    9.78
  60315.767    19.421     7.34    9.38
  60605.027    21.721     7.95    9.05
  60894.289    23.172     5.02    8.93
  61183.551    23.585     1.43    8.52
  61472.814    24.467     3.05    7.45
  61762.077    24.975     1.76    6.72
  62051.342    25.492     1.79    6.25
  62340.607    25.542     0.17    6.24
  62629.874    25.687     0.50    6.03
  62919.141    26.362     2.33    5.21
  63208.409    27.904     5.33    2.70
  63497.677    28.042     0.48    3.27
  63786.947    28.404     1.25    3.06
  64076.217    28.188    -0.74    3.40
  64365.488    27.687    -1.73    3.96
  64654.760    27.889     0.70    3.97
  64944.033    27.704    -0.64    4.22
  65233.307    27.689    -0.05    3.95
  65522.582    27.358    -1.14    4.08
  65811.857    27.077    -0.97    4.44
  66101.133    26.319    -2.62    5.06
  66390.410    25.755    -1.95    5.27
  66679.688    25.600    -0.53    5.50
  66968.967    26.009     1.41    5.59
  67258.246    26.199     0.66    5.36
  67547.527    26.534     1.16    5.03
  67836.808    27.178     2.23    4.81
  68126.090    26.613    -1.95    5.20
  68415.373    25.354    -4.35    6.05
  68704.657    24.113    -4.29    6.02
  68993.942    23.325    -2.72    6.02
  69283.227    23.144    -0.62    5.74
  69572.513    23.382     0.82    5.37
  69861.801    24.647     4.38    5.13
  70151.089    26.659     6.95    3.83
  70440.378    27.725     3.68    3.66
  70729.667    28.358     2.19    3.80
  71018.958    29.319     3.32    3.79
  71308.249    30.654     4.61    3.48
  71597.542    31.458     2.78    2.62
  71886.835    31.755     1.03    2.36
  72176.129    31.337    -1.44    2.65
  72465.424    30.680    -2.27    3.05
  72754.720    30.130    -1.90    2.98
  73044.016    29.665    -1.61    2.89
  73333.314    29.406    -0.89    2.82
  73622.612    29.738     1.15    2.98
  73911.912    30.058     1.11    3.04
  74201.212    30.958     3.11    2.95
  74490.513    31.025     0.23    2.97
  74779.815    30.725    -1.04    3.41
  75069.118    30.441    -0.98    3.43
  75358.421    29.658    -2.70    4.07
  75647.726    28.551    -3.83    4.97
  75937.031    27.675    -3.03    4.58
  76226.337    26.796    -3.04    4.27
  76515.645    25.354    -4.98    4.87
  76804.953    23.161    -7.58    6.13
  77094.262    21.158    -6.92    7.01
  77383.571    17.475   -12.73    8.74
  77672.882    14.613    -9.89    8.70
  77962.194    12.725    -6.53    8.21
  78251.506    12.571    -0.53    8.91
  78540.820    14.434     6.44   10.01
  78830.134    17.161     9.43   10.71
  79119.449    18.399     4.28   10.78
  79408.765    21.820    11.82    9.34
  79698.082    24.561     9.48    6.84
  79987.400    25.158     2.06    6.05
  80276.719    26.096     3.24    4.48
  80566.039    25.549    -1.89    4.47
  80855.359    24.725    -2.85    4.73
  81144.681    24.379    -1.20    4.58
  81434.003    24.992     2.12    4.61
  81723.326    25.234     0.84    5.36
  82012.650    25.692     1.58    5.51
  82301.976    26.423     2.53    5.45
  82591.302    26.808     1.33    5.44
  82880.628    27.182     1.29    5.00
  83169.956    27.396     0.74    4.34
  83459.285    26.975    -1.46    4.20
  83748.615    25.942    -3.57    4.87
  84037.945    24.893    -3.62    5.10
  84327.277    24.216    -2.34    5.34
  84616.609    22.940    -4.41    5.94
  84905.942    22.292    -2.24    6.64
  85195.277    20.337    -6.76    6.46
  85484.612    19.358    -3.38    6.41
  85773.948    18.820    -1.86    6.65
  86063.285    16.389    -8.40    7.54
  86352.623    14.475    -6.61    8.33
  86641.962    12.596    -6.50    9.04
  86931.302    11.860    -2.54    9.00
  87220.642    10.872    -3.42    8.94
  87509.984    11.144     0.94    9.71
  87799.327    14.029     9.97   10.07
  88088.670    17.483    11.94    9.33
  88378.015    19.910     8.39    8.58
  88667.360    22.009     7.25    6.99
  88956.706    22.907     3.10    7.10
  89246.054    23.665     2.62    6.57
  89535.402    24.872     4.17    6.44
  89824.751    26.212     4.63    5.32
  90114.101    27.125     3.15    4.23
  90403.452    27.088    -0.13    4.01
  90692.804    26.796    -1.01    4.33
  90982.157    26.342    -1.57    4.26
  91271.511    26.343     0.01    3.88
  91560.866    26.450     0.37    3.82
  91850.221    26.692     0.83    3.74
  92139.578    27.130     1.52    3.49
  92428.936    27.670     1.87    3.44
  92718.294    28.189     1.79    2.56
  93007.654    28.592     1.39    2.04
  93297.015    28.375    -0.75    2.76
  93586.376    27.158    -4.20    5.00
  93875.738    24.789    -8.19    7.19
  94165.102    24.243    -1.89    7.40
  94454.466    23.806    -1.51    7.52
  94743.832    22.406    -4.84    7.95
  95033.198    22.670     0.91    7.58
  95322.565    22.508    -0.56    7.39
  95611.933    21.803    -2.44    7.67
  95901.303    22.165     1.25    7.55
  96190.673    23.096     3.22    7.50
  96480.044    24.358     4.36    6.87
  96769.416    25.789     4.94    6.39
  97058.789    26.839     3.63    5.60
  97348.163    27.406     1.96    4.59
  97637.538    26.922    -1.67    5.38
  97926.914    26.258    -2.29    5.53
  98216.291    25.325    -3.23    6.34
  98505.669    25.475     0.52    6.66
  98795.048    25.761     0.99    6.29
  99084.428    26.561     2.77    5.72
  99373.809    27.534     3.36    4.70
  99663.191    28.544     3.49    3.65
  99952.574    29.172     2.17    2.74
 100241.958    28.837    -1.16    2.93
 100531.342    28.044    -2.74    3.34
 100820.728    28.009    -0.12    3.41
 101110.115    28.308     1.03    2.67
 101399.503    28.525     0.75    2.51
 101688.706    28.941     1.44    2.10
 101977.881    28.692    -0.86    2.23
 102267.056    28.029    -2.29    4.18
 102556.233    26.941    -3.76    5.46
 102845.411    24.258    -9.28    7.68
 103134.590    21.704    -8.83    8.19
 103423.769    19.008    -9.32    8.05
 103712.950    16.921    -7.22    8.31
 104002.132    15.216    -5.90    7.65
 104291.314    14.725    -1.70    7.24
 104580.498    15.158     1.50    7.47
 104869.683    15.427     0.93    7.94
 105158.869    15.389    -0.13    8.25
 105448.055    13.508    -6.50    8.67
 105737.243    14.063     1.92    8.12
 106026.432    13.775    -0.99    7.84
 106315.622    14.026     0.87    7.67
 106604.812    15.467     4.98    7.35
 106894.004    16.619     3.99    7.57
 107183.197    18.147     5.28    7.52
 107472.391    19.542     4.82    7.14
 107761.586    20.268     2.51    8.21
 108050.782    21.225     3.31    8.16
 108339.978    22.625     4.84    8.07
 108629.176    22.308    -1.09    8.29
 108918.375    23.568     4.36    7.21
 109207.575    24.423     2.96    5.89
 109496.776    24.108    -1.09    5.81
 109785.978    24.075    -0.12    4.92
 110075.181    24.178     0.36    4.75
 110364.385    24.527     1.20    4.97
 110653.590    25.332     2.78    5.39
 110942.797    25.325    -0.02    5.77
 111232.004    25.792     1.61    5.77
 111521.212    26.708     3.17    5.38
 111810.421    27.251     1.88    5.25
 112099.631    27.546     1.02    4.82
 112388.843    27.708     0.56    4.69
 112678.055    27.544    -0.57    4.39
 112967.268    26.692    -2.95    4.97
 113256.483    25.475    -4.21    5.36
 113545.698    24.268    -4.17    6.10
 113834.915    23.837    -1.49    6.61
 114124.132    23.320    -1.79    6.83
 114413.351    22.877    -1.53    7.30
 114702.571    23.613     2.55    7.29
 114991.791    23.229    -1.33    7.48
 115281.013    22.832    -1.37    7.48
 115570.236    21.585    -4.31    7.29
 115859.460    21.023    -1.94    7.58
 116148.685    20.365    -2.28    8.29
 116437.911    17.856    -8.67    9.25
 116727.138    15.852    -6.93    9.68
 117016.366    14.216    -5.66   10.17
 117305.595    13.142    -3.72   10.54
 117594.825    12.208    -3.23   10.52
 117884.056    10.680    -5.28   10.26
 118173.289    10.326    -1.22   10.39
 118462.522    10.178    -0.51   10.14
 118751.757     9.279    -3.11   10.03
 119040.992     8.658    -2.14   10.00
 119330.229     7.696    -3.33    9.93
 119619.466     6.509    -4.10    9.49
 119908.705     5.043    -5.07    8.73
 120197.945     3.147    -6.55    6.84
 120487.186     2.275    -3.02    5.62
 120776.428     0.908    -4.73    3.55
 121065.671     0.742    -0.58    3.33
 121354.915     3.500     9.54    7.33
 121644.160     7.113    12.49   10.59
 121933.406    10.075    10.24   12.07
 122222.654    13.009    10.15   12.60
 122511.902    14.892     6.51   12.57
 122801.152    17.808    10.08   12.21
 123090.402    19.171     4.71   12.35
 123379.654    19.923     2.60   12.30
 123668.907    20.993     3.70   12.47
 123958.161    23.188     7.59   11.88
 124247.416    26.636    11.92    9.93
 124536.672    28.275     5.67    8.57
 124825.929    30.337     7.13    4.74
 125115.187    31.273     3.24    3.85
 125404.446    31.128    -0.50    4.46
 125693.707    31.111    -0.06    5.16
 125982.968    31.491     1.32    5.25
 126272.231    31.647     0.54    5.44
 126561.495    31.958     1.07    5.60
 126850.760    32.389     1.49    5.26
 127140.026    33.561     4.05    3.94
 127429.293    33.319    -0.84    4.33
 127718.561    33.165    -0.53    4.61
 128007.830    33.475     1.07    4.35
 128297.100    33.354    -0.42    4.42
 128586.372    33.165    -0.66    4.37
 128875.644    33.075    -0.31    4.32
 129164.918    32.820    -0.88    4.21
 129454.193    32.142    -2.34    4.90
 129743.469    32.082    -0.21    4.54
 130032.746    31.492    -2.04    4.09
 130322.024    31.242    -0.87    3.55
 130611.303    30.636    -2.09    4.38
 130900.584    29.877    -2.63    5.86
 131189.865    29.761    -0.40    5.83
 131479.148    30.009     0.86    5.85
 131768.431    30.527     1.79    5.24
 132057.716    30.392    -0.47    5.26
 132347.002    30.090    -1.04    5.31
 132636.289    30.113     0.08    5.39
 132925.578    30.842     2.52    4.68
 133214.867    30.906     0.22    4.79
 133504.158    31.358     1.56    4.78
 133793.449    30.175    -4.09    6.07
 134082.742    30.738     1.95    5.74
 134372.036    30.642    -0.33    6.02
 134661.331    29.738    -3.12    6.87
 134950.627    28.483    -4.34    7.06
 135239.925    25.889    -8.97    7.43
 135529.223    24.975    -3.16    7.38
 135818.523    25.308     1.15    7.20
 136107.823    26.343     3.58    7.38
 136397.125    28.077     5.99    7.13
 136686.428    29.992     6.62    7.00
 136975.732    31.959     6.80    6.27
 137265.038    33.108     3.97    5.63
 137554.344    33.789     2.35    4.98
 137843.652    33.992     0.70    4.71
 138132.961    34.694     2.43    4.21
 138422.271    34.582    -0.39    4.25
 138711.582    34.692     0.38    4.15
 139000.894    35.394     2.43    4.13
 139290.207    35.907     1.77    4.31
 139579.522    37.118     4.18    3.54
 139868.838    37.825     2.44    2.96
 140158.154    38.216     1.35    2.76
 140447.472    38.172    -0.15    2.79
 140736.792    38.389     0.75    2.55
 141026.112    37.734    -2.26    2.67
 141315.434    37.509    -0.77    2.45
 141604.756    37.423    -0.30    2.21
 141894.080    37.418    -0.02    2.50
 142183.405    37.561     0.50    2.46
 142472.731    37.708     0.51    2.35
 142762.059    37.314    -1.36    2.82
 143051.387    37.229    -0.29    2.75
 143340.717    37.088    -0.49    2.73
 143630.048    36.358    -2.52    4.10
 143919.380    34.745    -5.57    6.59
 144208.713    32.870    -6.48    8.11
 144498.048    30.406    -8.52    9.17
 144787.383    28.128    -7.88    9.18
 145076.720    25.258    -9.92    8.82
 145366.058    22.975    -7.89    8.13
 145655.397    23.285     1.07    8.14
 145944.737    25.060     6.13    8.81
 146234.079    27.511     8.47    8.98
 146523.422    29.058     5.35    9.15
 146812.766    30.762     5.89    8.38
 147102.111    32.044     4.43    7.56
 147391.457    32.839     2.75    7.01
 147680.804    31.923    -3.17    7.91
 147970.153    31.458    -1.61    8.12
 148259.503    31.858     1.38    8.18
 148548.854    32.958     3.80    7.61
 148838.206    32.825    -0.46    7.97
 149127.560    33.061     0.82    7.95
 149416.914    33.842     2.70    7.92
 149706.270    35.630     6.18    6.31
 149995.627    37.258     5.63    3.42
 150284.986    37.975     2.48    2.80
 150574.345    37.939    -0.12    2.45
 150863.706    37.889    -0.17    2.38
 151153.068    37.957     0.24    2.73
 151442.431    37.795    -0.56    3.14
 151731.795    37.822     0.10    3.50
 152021.161    37.492    -1.14    3.64
 152310.527    37.268    -0.77    3.71
 152599.895    37.308     0.14    4.01
 152889.264    37.308     0.00    3.64
 153178.635    37.285    -0.08    3.67
 153468.006    37.319     0.12    3.52
 153757.379    36.820    -1.73    4.16
 154046.753    36.820     0.00    4.72
 154336.129    37.147     1.13    4.65
 154625.505    37.251     0.36    4.68
 154914.883    37.336     0.29    4.60
 155204.262    37.751     1.43    4.20
 155493.642    37.372    -1.31    4.49
 155783.023    37.320    -0.18    4.29
 156072.406    36.958    -1.25    4.78
 156361.790    36.175    -2.70    5.79
 156651.175    36.337     0.56    4.81
 156940.561    34.725    -5.57    6.87
 157229.949    33.457    -4.38    8.32
 157519.337    32.975    -1.67    9.56
 157808.727    30.142    -9.79   10.94
 158098.119    29.297    -2.92   10.60
 158387.511    29.860     1.95   10.80
 158676.905    29.707    -0.53   11.06
 158966.300    30.613     3.13   10.59
 159255.696    32.423     6.26    9.92
 159545.094    35.108     9.28    8.58
 159834.492    37.516     8.32    6.08
 160123.892    38.820     4.51    4.92
 160413.294    39.242     1.46    4.39
 160702.696    40.199     3.31    3.10
 160992.100    40.025    -0.60    3.63
 161281.505    40.008    -0.06    3.87
 161570.911    40.178     0.59    3.67
 161860.319    40.125    -0.18    3.60
 162149.727    39.854    -0.94    3.82
 162439.137    40.111     0.89    3.88
 162728.549    40.182     0.25    3.63
 163017.961    39.792    -1.35    4.19
 163307.375    39.775    -0.06    4.31
 163596.790    39.636    -0.48    4.29
 163886.042    38.975    -2.28    4.76
 164175.185    38.837    -0.48    4.93
 164464.329    38.592    -0.85    4.73
 164753.475    39.092     1.73    3.41
 165042.622    39.348     0.89    2.88
 165331.770    39.406     0.20    2.60
 165620.919    39.624     0.75    2.66
 165910.070    39.401    -0.77    2.70
 166199.222    39.358    -0.15    2.76
 166488.375    39.540     0.63    2.93
 166777.529    39.280    -0.90    3.45
 167066.685    38.636    -2.23    4.84
 167355.842    36.858    -6.15    6.37
 167645.000    33.889   -10.27    8.22
 167934.160    30.713   -10.98   10.66
 168223.321    25.182   -19.13   13.28
 168512.483    19.441   -19.86   13.12
 168801.646    17.389    -7.10   13.01
 169090.811    17.337    -0.18   12.90
 169379.977    17.844     1.75   13.64
 169669.144    20.458     9.04   14.05
 169958.313    24.092    12.57   12.75
 170247.483    28.171    14.11    9.55
 170536.654    30.492     8.03    5.60
 170825.826    31.434     3.26    3.10
 171115.000    31.558     0.43    2.77
 171404.175    31.647     0.31    2.60
 171693.351    31.642    -0.02    2.60
 171982.529    32.285     2.23    2.54
 172271.708    32.721     1.51    2.41
 172560.888    32.092    -2.18    2.96
 172850.070    33.125     3.57    4.58
 173139.252    34.441     4.55    5.87
 173428.437    36.043     5.54    6.88
 173717.622    37.379     4.62    7.20
 174006.809    39.342     6.79    7.13
 174295.997    41.375     7.03    6.65
 174585.186    43.061     5.83    5.60
 174874.377    43.708     2.24    5.59
 175163.569    44.808     3.80    4.86
 175452.762    45.325     1.79    4.23
 175741.957    43.907    -4.90    6.33
 176031.153    43.331    -1.99    7.31
 176320.350    42.592    -2.56    7.31
 176609.548    41.519    -3.71    7.56
 176898.748    40.392    -3.90    9.03
 177187.949    40.941     1.90   10.54
 177477.152    42.483     5.33   10.32
 177766.356    44.358     6.48   10.89
 178055.561    46.147     6.19   11.29
 178344.767    47.475     4.59   11.52
 178633.975    49.243     6.11   10.54
 178923.184    51.542     7.95    7.67
 179212.395    52.725     4.09    6.79
 179501.606    53.608     3.05    6.59
 179790.820    53.941     1.15    6.92
 180080.034    54.725     2.71    6.56
 180369.250    54.725     0.00    6.77
 180658.467    55.630     3.13    6.15
 180947.685    56.275     2.23    6.28
 181236.905    57.009     2.54    6.30
 181526.126    57.234     0.78    5.36
 181815.349    58.199     3.34    4.86
 182104.573    58.423     0.77    5.06
 182393.798    57.696    -2.51    7.03
 182683.024    57.061    -2.20    7.95
 182972.252    56.365    -2.41    8.57
 183261.481    56.268    -0.33    8.72
 183550.712    56.694     1.47    8.62
 183839.944    56.427    -0.93    8.81
 184129.177    56.375    -0.18    8.64
 184418.412    56.958     2.02    8.31
 184707.648    56.800    -0.55    8.58
 184996.885    56.820     0.07    8.51
 185286.124    57.467     2.24    8.09
 185575.364    58.009     1.88    8.56
 185864.605    59.042     3.57    7.76
 186153.848    58.803    -0.83    7.85
 186443.092    59.337     1.85    7.54
 186732.337    59.607     0.93    6.74
 187021.584    59.875     0.93    5.96
 187310.832    60.336     1.59    5.10
 187600.082    59.665    -2.32    5.80
 187889.333    59.517    -0.51    6.14
 188178.585    59.343    -0.60    6.16
 188467.839    58.416    -3.21    7.34
 188757.094    58.325    -0.31    7.69
 189046.350    57.892    -1.50    8.16
 189335.608    57.500    -1.36    8.31
 189624.867    57.291    -0.72    8.36
 189914.127    57.365     0.26    8.96
 190203.389    57.027    -1.17   10.27
 190492.653    57.336     1.07    9.73
 190781.917    56.830    -1.75   10.56
 191071.183    57.199     1.28   10.55
 191360.451    58.303     3.81   10.20
 191649.720    59.904     5.53    9.69
 191938.990    61.844     6.71    8.24
 192228.261    63.941     7.25    6.30
 192517.534    64.075     0.46    6.12
 192806.809    64.027    -0.17    6.05
 193096.084    62.852    -4.06    6.49
 193385.362    61.856    -3.44    7.06
 193674.640    59.389    -8.53    9.69
 193963.920    56.483   -10.04   11.23
 194253.201    55.837    -2.23   11.08
 194542.484    55.734    -0.36   12.13
 194831.768    55.458    -0.95   12.60
 195121.054    56.475     3.52   12.59
 195410.341    58.319     6.38   11.87
 195699.629    62.389    14.07    9.13
 195988.919    64.199     6.26    8.07
 196278.210    65.096     3.10    6.48
 196567.502    65.544     1.55    5.46
 196856.796    65.808     0.91    5.19
 197146.091    66.331     1.81    5.17
 197435.388    65.858    -1.63    6.63
 197724.686    65.501    -1.23    7.05
 198013.986    65.647     0.51    7.19
 198303.287    66.125     1.65    6.98
 198592.589    66.704     2.00    6.25
 198881.893    66.775     0.25    6.05
 199171.198    68.296     5.26    4.84
 199460.505    68.285    -0.04    6.74
 199749.813    68.694     1.41    6.54
 200039.123    67.924    -2.66    6.63
 200328.433    66.942    -3.40    7.61
 200617.746    67.406     1.61    7.83
 200907.060    67.008    -1.37    8.08
 201196.375    66.677    -1.15    8.53
 201485.691    66.292    -1.33    9.35
 201775.009    66.392     0.35    9.59
 202064.329    66.825     1.50    9.24
 202353.650    68.025     4.15    8.99
 202642.972    69.303     4.42    8.51
 202932.296    69.450     0.51    9.38
 203221.621    70.268     2.83    9.07
 203510.948    70.670     1.39    8.87
 203800.276    72.025     4.68    7.88
 204089.605    72.414     1.34    7.91
 204378.936    73.575     4.01    6.84
 204668.269    73.682     0.37    6.48
 204957.602    74.233     1.90    4.77
 205246.938    73.992    -0.83    4.86
 205536.274    74.060     0.24    4.58
 205825.613    74.441     1.32    4.56
 206114.952    74.940     1.73    3.77
 206404.293    74.348    -2.05    4.58
 206693.636    73.839    -1.76    5.34
 206982.980    73.572    -0.92    5.27
 207272.325    73.275    -1.03    5.12
 207561.672    73.404     0.44    4.92
 207851.020    74.175     2.67    4.89
 208140.370    75.285     3.84    4.58
 208429.721    75.795     1.76    4.50
 208719.074    76.078     0.98    5.01
 209008.428    75.734    -1.19    6.14
 209297.784    75.372    -1.25    6.29
 209587.141    75.785     1.43    5.53
 209876.500    76.242     1.58    4.20
 210165.860    76.923     2.36    3.71
 210455.221    77.442     1.79    3.82
 210744.584    77.939     1.72    3.89
 211033.948    78.147     0.72    4.41
 211323.314    77.598    -1.90    6.08
 211612.682    77.208    -1.35    6.30
 211902.050    77.778     1.97    6.35
 212191.421    77.887     0.38    6.66
 212480.793    78.578     2.39    5.23
 212770.166    78.636     0.20    5.05
 213059.541    78.108    -1.82    6.34
 213348.917    78.025    -0.29    6.56
 213638.294    78.406     1.32    7.86
 213927.674    77.687    -2.49    9.56
 214217.054    77.449    -0.82    9.85
 214506.436    76.825    -2.16   10.45
 214795.820    77.314     1.69   10.32
 215085.205    77.251    -0.22    9.98
 215374.592    77.246    -0.02    8.94
 215663.980    77.575     1.14    8.91
 215953.369    77.975     1.38    8.90
 216242.761    78.147     0.60    8.95
 216532.153    78.875     2.51    8.93
 216821.547    79.058     0.63    8.49
 217110.943    79.578     1.80    8.07
 217400.340    80.858     4.42    6.68
 217689.738    80.165    -2.40    7.85
 217979.138    80.745     2.01    6.79
 218268.540    81.625     3.04    6.29
 218557.943    81.699     0.26    5.54
 218847.348    82.147     1.55    5.67
 219136.754    83.082     3.23    5.18
 219426.161    82.942    -0.49    5.15
 219715.570    82.958     0.06    4.79
 220004.981    83.042     0.29    4.40
 220294.393    83.630     2.03    4.31
 220583.807    83.904     0.94    3.43
 220873.222    83.942     0.13    3.54
 221162.638    84.044     0.35    3.60
 221452.057    84.092     0.16    3.29
 221741.476    84.399     1.06    3.69
 222030.897    84.768     1.28    3.63
 222320.320    84.475    -1.01    3.76
 222609.744    84.906     1.49    4.00
 222899.170    85.270     1.26    3.59
 223188.597    85.423     0.53    3.52
 223478.026    85.527     0.36    3.43
 223767.457    85.992     1.61    3.57
 224056.888    86.665     2.32    2.84
 224346.322    86.765     0.35    3.41
 224635.757    86.399    -1.27    3.71
 224925.193    86.399     0.00    3.83
 225214.631    86.414     0.05    3.55
 225504.071    86.130    -0.98    4.18
 225793.512    87.175     3.61    3.87
 226082.846    87.077    -0.34    4.10
 226371.962    86.909    -0.58    4.79
 226661.080    87.511     2.08    4.90
 226950.199    87.144    -1.27    4.97
 227239.320    87.256     0.38    5.02
 227528.443    86.258    -3.45    5.11
 227817.567    86.221    -0.13    5.17
 228106.692    87.078     2.97    5.03
 228395.819    87.670     2.05    4.97
 228684.948    86.527    -3.95    5.82
 228974.078    86.825     1.03    5.55
 229263.210    86.975     0.52    5.86
 229552.343    86.992     0.06    6.03
 229841.478    87.178     0.65    5.66
 230130.614    86.199    -3.39    6.24
 230419.752    86.642     1.53    5.85
 230708.891    86.251    -1.35    5.57
 230998.032    86.142    -0.38    5.21
 231287.175    85.408    -2.54    5.17
 231576.319    85.046    -1.25    4.80
 231865.465    85.647     2.08    4.40
 232154.612    85.743     0.33    4.23
 232443.761    85.558    -0.64    4.12
 232732.911    85.365    -0.67    4.28
 233022.063    85.725     1.25    4.14
 233311.216    85.441    -0.98    4.97
 233600.371    85.940     1.73    5.09
 233889.528    86.108     0.58    5.93
 234178.686    86.890     2.70    5.86
 234467.846    87.169     0.96    6.24
 234757.007    88.216     3.62    6.07
 235046.170    87.975    -0.83    6.27
 235335.335    88.182     0.72    5.72
 235624.501    88.182     0.00    5.24
 235913.668    88.680     1.72    4.61
 236202.837    88.475    -0.71    4.56
 236492.008    88.406    -0.24    4.37
 236781.181    87.785    -2.15    4.74
 237070.354    87.182    -2.09    5.70
 237359.530    87.717     1.85    5.58
 237648.707    87.331    -1.33    6.37
 237937.886    85.858    -5.09    7.95
 238227.066    82.150   -12.82   13.77
 238516.248    79.837    -8.00   15.27
 238805.431    79.042    -2.75   15.90
 239094.616    79.144     0.36   17.20
 239383.803    78.696    -1.55   16.74
 239672.991    75.671   -10.46   17.18
 239962.181    72.578   -10.70   17.17
 240251.372    69.761    -9.74   18.32
 240540.565    65.467   -14.85   19.81
 240829.760    58.319   -24.72   22.65
 241118.956    53.199   -17.71   21.26
 241408.154    52.212    -3.41   21.21
 241697.353    53.837     5.62   22.69
 241986.554    55.625     6.18   23.17
 242275.757    61.008    18.61   24.38
 242564.961    68.558    26.11   22.75
 242854.167    76.608    27.84   17.71
 243143.374    80.441    13.25   14.81
 243432.583    81.755     4.54   13.61
 243721.794    82.975     4.22   13.93
 244011.006    83.893     3.17   14.30
 244300.220    84.158     0.92   14.29
 244589.435    85.011     2.95   13.60
 244878.652    86.285     4.41   11.43
 245167.871    87.832     5.35    8.67
 245457.091    88.608     2.68    7.46
 245746.313    89.399     2.73    5.42
 246035.537    90.525     3.89    3.30
 246324.762    90.682     0.54    2.97
 246613.989    91.028     1.20    2.64
 246903.217    91.551     1.81    2.21
 247192.447    91.924     1.29    2.42
 247481.679    92.701     2.69    3.00
 247770.912    93.647     3.27    3.30
 248060.147    94.509     2.98    3.36
 248349.383    95.113     2.09    3.44
 248638.622    96.061     3.28    3.73
 248927.861    97.500     4.97    3.93
 249217.103    98.544     3.61    3.87
 249506.346    97.768    -2.68    7.62
 249795.591    97.354    -1.43    9.27
 250084.837    95.292    -7.13   11.48
 250374.085    93.925    -4.73   12.04
 250663.335    93.941     0.05   11.88
 250952.586    93.725    -0.75   11.86
 251241.839    93.921     0.68   11.49
 251531.093    93.734    -0.65   11.21
 251820.350    95.392     5.73   10.78
 252109.607    95.500     0.38   10.70
 252398.867    96.516     3.51    9.56
 252688.128    96.743     0.78    9.18
 252977.391    96.923     0.62    7.73
 253266.655    98.337     4.89    4.58
 253555.921    98.925     2.03    4.12
 253845.189    99.041     0.40    4.28
 254134.459    98.768    -0.94    5.09
 254423.730    98.558    -0.73    7.18
 254713.002    99.414     2.96    8.03
 255002.277    99.319    -0.33    9.42
 255291.553    98.475    -2.92   10.78
 255580.830    97.025    -5.01   12.00
 255870.110    98.575     5.36   11.50
 256159.391    99.199     2.16   11.26
 256448.674    99.822     2.15    9.05
 256737.958    95.199   -15.98   12.61
 257027.244    93.467    -5.99   12.72
 257316.532    92.758    -2.45   12.48
 257605.821    91.466    -4.47   13.28
 257895.112    89.195    -7.85   14.83
 258184.405    88.096    -3.80   14.63
 258473.699    88.608     1.77   15.56
 258762.995    89.467     2.97   14.69
 259052.293    89.721     0.88   14.46
 259341.593    90.647     3.20   14.85
 259630.894    90.536    -0.38   15.77
 259920.196    92.844     7.98   16.40
 260209.501    92.492    -1.22   16.34
 260498.807    90.152    -8.09   18.07
 260788.115    86.992   -10.92   20.80
 261077.424    81.406   -19.31   24.08
 261366.736    74.094   -25.28   24.37
 261656.049    68.147   -20.55   21.24
 261945.363    66.909    -4.28   19.88
 262234.679    65.389    -5.26   19.60
 262523.997    65.544     0.54   19.60
 262813.317    69.354    13.17   20.87
 263102.638    78.147    30.39   22.81
 263391.962    85.808    26.48   21.82
 263681.286    93.216    25.61   18.46
 263970.613    99.525    21.81   14.99
 264259.941   102.671    10.88   10.03
 264549.271   104.372     5.88    9.43
 264838.602   105.558     4.10    8.96
 265127.936   102.619   -10.16   12.43
 265417.271   100.844    -6.14   13.99
 265706.607   101.225     1.32   14.33
 265995.946   103.854     9.09   13.79
 266285.286   105.458     5.54   13.89
 266574.628   106.058     2.08   13.68
 266863.971   106.254     0.68   13.04
 267153.316   105.199    -3.64   12.30
 267442.663   104.742    -1.58   12.56
 267732.012   106.519     6.14   13.26
 268021.362   108.467     6.73   14.67
 268310.715   112.060    12.42   15.15
 268600.068   114.229     7.50   16.25
 268889.424   117.670    11.89   16.77
 269178.781   119.165     5.17   16.58
 269468.140   117.108    -7.11   17.03
 269757.501   113.872   -11.19   17.66
 270046.863   110.625   -11.22   17.45
 270336.227   110.625     0.00   16.61
 270625.593   111.501     3.03   18.33
 270914.961   114.772    11.30   19.80
 271204.330   115.699     3.21   18.09
 271493.701   114.742    -3.31   19.06
 271783.074   113.094    -5.70   18.06
 272072.449   112.608    -1.68   15.52
 272361.825   111.613    -3.44   13.66
 272651.203   111.273    -1.17   12.56
 272940.583   111.842     1.96   12.15
 273229.964   111.842     0.00   11.39
 273519.348   109.008    -9.79   11.42
 273808.733   106.492    -8.69   12.21
 274098.119   104.785    -5.90   14.59
 274387.508   105.308     1.81   14.89
 274676.898   103.182    -7.35   15.17
 274966.290   100.758    -8.37   15.15
 275255.684    98.561    -7.59   16.01
 275545.079    97.492    -3.69   16.42
 275834.477    97.458    -0.12   16.61
 276123.876    98.372     3.16   16.49
 276413.276    97.303    -3.69   17.15
 276702.679    96.975    -1.13   17.21
 276992.083    95.585    -4.80   18.88
 277281.489    95.046    -1.86   18.50
 277570.897    93.242    -6.24   18.37
 277860.306    94.745     5.20   17.41
 278149.718    95.822     3.72   16.32
 278439.131    97.433     5.56   14.18
 278728.546    98.607     4.06   12.18
 279017.962    96.941    -5.76   12.36
 279307.381    90.725   -21.48   15.68
 279596.801    86.608   -14.22   15.38
 279886.223    81.636   -17.18   12.83
 280175.646    77.725   -13.51   10.33
 280465.072    72.075   -19.52   11.01
 280754.499    67.618   -15.40   12.30
 281043.928    68.394     2.68   14.59
 281333.359    70.619     7.69   17.95
 281622.791    72.178     5.39   20.20
 281912.226    74.280     7.26   21.51
 282201.662    78.957    16.16   22.41
 282491.100    83.058    14.17   21.78
 282780.539    88.907    20.21   21.10
 283069.981    90.942     7.03   20.57
 283359.424    92.142     4.14   19.72
 283648.869    91.654    -1.69   21.23
 283938.316    91.246    -1.41   21.67
 284227.764    90.682    -1.95   22.54
 284517.215    88.811    -6.46   23.44
 284806.667    85.873   -10.15   24.48
 285096.121    81.872   -13.83   23.44
 285385.577    79.751    -7.33   21.70
 285675.034    77.906    -6.37   20.55
 285964.493    78.254     1.20   20.26
 286253.955    77.009    -4.30   19.91
 286543.418    79.142     7.37   20.74
 286832.882    83.268    14.26   24.31
 287122.349    84.940     5.78   25.79
 287411.817    86.926     6.86   24.92
 287701.287    88.375     5.01   25.04
 287990.759    85.975    -8.29   25.34
 288280.208    84.536    -4.97   25.51
 288569.293    81.251   -11.37   22.99
 288858.380    81.475     0.78   23.06
 289147.468    82.320     2.92   24.66
 289436.559    81.450    -3.01   25.74
 289725.651    81.130    -1.11   26.49
 290014.745    82.178     3.63   27.62
 290303.841    76.350   -20.16   20.57
 290592.939    74.408    -6.72   18.00
 290882.038    72.701    -5.91   16.16
 291171.140    69.458   -11.22   13.08
 291460.243    71.592     7.38   16.35
 291749.348    72.234     2.22   16.87
 292038.454    73.406     4.06   18.50
 292327.563    76.602    11.06   21.88
 292616.673    78.060     5.04   23.06
 292905.786    78.959     3.11   22.38
 293194.900    77.725    -4.27   20.62
 293484.016    81.458    12.91   24.96
 293773.133    83.835     8.22   26.00
 294062.253    87.620    13.09   28.31
 294351.374    93.758    21.23   28.75
 294640.497    93.842     0.29   26.06
 294929.622    99.165    18.41   25.98
 295218.749   105.457    21.76   25.74
 295507.878   108.308     9.86   24.01
 295797.008   111.399    10.69   21.72
 296086.141   116.368    17.19   22.46
 296375.275   121.225    16.80   24.29
 296664.411   121.832     2.10   24.24
 296953.549   117.280   -15.74   24.14
 297242.689   114.716    -8.87   23.33
 297531.830   117.549     9.80   23.52
 297820.974   122.009    15.43   26.37
 298110.119   122.716     2.45   26.52
 298399.266   121.820    -3.10   25.66
 298688.415   124.906    10.67   24.39
 298977.566   123.221    -5.83   22.61
 299266.718   123.687     1.61   21.85
 299555.873   121.458    -7.71   22.96
 299845.029   115.596   -20.28   20.11
 300134.187   111.133   -15.43   21.44
 300423.347   108.106   -10.47   22.01
 300712.509   105.942    -7.49   20.87
 301001.673   107.467     5.27   22.74
 301290.839   109.712     7.76   24.95
 301580.006   112.354     9.14   25.99
 301869.176   120.408    27.85   25.28
 302158.347   127.268    23.72   24.41
 302447.520   126.582    -2.37   23.09
 302736.695   123.182   -11.76   23.13
 303025.872   121.365    -6.28   25.41
 303315.050   119.064    -7.96   26.12
 303604.231   114.075   -17.25   25.86
 303893.413   109.745   -14.97   22.24
 304182.597   110.372     2.16   24.47
 304471.784   113.475    10.73   25.71
 304760.972   114.182     2.44   25.17
 305050.162   115.078     3.10   24.97
 305339.353   118.992    13.53   26.24
 305628.547   117.958    -3.58   25.15
 305917.743   112.647   -18.37   22.61
 306206.940   110.154    -8.62   20.28
 306496.139   107.225   -10.13   20.24
 306785.341   102.729   -15.55   20.37
 307074.544   100.007    -9.41   17.38
 307363.749    98.642    -4.72   14.57
 307652.955    97.275    -4.73   13.74
 307942.164    98.320     3.61   15.50
 308231.375   100.207     6.53   14.62
 308520.587   101.075     3.00   13.53
 308809.802   103.721     9.15   15.33
 309099.018   110.336    22.87   24.78
 309388.236   118.458    28.09   30.09
 309677.456   122.957    15.56   30.96
 309966.678   126.178    11.14   32.01
 310255.902   130.044    13.37   32.23
 310545.128   128.942    -3.81   31.23
 310834.356   122.975   -20.63   29.70
 311123.585   113.389   -33.15   28.08
 311412.817   110.441   -10.19   26.76
 311702.050   112.268     6.32   30.43
 311991.286   113.188     3.18   30.08
 312280.523   116.992    13.15   32.92
 312569.762   121.642    16.08   33.45
 312859.003   127.596    20.59   31.09
 313148.246   131.665    14.07   27.37
 313437.491   132.303     2.21   25.07
 313726.738   128.625   -12.72   22.76
 314015.986   127.942    -2.36   22.12
 314305.237   125.273    -9.23   21.45
 314594.490   122.975    -7.95   20.58
 314883.744   120.208    -9.57   21.48
 315173.001   117.907    -7.96   21.97
 315462.259   115.775    -7.37   21.62
 315751.519   114.872    -3.12   22.17
 316040.781   114.517    -1.22   20.58
 316330.045   112.800    -5.94   20.46
 316619.311   113.142     1.18   21.04
 316908.579   112.225    -3.17   17.22
 317197.849   113.372     3.96   17.84
 317487.121   114.042     2.32   19.11
 317776.395   113.147    -3.09   19.28
 318065.670   112.738    -1.42   18.58
 318354.948   110.568    -7.50   16.86
 318644.227   111.280     2.46   16.60
 318933.509   110.778    -1.73   16.86
 319222.792   114.115    11.54   17.40
 319512.078   116.875     9.54   19.22
 319801.365   122.475    19.36   21.84
 320090.654   122.975     1.73   23.17
 320379.945   122.992     0.06   23.52
 320669.239   123.892     3.11   24.25
 320958.534   125.682     6.19   24.50
 321247.831   125.279    -1.39   24.78
 321537.130   119.108   -21.33   26.07
 321826.431   113.161   -20.56   23.72
 322115.733   108.827   -14.98   22.67
 322405.038   103.738   -17.59   19.40
 322694.345   101.118    -9.06   18.10
 322983.654   100.442    -2.34   17.18
 323272.964   101.596     3.99   16.91
 323562.277   103.647     7.09   20.68
 323851.592   101.716    -6.67   19.52
 324140.908   100.458    -4.35   18.66
 324430.227    99.527    -3.22   17.70
 324719.547   100.941     4.89   17.65
 325008.870   106.729    20.01   23.58
 325298.194   108.458     5.98   25.30
 325587.521   108.742     0.98   23.62
 325876.849   107.536    -4.17   22.73
 326166.179   109.178     5.68   22.28
 326455.512   112.221    10.52   30.21
 326744.846   116.175    13.67   35.21
 327034.182   120.811    16.02   36.26
 327323.520   126.747    20.52   35.89
 327612.861   137.630    37.62   37.16
 327902.203   147.043    32.53   38.16
 328191.547   151.408    15.09   33.61
 328480.893   152.325     3.17   28.80
 328770.241   155.889    12.32   27.30
 329059.591   153.585    -7.96   27.50
 329348.943   148.379   -17.99   29.70
 329638.297   138.058   -35.67   29.97
 329927.653   124.875   -45.56   27.02
 330217.012   116.837   -27.78   25.56
 330506.372   109.314   -26.00   20.94
 330795.734   107.058    -7.80   18.92
 331085.098   105.808    -4.32   18.56
 331374.464   109.365    12.29   19.70
 331663.832   112.653    11.36   18.37
 331953.202   116.325    12.69   15.65
 332242.574   119.630    11.42   16.29
 332531.948   121.875     7.76   17.83
 332821.324   125.734    13.33   20.50
 333110.702   131.319    19.30   21.18
 333400.082   135.858    15.69   20.32
 333689.464   138.699     9.82   20.87
 333978.848   143.803    17.64   30.06
 334268.234   147.064    11.27   35.73
 334557.622   151.319    14.70   36.03
 334847.012   152.808     5.15   34.27
 335136.404   150.258    -8.81   31.29
 335425.798   151.372     3.85   26.90
 335715.194   149.600    -6.12   26.06
 336004.592   141.758   -27.10   26.01
 336293.992   129.561   -42.15   28.50
 336583.394   119.408   -35.08   26.03
 336872.798   112.354   -24.38   20.32
 337162.204   106.199   -21.27   11.61
 337451.613   104.975    -4.23   10.71
 337741.023   109.044    14.06   14.80
 338030.435   113.680    16.02   17.32
 338319.849   118.941    18.18   16.87
 338609.266   122.280    11.54   15.67
 338898.684   123.136     2.96   15.66
 339188.104   124.758     5.61   13.78
 339477.527   124.636    -0.42   13.96
 339766.951   124.297    -1.17   14.25
 340056.377   119.619   -16.16   14.83
 340345.806   114.747   -16.83   14.83
 340635.236   110.492   -14.70   15.43
 340924.669   106.483   -13.85   15.87
 341214.103   104.042    -8.44   14.53
 341503.540   104.040    -0.01   15.45
 341792.978   104.238     0.69   16.41
 342082.419   107.392    10.90   18.75
 342371.862   112.642    18.14   19.60
 342661.307   116.625    13.76   18.08
 342950.753   118.094     5.07   15.23
 343240.202   117.845    -0.86   13.41
 343529.653   118.443     2.07   13.05
 343819.106   116.661    -6.16   12.53
