-358577.780   211.032     0.00   18.76
-358288.754   212.730     5.88   23.25
-357999.731   214.644     6.62   22.85
-357710.710   213.194    -5.02   21.91
-357421.692   213.339     0.50   21.71
-357132.676   213.122    -0.75   21.60
-356843.663   209.572   -12.28   19.97
-356554.652   204.610   -17.17   14.23
-356265.644   201.432   -11.00   10.67
-355976.636   198.562    -9.93    8.22
-355687.084   197.232    -4.59    7.49
-355397.535   196.081    -3.98    7.22
-355107.988   194.908    -4.05    6.29
-354818.443   194.296    -2.11    5.79
-354528.902   193.623    -2.32    5.64
-354239.362   193.355    -0.93    5.13
-353949.826   192.228    -3.89    5.11
-353660.291   192.055    -0.60    4.87
-353370.760   191.614    -1.52    4.95
-353081.231   190.522    -3.77    4.83
-352791.704   189.755    -2.65    4.74
-352502.180   189.148    -2.10    4.63
-352212.659   188.609    -1.86    4.57
-351923.140   187.974    -2.19    4.12
-351633.623   187.855    -0.41    4.10
-351344.110   187.700    -0.54    3.90
-351054.598   187.993     1.01    4.31
-350765.089   188.905     3.15    5.07
-350475.583   189.424     1.80    5.50
-350186.079   190.390     3.34    6.51
-349896.578   191.286     3.10    7.23
-349607.080   194.424    10.84    9.30
-349317.583   196.678     7.79   10.35
-349028.090   199.211     8.75   10.47
-348738.599   202.076     9.90    9.60
-348449.110   203.329     4.33    8.82
-348159.624   203.959     2.18    8.09
-347870.140   201.839    -7.32    8.76
-347580.659   199.089    -9.50    9.82
-347291.181   194.710   -15.13   10.33
-347001.705   190.820   -13.44    9.78
-346712.231   187.255   -12.31    7.92
-346422.760   184.259   -10.35    6.39
-346133.292   182.888    -4.74    4.35
-345843.826   182.572    -1.09    3.62
-345554.362   182.959     1.34    3.98
-345264.901   183.805     2.92    4.15
-344975.443   183.802    -0.01    4.32
-344685.987   183.855     0.19    4.13
-344396.534   183.686    -0.59    3.60
-344107.083   183.775     0.31    3.90
-343817.634   183.405    -1.28    4.27
-343528.188   183.373    -0.11    5.03
-343238.745   184.805     4.95    7.04
-342949.304   187.321     8.69    8.78
-342659.865   189.642     8.02    9.25
-342370.429   193.093    11.92   10.06
-342080.996   198.028    17.05   10.65
-341791.565   202.959    17.04   12.11
-341502.136   209.148    21.39   18.40
-341212.710   210.134     3.41   18.91
-340923.287   211.432     4.48   19.16
-340633.866   211.675     0.84   18.05
-340344.447   213.493     6.28   17.26
-340055.031   215.045     5.36   16.43
-339765.617   213.560    -5.13   12.71
-339476.206   213.639     0.27    9.59
-339186.798   215.380     6.02    8.97
-338897.391   219.978    15.89   13.26
-338607.988   225.959    20.67   19.62
-338318.587   230.322    15.08   21.33
-338029.188   233.466    10.86   22.15
-337739.791   234.489     3.54   22.38
-337450.398   235.614     3.89   23.19
-337161.006   233.974    -5.67   24.56
-336871.617   231.101    -9.93   23.59
-336582.231   229.105    -6.90   23.18
-336292.847   224.003   -17.63   18.48
-336003.466   224.217     0.74   18.61
-335714.087   231.805    26.22   24.67
-335424.710   234.364     8.84   24.05
-335135.336   235.567     4.16   23.20
-334845.964   232.194   -11.66   23.79
-334556.595   228.635   -12.30   22.01
-334267.228   225.122   -12.14   21.72
-333977.864   218.136   -24.14   15.96
-333688.502   211.655   -22.40    9.47
-333399.143   208.355   -11.41    9.17
-333109.786   205.291   -10.59   10.11
-332820.432   203.239    -7.09    9.39
-332531.080   202.172    -3.69    8.00
-332241.730   200.976    -4.13    7.21
-331952.383   200.592    -1.33    6.58
-331663.038   201.381     2.73    6.56
-331373.696   202.364     3.40    6.28
-331084.356   203.807     4.99    6.16
-330795.019   206.449     9.13    6.07
-330505.684   208.097     5.70    6.28
-330216.351   209.539     4.98    6.81
-329927.021   211.459     6.64    7.39
-329637.694   212.331     3.01    7.49
-329348.369   213.614     4.44    7.80
-329059.046   215.407     6.20    8.44
-328769.726   216.821     4.89    9.50
-328480.408   218.805     6.86   11.51
-328191.092   218.255    -1.90   12.74
-327901.779   218.424     0.58   13.26
-327612.469   217.439    -3.41   13.94
-327323.161   216.695    -2.57   13.40
-327033.855   213.476   -11.13   12.62
-326744.551   211.372    -7.27    8.43
-326455.251   210.555    -2.82    7.58
-326165.952   211.265     2.45    8.10
-325876.656   211.838     1.98    8.37
-325587.362   212.545     2.45    9.12
-325298.071   213.042     1.72    9.34
-325008.782   214.605     5.41    7.76
-324719.496   212.462    -7.41    9.10
-324430.212   211.114    -4.66    8.72
-324140.930   211.072    -0.15    9.83
-323851.651   212.452     4.77   11.10
-323562.374   212.987     1.85   10.86
-323273.100   213.772     2.72   10.86
-322983.828   216.472     9.33   11.11
-322694.558   219.589    10.77   11.06
-322405.291   219.224    -1.26   10.57
-322116.027   221.160     6.70   11.35
-321826.764   224.217    10.57   12.43
-321537.504   225.495     4.42   11.85
-321248.247   225.239    -0.89   12.15
-320958.992   224.304    -3.23   12.31
-320669.739   221.597    -9.36   10.07
-320380.488   221.028    -1.97   10.05
-320091.240   220.172    -2.96   10.34
-319801.995   219.211    -3.32   11.56
-319512.752   220.720     5.22   13.41
-319223.511   222.476     6.07   13.84
-318934.272   223.364     3.07   13.91
-318645.036   228.249    16.89   23.30
-318355.803   226.705    -5.34   18.40
-318066.571   227.194     1.69   16.71
-317777.343   229.998     9.70   16.57
-317488.116   233.407    11.79   17.99
-317198.892   237.635    14.62   22.17
-316909.670   242.528    16.92   24.86
-316620.451   244.200     5.78   23.95
-316331.234   245.166     3.34   23.03
-316042.019   247.476     7.99   21.95
-315752.807   247.206    -0.93   20.03
-315463.597   248.472     4.38   17.88
-315174.390   252.380    13.51   21.93
-314885.184   259.459    24.48   27.48
-314595.982   270.923    39.64   32.19
-314306.781   279.101    28.28   32.63
-314017.583   287.148    27.83   31.71
-313728.387   292.622    18.93   28.40
-313439.194   294.228     5.55   30.85
-313150.003   294.533     1.05   33.65
-312860.815   291.570   -10.25   37.94
-312571.628   287.905   -12.67   42.12
-312282.444   270.943   -58.66   37.38
-311993.263   265.452   -18.99   37.10
-311704.084   257.626   -27.07   31.45
-311414.907   254.601   -10.46   27.89
-311125.732   249.686   -17.00   20.37
-310836.560   246.284   -11.76   18.89
-310547.391   245.122    -4.02   19.33
-310258.223   243.330    -6.20   20.85
-309969.058   241.130    -7.61   21.32
-309679.895   237.522   -12.48   20.20
-309390.735   231.552   -20.65   14.19
-309101.577   230.025    -5.28   11.37
-308812.421   226.924   -10.72    8.90
-308523.268   225.560    -4.72    9.12
-308234.117   225.093    -1.62    8.58
-307944.968   224.821    -0.94    8.05
-307655.822   223.993    -2.86    8.08
-307366.678   223.166    -2.86    7.44
-307077.536   222.167    -3.45    7.51
-306788.397   222.228     0.21    7.93
-306499.260   223.105     3.03    9.02
-306210.125   224.580     5.10   10.23
-305920.993   226.717     7.39   13.23
-305631.863   227.642     3.20   13.08
-305342.735   227.389    -0.88   12.44
-305053.610   226.689    -2.42   10.08
-304764.487   227.399     2.46    9.58
-304475.366   229.183     6.17    9.69
-304186.247   232.889    12.82   12.16
-303897.131   235.008     7.33   10.99
-303608.018   237.380     8.20   11.17
-303318.906   239.062     5.82   11.22
-303029.797   241.279     7.67   10.66
-302740.690   244.154     9.94   12.74
-302451.586   248.245    14.15   16.92
-302162.483   252.839    15.89   21.94
-301873.384   256.872    13.95   24.56
-301584.286   266.222    32.34   30.59
-301295.191   272.592    22.04   32.51
-301006.098   282.160    33.10   35.25
-300717.007   294.601    43.04   35.99
-300427.919   302.550    27.50   34.98
-300138.833   303.984     4.96   31.19
-299849.749   302.943    -3.60   30.97
-299560.667   299.355   -12.41   28.59
-299271.588   293.945   -18.72   27.34
-298982.511   291.484    -8.51   24.01
-298693.437   287.305   -14.46   17.32
-298404.364   285.072    -7.73   11.80
-298115.295   287.959     9.99   12.07
-297826.227   290.304     8.11   11.52
-297537.161   290.432     0.44   10.83
-297248.098   293.449    10.44   14.70
-296959.038   300.484    24.34   20.88
-296669.979   309.466    31.07   27.87
-296380.923   320.195    37.12   31.30
-296091.869   330.127    34.36   31.32
-295802.817   341.304    38.67   24.89
-295513.768   346.314    17.34   18.92
-295224.721   348.700     8.25   13.29
-294935.676   350.907     7.64   17.18
-294646.633   352.097     4.12   19.65
-294357.593   351.821    -0.95   22.40
-294068.555   346.589   -18.10   30.79
-293779.519   339.489   -24.57   34.23
-293490.112   328.522   -37.90   33.72
-293200.589   323.873   -16.06   30.86
-292911.069   319.959   -13.52   27.94
-292621.550   318.672    -4.44   23.44
-292332.034   323.160    15.50   21.90
-292042.520   331.672    29.40   26.32
-291753.009   340.713    31.23   26.54
-291463.500   348.442    26.70   27.37
-291173.993   355.097    22.99   28.77
-290884.488   361.110    20.77   28.57
-290594.985   365.972    16.80   29.18
-290305.485   368.183     7.64   29.90
-290015.987   366.172    -6.95   29.78
-289726.492   358.821   -25.39   28.92
-289436.998   354.389   -15.31   27.16
-289147.507   345.322   -31.32   22.45
-288858.018   340.689   -16.01   20.63
-288568.532   333.739   -24.01   16.39
-288279.047   329.148   -15.86   12.39
-287989.565   325.330   -13.19   12.48
-287700.085   323.511    -6.29   14.32
-287410.608   324.757     4.31   17.06
-287121.132   322.422    -8.07   17.91
-286831.659   321.605    -2.82   18.32
-286542.188   318.483   -10.79   15.72
-286252.720   318.614     0.45   12.95
-285963.254   322.939    14.94   21.22
-285673.789   328.364    18.74   25.10
-285384.328   331.555    11.03   25.85
-285094.868   337.286    19.80   27.02
-284805.411   340.662    11.66   26.78
-284515.956   340.089    -1.98   26.94
-284226.503   333.955   -21.19   28.53
-283937.052   325.855   -27.99   26.71
-283647.604   317.154   -30.06   21.37
-283358.157   310.580   -22.71   16.35
-283068.713   306.906   -12.69   12.99
-282779.272   304.217    -9.29   11.82
-282489.832   302.741    -5.10   11.66
-282200.395   300.769    -6.81   11.52
-281910.960   299.993    -2.68   10.81
-281621.527   296.769   -11.14   10.92
-281332.097   294.455    -7.99    9.73
-281042.668   295.003     1.89   10.18
-280753.242   296.028     3.54   11.57
-280463.818   296.589     1.94   12.50
-280174.397   299.695    10.73   13.36
-279884.977   299.717     0.08   14.68
-279595.560   297.405    -7.99   17.03
-279306.145   291.635   -19.94   20.81
-279016.732   283.484   -28.16   23.96
-278727.322   275.766   -26.67   26.27
-278437.913   264.686   -38.29   23.59
-278148.507   254.821   -34.09   19.03
-277859.103   247.741   -24.47   16.45
-277569.702   243.226   -15.60   13.26
-277280.302   239.511   -12.84   12.69
-276990.905   238.415    -3.79   12.30
-276701.510   237.588    -2.86   13.65
-276412.117   237.921     1.15   13.44
-276122.726   238.355     1.50   13.72
-275833.338   239.127     2.66   12.96
-275543.951   240.648     5.26   12.33
-275254.567   239.730    -3.17   12.60
-274965.185   237.322    -8.32   12.99
-274675.806   235.045    -7.87   14.32
-274386.428   231.462   -12.38   14.92
-274097.053   228.539   -10.10   17.49
-273807.680   225.206   -11.52   18.93
-273518.309   223.562    -5.68   19.11
-273228.940   219.286   -14.78   18.38
-272939.573   213.249   -20.87   18.68
-272650.209   209.666   -12.38   19.07
-272360.847   205.089   -15.82   22.69
-272071.487   201.045   -13.98   23.88
-271782.129   195.159   -20.34   25.08
-271492.774   191.275   -13.42   25.35
-271203.420   190.589    -2.37   27.15
-270914.069   187.581   -10.39   26.73
-270624.720   186.623    -3.31   23.33
-270335.373   182.855   -13.02   20.10
-270046.028   178.489   -15.09   19.79
-269756.686   174.648   -13.27   19.46
-269467.345   172.773    -6.48   19.26
-269178.007   170.252    -8.71   19.09
-268888.671   167.562    -9.30   21.24
-268599.337   167.424    -0.48   23.83
-268310.005   165.205    -7.67   23.87
-268020.676   164.905    -1.04   24.05
-267731.349   160.855   -14.00   21.92
-267442.023   155.055   -20.05   18.03
-267152.700   151.463   -12.42   13.10
-266863.380   149.008    -8.48    8.46
-266574.061   149.313     1.05    9.36
-266284.744   153.205    13.45   16.90
-265995.430   162.495    32.11   26.04
-265706.118   169.610    24.59   30.04
-265416.808   180.539    37.78   36.17
-265127.500   195.821    52.83   40.62
-264838.194   206.052    35.37   39.96
-264548.890   216.314    35.47   38.28
-264259.589   223.062    23.33   40.86
-263970.289   236.114    45.12   43.26
-263680.992   250.266    48.92   45.04
-263391.697   258.162    27.29   42.47
-263102.404   272.955    51.14   33.56
-262813.114   281.989    31.23   30.54
-262523.825   289.252    25.11   24.74
-262234.539   290.213     3.32   22.28
-261945.254   288.889    -4.58   23.47
-261655.972   294.786    20.39   22.09
-261366.692   296.572     6.17   23.09
-261077.414   293.122   -11.93   24.43
-260788.138   282.562   -36.51   33.27
-260498.865   269.511   -45.12   46.16
-260209.593   250.890   -64.37   55.09
-259920.324   232.036   -65.18   54.13
-259631.057   216.562   -53.49   49.35
-259341.792   198.906   -61.04   45.36
-259052.529   192.459   -22.29   39.57
-258763.268   190.750    -5.91   35.56
-258474.009   188.630    -7.33   30.49
-258184.752   185.422   -11.09   25.29
-257895.498   189.872    15.38   26.38
-257606.246   197.469    26.27   28.17
-257316.995   203.321    20.23   29.70
-257027.747   212.584    32.03   31.06
-256738.501   228.262    54.20   42.74
-256449.257   241.622    46.19   48.55
-256160.015   253.304    40.39   50.34
-255870.776   263.262    34.43   44.47
-255581.538   263.873     2.11   41.52
-255292.303   266.172     7.95   39.66
-255003.069   268.659     8.60   36.27
-254713.838   262.459   -21.44   33.20
-254424.609   252.652   -33.91   33.20
-254135.382   247.200   -18.85   34.40
-253846.157   248.072     3.01   36.66
-253556.934   241.838   -21.55   37.54
-253267.714   235.639   -21.44   37.82
-252978.495   230.039   -19.36   36.88
-252689.278   228.304    -6.00   37.38
-252400.064   229.672     4.73   40.64
-252110.852   230.528     2.96   46.30
-251821.642   233.446    10.09   52.35
-251532.433   241.322    27.24   56.01
-251243.227   243.597     7.87   56.48
-250954.023   241.924    -5.78   55.49
-250664.822   236.748   -17.90   51.63
-250375.622   225.839   -37.72   50.67
-250086.424   213.655   -42.13   53.00
-249797.228   189.522   -83.45   46.56
-249508.035   168.752   -71.82   32.77
-249218.844   157.159   -40.09   23.44
-248929.654   150.622   -22.61   20.58
-248640.467   146.924   -12.79   15.99
-248351.282   144.039    -9.98   12.05
-248062.099   143.872    -0.58   12.12
-247772.918   141.735    -7.39   10.54
-247483.739   142.011     0.95   11.36
-247194.562   143.666     5.72   11.91
-246905.387   145.413     6.04   13.34
-246616.214   147.924     8.69   13.40
-246327.043   151.005    10.66   13.71
-246037.875   152.516     5.22   12.40
-245748.708   150.483    -7.03   14.37
-245459.544   146.726   -12.99   17.87
-245170.381   143.245   -12.04   17.91
-244881.221   136.330   -23.92   17.67
-244592.063   131.469   -16.81   17.59
-244302.907   126.459   -17.33   16.59
-244013.752   122.805   -12.64   15.81
-243724.600   124.755     6.74   19.77
-243435.450   130.216    18.89   29.82
-243146.302   137.459    25.05   41.89
-242857.156   147.372    34.29   52.53
-242568.013   156.575    31.83   60.45
-242278.871   169.739    45.53   66.49
-241989.731   176.279    22.62   66.72
-241700.593   189.786    46.72   65.82
-241411.458   192.262     8.56   63.95
-241122.324   189.072   -11.03   59.99
-240833.192   183.305   -19.95   57.29
-240544.063   167.717   -53.92   51.19
-240254.935   161.189   -22.58   49.02
-239965.810   148.772   -42.95   46.57
-239676.686   139.522   -31.99   41.62
-239387.565   135.355   -14.41   36.59
-239098.446   128.390   -24.09   31.94
-238809.328   128.989     2.07   33.39
-238520.213   131.422     8.42   35.02
-238231.100   127.906   -12.16   32.94
-237941.989   122.080   -20.15   29.56
-237652.880   121.963    -0.40   27.56
-237363.772   124.036     7.17   25.55
-237074.667   128.272    14.65   25.05
-236785.564   130.331     7.12   24.27
-236496.463   135.011    16.19   23.76
-236207.364   137.552     8.79   23.35
-235918.267   140.655    10.74   21.70
-235629.172   139.631    -3.54   19.92
-235340.079   135.905   -12.89   17.88
-235050.988   134.338    -5.42   16.78
-234761.899   133.752    -2.03   13.97
-234472.813   131.493    -7.81   13.36
-234183.728   127.028   -15.45   12.32
-233894.645   123.708   -11.48   10.57
-233605.564   121.080    -9.09   10.20
-233316.485   120.422    -2.27   10.09
-233027.408   120.748     1.13    9.82
-232738.333   121.788     3.60   10.18
-232449.261   122.642     2.96   10.85
-232160.190   123.672     3.56   12.91
-231871.121   125.052     4.77   18.25
-231582.054   122.498    -8.84   20.97
-231292.767   117.666   -16.71   21.42
-231003.273   111.194   -22.35   21.22
-230713.782   107.122   -14.07   19.65
-230424.292   105.347    -6.13   19.92
-230134.804   104.580    -2.65   21.12
-229845.319   109.755    17.88   24.43
-229555.835   114.855    17.62   26.27
-229266.353   120.205    18.48   25.63
-228976.874   124.991    16.53   21.46
-228687.396   124.838    -0.53   19.60
-228397.920   123.364    -5.09   16.88
-228108.447   120.618    -9.49   17.78
-227818.975   114.672   -20.54   17.44
-227529.505   105.631   -31.23   16.37
-227240.037    97.855   -26.86   13.98
-226950.572    92.005   -20.21   13.10
-226661.108    87.083   -17.00   11.81
-226371.646    83.059   -13.90    9.80
-226082.186    79.062   -13.81    5.00
-225792.729    77.789    -4.40    4.80
-225503.273    78.177     1.34    6.36
-225213.819    80.689     8.68   10.61
-224924.367    83.373     9.27   13.07
-224634.917    87.013    12.58   14.94
-224345.469    91.533    15.62   15.97
-224056.024    95.005    12.00   15.89
-223766.580    99.790    16.53   14.33
-223477.138   103.821    13.93   11.74
-223187.698   105.148     4.59   10.94
-222898.260   108.439    11.37    8.30
-222608.824   110.432     6.89    7.47
-222319.390   112.539     7.28    6.10
-222029.957   113.803     4.37    5.67
-221740.527   113.476    -1.13    7.43
-221451.099   111.424    -7.09   10.51
-221161.673   107.717   -12.81   12.85
-220872.249   106.019    -5.87   13.32
-220582.827   101.597   -15.28   14.35
-220293.406    95.584   -20.78   14.91
-220003.988    92.534   -10.54   13.43
-219714.571    91.771    -2.64   12.92
-219425.157    94.823    10.55   17.36
-219135.745   100.805    20.67   21.66
-218846.334   110.855    34.73   25.21
-218556.925   119.627    30.31   25.27
-218267.519   127.442    27.00   22.77
-217978.114   136.205    30.28   23.32
-217688.711   145.432    31.88   25.42
-217399.311   148.742    11.44   25.76
-217109.912   149.891     3.97   24.79
-216820.515   148.005    -6.52   22.81
-216531.120   148.909     3.12   21.85
-216241.727   151.952    10.52   22.72
-215952.336   152.905     3.29   25.71
-215662.947   153.805     3.11   25.48
-215373.560   155.580     6.13   26.90
-215084.175   160.522    17.08   27.17
-214794.791   163.839    11.46   27.15
-214505.410   167.906    14.06   25.29
-214216.030   172.872    17.16   25.07
-213926.653   172.405    -1.61   26.28
-213637.277   173.302     3.10   28.76
-213347.904   173.296    -0.02   29.35
-213058.532   175.717     8.37   28.66
-212769.162   174.134    -5.47   27.07
-212479.794   176.907     9.58   24.71
-212190.429   176.321    -2.03   23.83
-211901.065   176.769     1.55   24.41
-211611.702   180.769    13.82   25.72
-211322.342   184.089    11.47   28.31
-211032.984   185.200     3.84   28.72
-210743.628   185.939     2.55   29.05
-210454.273   187.373     4.96   31.61
-210164.921   183.028   -15.02   34.72
-209875.570   182.167    -2.98   36.73
-209586.222   183.805     5.66   39.99
-209296.875   182.737    -3.69   40.19
-209007.530   178.943   -13.11   40.30
-208718.187   177.545    -4.83   38.43
-208428.846   172.189   -18.51   35.60
-208139.507   169.330    -9.88   36.71
-207850.170   166.022   -11.43   36.42
-207560.834   164.717    -4.51   34.66
-207271.501   161.093   -12.53   29.79
-206982.170   160.961    -0.46   31.22
-206692.840   162.339     4.76   31.11
-206403.512   166.921    15.84   30.57
-206114.186   172.321    18.66   30.95
-205824.863   172.272    -0.17   27.64
-205535.541   173.562     4.46   28.56
-205246.220   182.279    30.13   34.87
-204956.902   188.144    20.27   31.30
-204667.586   188.516     1.29   31.24
-204378.271   191.022     8.66   31.47
-204088.959   188.575    -8.46   31.13
-203799.648   191.039     8.52   29.97
-203510.339   189.390    -5.70   30.72
-203221.033   189.162    -0.79   30.44
-202931.728   194.289    17.72   29.74
-202642.424   193.398    -3.08   31.37
-202353.123   188.683   -16.30   31.59
-202063.824   188.259    -1.47   32.99
-201774.526   192.105    13.30   34.63
-201485.231   189.245    -9.89   35.22
-201195.937   185.265   -13.76   35.42
-200906.645   181.093   -14.42   36.12
-200617.355   182.195     3.81   37.77
-200328.067   178.905   -11.37   36.93
-200038.781   177.493    -4.88   37.03
-199749.496   176.528    -3.34   35.90
-199460.214   179.442    10.07   36.42
-199170.933   187.855    29.09   35.21
-198881.654   191.528    12.70   34.19
-198592.378   191.338    -0.66   34.18
-198303.103   186.708   -16.01   31.72
-198013.829   181.062   -19.52   33.07
-197724.558   179.322    -6.02   31.56
-197435.289   177.873    -5.01   35.19
-197146.021   172.144   -19.81   35.89
-196856.755   174.396     7.79   38.04
-196567.491   170.089   -14.89   35.98
-196278.229   170.937     2.93   39.11
-195988.969   172.434     5.18   40.20
-195699.711   166.907   -19.11   41.79
-195410.454   163.771   -10.84   39.88
-195121.200   166.805    10.49   42.66
-194831.947   162.572   -14.64   43.78
-194542.696   160.459    -7.31   44.05
-194253.447   157.127   -11.52   44.76
-193964.199   159.241     7.31   43.61
-193674.954   158.089    -3.99   42.92
-193385.711   150.339   -26.79   41.44
-193096.469   139.700   -36.78   37.74
-192807.229   134.339   -18.54   35.14
-192517.991   128.189   -21.26   33.68
-192228.755   122.639   -19.19   29.24
-191939.520   116.635   -20.76   26.22
-191650.288   111.940   -16.23   24.71
-191361.057   104.839   -24.55   26.02
-191071.828    98.540   -21.78   25.37
-190782.601    91.555   -24.15   24.50
-190493.376    84.528   -24.30   21.82
-190204.152    79.790   -16.38   21.60
-189914.931    74.022   -19.94   18.74
-189625.711    71.217    -9.70   18.01
-189336.493    67.804   -11.80   16.53
-189047.277    65.302    -8.65   12.21
-188758.063    67.314     6.96   19.13
-188468.850    69.922     9.02   21.88
-188179.640    74.122    14.52   25.51
-187890.431    78.183    14.04   27.39
-187601.224    85.498    25.29   29.90
-187312.019    91.905    22.15   33.02
-187022.815   101.304    32.50   34.68
-186733.614   106.422    17.70   34.86
-186444.414   109.942    12.17   33.39
-186155.216   110.907     3.34   33.60
-185866.020   109.838    -3.70   32.38
-185576.825   104.562   -18.24   29.37
-185287.633    97.937   -22.91   23.22
-184998.442    93.838   -14.18   18.65
-184709.253    94.289     1.56   17.87
-184420.066    97.248    10.23   19.37
-184130.881   102.771    19.10   20.52
-183841.697   110.291    26.01   21.48
-183552.515   115.989    19.70   20.29
-183263.335   124.478    29.36   16.85
-182974.157   126.715     7.73   17.27
-182684.981   130.700    13.78   18.30
-182395.806   133.737    10.50   18.20
-182106.634   134.822     3.75   17.55
-181817.463   135.989     4.03   16.68
-181528.293   135.855    -0.46   15.26
-181239.126   135.872     0.06   15.87
-180949.960   135.802    -0.24   14.77
-180660.797   137.389     5.49   15.07
-180371.635   140.989    12.45   13.54
-180082.474   141.614     2.16   12.98
-179793.316   143.855     7.75   11.81
-179504.159   143.505    -1.21   14.87
-179215.004   143.222    -0.98   16.12
-178925.851   141.008    -7.66   16.66
-178636.700   137.355   -12.63   18.60
-178347.550   136.572    -2.71   17.99
-178058.402   133.735    -9.81   17.28
-177769.256   129.805   -13.59   17.57
-177480.112   127.528    -7.88   17.54
-177190.969   127.364    -0.57   16.57
-176901.829   127.789     1.47   16.01
-176612.690   125.407    -8.24   17.43
-176323.552   120.597   -16.64   17.82
-176034.417   117.820    -9.61   17.59
-175745.283   118.560     2.56   16.20
-175456.151   118.722     0.56   14.71
-175167.021   118.422    -1.04   14.00
-174877.893   120.252     6.33   13.30
-174588.766   124.695    15.37   13.59
-174299.641   128.072    11.68   12.48
-174010.518   133.959    20.36   11.08
-173721.397   138.055    14.17   12.24
-173432.277   143.442    18.63   11.19
-173143.159   146.752    11.45   10.88
-172854.043   147.614     2.98   11.26
-172564.929   147.580    -0.12   11.41
-172275.816   147.052    -1.82   11.46
-171986.705   147.717     2.30   12.27
-171697.596   145.972    -6.04   13.30
-171408.489   145.766    -0.71   12.96
-171119.383   146.313     1.89   12.54
-170830.279   149.017     9.35   12.22
-170541.177   152.905    13.45   11.75
-170252.077   157.134    14.63   11.16
-169962.978   160.066    10.14   12.33
-169673.881   167.562    25.93   18.52
-169384.786   179.432    41.06   28.93
-169095.590   194.439    51.89   35.57
-168806.123   208.472    48.48   36.48
-168516.657   222.252    47.61   33.71
-168227.193   237.008    50.98   24.13
-167937.731   244.838    27.05   15.56
-167648.270   248.689    13.30    3.60
-167358.811   247.872    -2.82    3.90
-167069.354   245.993    -6.49    6.56
-166779.899   243.398    -8.97    9.58
-166490.445   239.205   -14.48   14.32
-166200.993   232.889   -21.82   18.95
-165911.543   223.872   -31.15   23.55
-165622.095   218.389   -18.95   26.34
-165332.648   210.255   -28.10   28.33
-165043.203   200.459   -33.85   26.76
-164753.760   193.355   -24.54   23.72
-164464.318   183.286   -34.79   18.77
-164174.878   179.757   -12.19   16.81
-163885.440   176.177   -12.37   13.32
-163596.004   175.631    -1.89   13.34
-163306.569   176.269     2.20   15.44
-163017.136   177.498     4.25   16.97
-162727.705   177.823     1.12   17.38
-162438.275   177.635    -0.65   15.50
-162148.847   177.489    -0.51   17.60
-161859.421   176.873    -2.13   21.31
-161569.996   172.820   -14.00   22.94
-161280.574   167.955   -16.81   24.12
-160991.153   163.217   -16.37   26.54
-160701.733   155.689   -26.01   26.85
-160412.316   148.114   -26.17   21.59
-160122.900   146.011    -7.27   19.48
-159833.485   146.993     3.40   21.55
-159544.073   147.838     2.92   22.92
-159254.662   152.511    16.15   24.89
-158965.253   159.717    24.90   25.36
-158675.845   170.183    36.16   25.87
-158386.439   175.252    17.52   25.77
-158097.035   177.976     9.41   25.40
-157807.633   180.436     8.50   23.67
-157518.232   182.516     7.19   22.50
-157228.833   182.516     0.00   23.32
-156939.436   179.890    -9.07   25.07
-156650.040   177.528    -8.16   25.48
-156360.646   172.272   -18.16   24.86
-156071.254   168.039   -14.63   24.22
-155781.863   166.307    -5.98   23.19
-155492.474   162.552   -12.98   20.10
-155203.087   162.022    -1.83   17.33
-154913.701   160.434    -5.49   11.08
-154624.317   165.429    17.26   18.23
-154334.935   174.322    30.73   24.88
-154045.554   180.821    22.46   25.88
-153756.175   188.771    27.47   24.15
-153466.798   193.399    16.00   20.70
-153177.423   196.239     9.81   17.73
-152888.049   195.189    -3.63   17.79
-152598.676   190.855   -14.98   20.17
-152309.306   184.533   -21.85   20.68
-152019.937   178.083   -22.29   22.26
-151730.570   174.330   -12.97   21.90
-151441.204   168.511   -20.11   21.99
-151151.840   164.381   -14.27   22.06
-150862.478   159.739   -16.04   22.41
-150573.117   153.873   -20.27   21.37
-150283.758   150.769   -10.73   20.40
-149994.401   145.407   -18.53   19.67
-149705.045   140.689   -16.31   18.59
-149415.691   134.533   -21.27   16.79
-149126.339   127.788   -23.31   14.15
-148836.988   122.924   -16.81   12.63
-148547.639   120.329    -8.97   11.63
-148258.292   118.839    -5.15   10.09
-147968.946   119.672     2.88   10.72
-147679.602   119.533    -0.48   10.53
-147390.259   118.891    -2.22   11.06
-147100.918   116.028    -9.90   12.74
-146811.579   113.906    -7.33   14.17
-146522.242   112.476    -4.94   14.39
-146232.906   111.232    -4.30   14.53
-145943.571   109.752    -5.12   14.92
-145654.239   108.511    -4.29   14.41
-145364.908   108.080    -1.49   13.93
-145075.578   105.155   -10.11   13.54
-144786.251    98.921   -21.55   13.22
-144496.924    94.062   -16.79   12.76
-144207.600    92.089    -6.82   11.59
-143918.277    94.016     6.66   11.95
-143628.956    96.907     9.99   14.45
-143339.636   101.055    14.34   17.96
-143050.318   109.211    28.19   19.84
-142761.002   116.937    26.70   17.86
-142471.687   124.195    25.08   17.68
-142182.374   134.872    36.91   17.42
-141893.062   143.737    30.64   18.64
-141603.752   151.134    25.57   19.03
-141314.444   157.646    22.51   19.55
-141025.137   164.442    23.49   19.35
-140735.832   171.789    25.40   18.45
-140446.529   177.659    20.29   16.74
-140157.227   181.675    13.88   16.40
-139867.927   185.239    12.32   15.16
-139578.628   189.669    15.31   14.17
-139289.331   192.252     8.93   14.38
-139000.036   193.119     3.00   15.53
-138710.742   195.160     7.06   16.88
-138421.450   198.976    13.19   15.61
-138132.159   202.314    11.54   13.62
-137842.870   204.739     8.38   12.27
-137553.583   206.909     7.50    8.77
-137264.297   208.200     4.46    6.57
-136975.013   209.269     3.70    6.22
-136685.730   209.036    -0.81    6.80
-136396.449   208.838    -0.68    6.72
-136107.169   209.422     2.02    6.39
-135817.892   209.580     0.54    5.58
-135528.615   209.241    -1.17    5.14
-135239.341   208.626    -2.13    4.64
-134950.068   208.039    -2.03    4.59
-134660.796   207.823    -0.75    5.37
-134371.526   208.119     1.02    5.09
-134082.258   208.580     1.59    5.19
-133792.991   209.127     1.89    5.16
-133503.726   209.924     2.76    5.28
-133214.462   210.757     2.88    4.82
-132925.200   211.269     1.77    4.74
-132635.940   210.562    -2.44    6.29
-132346.681   208.166    -8.29   10.01
-132057.424   201.194   -24.10   17.03
-131768.168   195.822   -18.57   20.36
-131478.914   188.942   -23.79   23.35
-131189.661   180.838   -28.01   24.63
-130900.410   173.534   -25.25   25.17
-130611.161   171.330    -7.62   26.35
-130321.913   170.823    -1.75   27.84
-130032.667   172.042     4.22   30.07
-129743.422   177.555    19.06   31.00
-129454.179   185.730    28.26   29.32
-129164.937   193.499    26.86   25.02
-128875.697   201.296    26.96   17.98
-128586.459   204.122     9.77   14.05
-128297.222   207.420    11.40    8.68
-128007.987   208.206     2.72    6.78
-127718.753   207.605    -2.08    6.38
-127429.520   208.623     3.52    2.82
-127140.290   208.146    -1.65    2.81
-126851.061   207.923    -0.77    3.03
-126561.833   207.245    -2.34    3.01
-126272.607   206.528    -2.48    3.31
-125983.382   205.493    -3.58    3.70
-125694.159   204.439    -3.65    3.97
-125404.938   202.511    -6.67    5.14
-125115.718   200.178    -8.07    6.64
-124826.500   197.972    -7.63    7.40
-124537.283   194.284   -12.75   11.22
-124248.068   192.025    -7.81   12.05
-123958.854   189.200    -9.77   13.76
-123669.642   186.134   -10.60   14.67
-123380.431   180.355   -19.98   18.91
-123091.222   173.923   -22.24   23.77
-122802.015   167.286   -22.95   27.05
-122512.809   158.610   -30.00   29.33
-122223.604   146.539   -41.74   31.74
-121934.401   134.089   -43.05   31.58
-121645.200   120.609   -46.61   26.57
-121356.000   108.171   -43.01   19.55
-121066.801   101.476   -23.15   17.81
-120777.604    97.642   -13.26   16.76
-120488.409    98.025     1.32   20.31
-120199.215   104.455    22.24   28.58
-119910.023   118.119    47.25   37.95
-119620.832   134.062    55.13   42.41
-119331.643   147.080    45.01   41.03
-119042.455   162.545    53.48   32.93
-118753.269   173.380    37.47   26.19
-118464.084   183.062    33.48   16.53
-118174.901   185.703     9.13   13.33
-117885.719   186.659     3.31   11.16
-117596.539   187.905     4.31    8.33
-117307.361   188.855     3.29    5.92
-117018.183   189.703     2.93    2.23
-116729.008   189.489    -0.74    2.12
-116439.834   189.083    -1.40    2.30
-116150.661   188.011    -3.71    3.48
-115861.490   185.872    -7.40    5.49
-115572.320   184.155    -5.94    6.43
-115283.152   181.549    -9.01    6.23
-114993.985   179.230    -8.02    5.58
-114704.820   177.739    -5.16    4.74
-114415.657   176.070    -5.77    4.13
-114126.494   175.178    -3.08    3.54
-113837.334   174.059    -3.87    2.95
-113548.175   173.788    -0.94    2.89
-113259.017   174.296     1.76    3.29
-112969.861   174.873     2.00    3.51
-112680.706   175.989     3.86    3.69
-112391.553   177.449     5.05    3.86
-112102.401   178.806     4.70    4.18
-111813.251   179.855     3.63    3.38
-111524.102   180.034     0.62    3.56
-111234.955   179.398    -2.20    4.91
-110945.809   177.597    -6.23    5.74
-110656.665   176.019    -5.46    6.15
-110367.522   175.228    -2.74    6.01
-110078.381   174.838    -1.35    5.60
-109789.241   175.614     2.68    5.71
-109500.102   176.575     3.32    6.04
-109210.965   177.737     4.02    6.49
-108921.830   178.652     3.17    6.19
-108632.696   178.790     0.48    7.88
-108343.563   180.717     6.67    7.20
-108054.432   181.382     2.30    7.23
-107765.303   183.022     5.67    4.22
-107476.175   183.567     1.89    3.82
-107187.048   183.389    -0.62    5.05
-106897.914   182.700    -2.38    8.08
-106608.477   180.580    -7.33   13.57
-106319.040   178.269    -7.98   15.77
-106029.606   171.890   -22.04   22.18
-105740.173   164.593   -25.21   25.64
-105450.741   158.011   -22.74   27.26
-105161.310   144.093   -48.09   32.32
-104871.882   133.784   -35.62   32.19
-104582.454   118.127   -54.10   33.44
-104293.028   108.484   -33.32   33.87
-104003.604   103.923   -15.76   33.51
-103714.181    98.923   -17.28   29.02
-103424.759   101.304     8.23   29.72
-103135.339   105.666    15.07   30.89
-102845.920   120.572    51.50   37.95
-102556.503   134.821    49.24   35.38
-102267.087   142.855    27.76   29.88
-101977.673   147.838    17.21   23.25
-101688.260   144.105   -12.90   23.98
-101398.849   137.452   -22.99   24.24
-101109.439   134.314   -10.84   22.13
-100820.030   133.439    -3.03   20.63
-100530.623   135.580     7.40   22.11
-100241.217   144.618    31.23   25.60
 -99951.813   154.909    35.56   23.98
 -99662.410   162.249    25.36   21.68
 -99373.009   169.381    24.64   16.91
 -99083.609   174.968    19.31   10.84
 -98794.211   178.720    12.96    5.20
 -98504.813   179.730     3.49    2.31
 -98215.418   179.466    -0.92    2.62
 -97926.024   179.373    -0.32    2.72
 -97636.631   178.955    -1.44    2.60
 -97347.239   178.355    -2.07    2.75
 -97057.849   177.347    -3.49    3.07
 -96768.461   176.373    -3.37    3.42
 -96479.074   175.114    -4.35    3.85
 -96189.688   174.347    -2.65    3.54
 -95900.304   173.269    -3.73    3.08
 -95610.921   172.505    -2.64    3.02
 -95321.540   172.252    -0.88    2.85
 -95032.160   171.945    -1.06    3.34
 -94742.781   171.726    -0.75    3.36
 -94453.404   171.939     0.73    3.64
 -94164.028   172.420     1.66    3.83
 -93874.654   173.355     3.23    4.49
 -93585.281   174.476     3.87    4.96
 -93295.909   175.539     3.67    4.67
 -93006.539   176.528     3.42    4.20
 -92717.170   177.069     1.87    3.84
 -92427.803   176.959    -0.38    3.29
 -92138.437   176.148    -2.80    3.88
 -91849.072   175.434    -2.47    4.12
 -91559.709   173.805    -5.63    4.64
 -91270.347   172.139    -5.76    5.08
 -90980.987   170.769    -4.73    4.70
 -90691.628   168.398    -8.20    8.07
 -90402.271   164.748   -12.61   11.22
 -90112.914   160.906   -13.28   15.62
 -89823.560   154.626   -21.70   19.81
 -89534.206   147.550   -24.45   23.11
 -89244.854   135.347   -42.17   28.35
 -88955.504   127.516   -27.06   31.75
 -88666.154   113.838   -47.27   34.31
 -88376.807   100.666   -45.53   31.36
 -88087.460    93.544   -24.61   27.94
 -87798.115    82.478   -38.24   22.33
 -87508.771    75.610   -23.74   20.33
 -87219.429    69.689   -20.46   19.45
 -86930.088    65.034   -16.09   18.67
 -86640.749    62.001   -10.48   18.02
 -86351.410    56.432   -19.25   15.92
 -86062.074    51.422   -17.31   17.06
 -85772.738    44.821   -22.82   18.42
 -85483.404    39.241   -19.28   19.57
 -85194.071    32.720   -22.54   18.46
 -84904.740    25.855   -23.73   14.19
 -84615.410    21.662   -14.49   11.88
 -84326.082    19.516    -7.42    9.54
 -84036.754    21.498     6.85   12.16
 -83747.429    25.737    14.65   14.94
 -83458.104    32.769    24.31   18.15
 -83168.781    39.970    24.89   20.21
 -82879.459    48.097    28.09   20.27
 -82590.139    57.769    33.43   15.83
 -82300.820    62.424    16.09   13.15
 -82011.502    68.217    20.02   11.89
 -81722.186    73.205    17.24   12.71
 -81432.871    78.974    19.94   13.35
 -81143.557    83.773    16.59   13.01
 -80854.245    88.066    14.84   12.78
 -80564.934    93.959    20.37   11.26
 -80275.624    99.139    17.90   10.56
 -79986.316   103.093    13.67   10.39
 -79697.009   105.489     8.28   10.52
 -79407.704   108.329     9.82    9.30
 -79118.400   109.976     5.69    8.57
 -78829.097   110.872     3.10    8.32
 -78539.795   110.466    -1.41    8.91
 -78250.495   107.462   -10.38   10.77
 -77961.196   102.942   -15.63   13.69
 -77671.899    95.754   -24.85   15.60
 -77382.603    92.480   -11.31   15.09
 -77093.308    91.025    -5.03   13.25
 -76804.014    91.626     2.08   12.92
 -76514.722    92.093     1.61   12.20
 -76225.432    94.205     7.30   10.97
 -75936.142    95.645     4.98    9.70
 -75646.854    95.296    -1.21    9.96
 -75357.567    89.262   -20.86   13.33
 -75068.282    83.533   -19.80   13.85
 -74778.997    79.501   -13.94   11.49
 -74489.715    79.159    -1.18   11.01
 -74200.433    80.172     3.50   11.12
 -73911.153    84.259    14.13   13.38
 -73621.874    88.065    13.16   14.00
 -73332.596    93.055    17.25   13.47
 -73043.320    96.705    12.62   10.85
 -72754.045    98.217     5.23    8.98
 -72464.772    96.659    -5.39   10.13
 -72175.499    94.572    -7.21   11.39
 -71886.228    91.771    -9.68   13.38
 -71596.959    89.036    -9.45   14.01
 -71307.690    84.255   -16.53   12.88
 -71018.423    80.820   -11.88   11.97
 -70729.158    78.025    -9.66   11.92
 -70439.893    76.235    -6.19   10.54
 -70150.630    74.577    -5.73   10.54
 -69861.368    72.720    -6.42   10.43
 -69572.108    70.786    -6.68   10.56
 -69282.849    69.942    -2.92   10.86
 -68993.591    67.286    -9.18   10.86
 -68704.334    63.823   -11.97   11.64
 -68415.079    60.631   -11.03   11.53
 -68125.825    57.347   -11.35   10.96
 -67836.572    53.476   -13.38   10.36
 -67547.321    49.269   -14.54    8.46
 -67258.070    47.314    -6.76    8.87
 -66968.822    45.422    -6.54   10.99
 -66679.574    42.839    -8.93   14.95
 -66390.328    37.855   -17.23   19.03
 -66101.083    31.321   -22.59   20.63
 -65811.839    24.689   -22.93   21.43
 -65522.597    19.148   -19.15   20.05
 -65233.355    14.741   -15.24   15.58
 -64944.116    13.476    -4.37   13.92
 -64654.877    16.545    10.61   16.81
 -64365.640    19.463    10.09   18.44
 -64076.404    23.022    12.31   20.10
 -63787.169    26.757    12.91   20.56
 -63497.936    29.011     7.79   19.15
 -63208.703    32.160    10.89   18.87
 -62919.472    33.978     6.28   18.34
 -62630.243    37.459    12.03   18.54
 -62341.014    41.127    12.68   17.56
 -62051.787    43.008     6.50   16.28
 -61762.562    45.872     9.90   14.69
 -61473.337    47.748     6.49   13.90
 -61184.114    50.622     9.94   12.78
 -60894.892    51.493     3.01   11.54
 -60605.671    51.331    -0.56   10.92
 -60316.451    52.544     4.19   10.92
 -60027.233    53.097     1.91   12.12
 -59738.016    52.635    -1.60   13.78
 -59448.800    50.820    -6.28   15.23
 -59159.586    52.675     6.42   16.09
 -58870.373    56.389    12.84   14.57
 -58581.161    57.939     5.36   13.04
 -58291.950    57.735    -0.71   10.14
 -58002.741    58.159     1.47    8.42
 -57713.532    56.339    -6.29    7.44
 -57424.325    54.959    -4.77    7.10
 -57135.120    52.790    -7.50    7.70
 -56845.915    50.618    -7.51    8.81
 -56556.712    49.119    -5.19    9.44
 -56267.510    47.924    -4.13    9.60
 -55978.309    48.355     1.49    9.30
 -55689.110    48.806     1.56    8.93
 -55399.912    48.700    -0.37    8.95
 -55110.715    48.055    -2.23    8.80
 -54821.519    46.545    -5.22    9.08
 -54532.324    44.427    -7.32    9.68
 -54243.131    41.478   -10.20   10.30
 -53953.939    39.272    -7.63   10.81
 -53664.748    36.791    -8.58   11.00
 -53375.558    34.206    -8.94   10.94
 -53086.370    32.390    -6.28   10.64
 -52797.183    30.923    -5.07   10.76
 -52507.997    29.476    -5.00   10.52
 -52218.812    28.069    -4.87   10.87
 -51929.629    27.286    -2.70   10.68
 -51640.447    25.304    -6.86   10.83
 -51351.266    23.769    -5.31   11.02
 -51062.086    22.389    -4.77   11.66
 -50772.907    19.872    -8.70   12.38
 -50483.730    16.493   -11.68   12.42
 -50194.554    13.239   -11.25   11.56
 -49905.379    10.302   -10.16    9.92
 -49616.205     7.737    -8.87    7.12
 -49327.033     5.282    -8.49    2.22
 -49037.861     4.872    -1.42    1.28
 -48748.691     4.839    -0.12    0.90
 -48459.522     4.855     0.06    0.97
 -48170.355     4.838    -0.06    1.40
 -47881.188     4.737    -0.35    1.45
 -47592.023     4.572    -0.57    1.52
 -47302.859     4.501    -0.25    1.58
 -47013.696     4.304    -0.68    1.24
 -46724.535     4.105    -0.69    1.35
 -46435.374     4.034    -0.25    1.36
 -46146.215     3.806    -0.79    1.26
 -45857.057     3.618    -0.65    1.34
 -45567.900     3.550    -0.23    1.33
 -45278.744     3.597     0.16    1.32
 -44989.590     3.597     0.00    1.31
 -44700.437     3.539    -0.20    1.23
 -44411.082     3.424    -0.40    1.23
 -44121.672     3.555     0.45    1.12
 -43832.264     3.539    -0.06    1.03
 -43542.857     3.748     0.72    1.22
 -43253.451     3.737    -0.04    1.33
 -42964.046     3.683    -0.19    1.44
 -42674.643     3.555    -0.44    1.58
 -42385.241     3.631     0.26    1.75
 -42095.839     3.771     0.48    1.96
 -41806.439     3.769    -0.01    1.90
 -41517.041     3.855     0.30    1.91
 -41227.643     3.872     0.06    1.95
 -40938.246     3.754    -0.41    1.89
 -40648.851     3.757     0.01    1.80
 -40359.457     3.442    -1.09    1.44
 -40070.064     3.259    -0.63    1.41
 -39780.672     2.922    -1.16    1.27
 -39491.282     2.737    -0.64    1.20
 -39201.892     2.505    -0.80    1.07
 -38912.504     2.312    -0.67    0.91
 -38623.117     2.183    -0.44    0.71
 -38333.731     2.166    -0.06    0.71
 -38044.347     2.131    -0.12    0.72
 -37754.963     2.069    -0.22    0.69
 -37465.581     1.907    -0.56    0.29
 -37176.199     1.889    -0.06    0.26
 -36886.819     1.855    -0.12    0.00
 -36597.440     1.855     0.00    0.00
 -36308.063     1.855     0.00    0.00
 -36018.686     1.889     0.12    0.26
 -35729.311     1.889     0.00    0.26
 -35439.936     1.890     0.00    0.26
 -35150.563     1.890     0.00    0.26
 -34861.191     1.889    -0.00    0.26
 -34571.820     1.855    -0.12    0.00
 -34282.451     1.855     0.00    0.00
 -33993.082     1.855     0.00    0.00
 -33703.715     1.855     0.00    0.00
 -33414.348     1.855     0.00    0.00
 -33124.983     1.855     0.00    0.00
 -32835.619     1.855     0.00    0.00
 -32546.257     1.855     0.00    0.00
 -32256.895     1.855     0.00    0.00
 -31967.534     1.855     0.00    0.00
 -31678.175     2.022     0.58    0.59
 -31388.817     2.228     0.71    0.74
 -31099.460     2.429     0.69    0.85
 -30810.104     2.669     0.83    0.94
 -30520.749     3.070     1.38    1.19
 -30231.395     3.398     1.13    1.41
 -29942.043     3.614     0.75    1.50
 -29652.691     3.555    -0.20    1.48
 -29363.341     3.622     0.23    1.58
 -29073.992     3.575    -0.16    1.54
 -28784.643     3.304    -0.94    1.44
 -28495.297     3.338     0.12    1.45
 -28205.951     3.314    -0.08    1.36
 -27916.606     3.338     0.08    1.34
 -27627.262     3.155    -0.63    1.42
 -27337.920     3.011    -0.50    1.32
 -27048.579     2.926    -0.29    1.29
 -26759.238     2.565    -1.25    1.34
 -26469.899     2.372    -0.67    1.24
 -26180.561     2.259    -0.39    1.38
 -25891.224     2.088    -0.59    1.40
 -25601.889     1.942    -0.50    1.39
 -25312.554     1.737    -0.71    1.23
 -25023.220     1.631    -0.36    1.06
 -24733.888     1.757     0.43    1.18
 -24444.557     1.890     0.46    1.18
 -24155.226     2.045     0.54    1.18
 -23865.897     2.114     0.24    1.16
 -23576.569     2.305     0.66    1.23
 -23287.242     2.605     1.04    1.26
 -22997.916     2.700     0.33    1.20
 -22708.592     2.789     0.31    1.21
 -22419.268     3.034     0.85    1.15
 -22129.946     3.011    -0.08    1.21
 -21840.624     2.905    -0.37    1.20
 -21551.304     2.906     0.01    1.12
 -21261.985     2.937     0.11    1.13
 -20972.666     2.873    -0.22    1.17
 -20683.349     2.906     0.11    1.07
 -20394.033     2.974     0.23    1.18
 -20104.718     3.105     0.45    1.11
 -19815.405     3.146     0.14    1.16
 -19526.092     3.154     0.03    1.24
 -19236.780     3.189     0.12    1.19
 -18947.470     3.213     0.08    1.30
 -18658.160     3.200    -0.04    1.20
 -18368.852     3.228     0.10    1.34
 -18079.545     3.347     0.41    1.33
 -17790.238     3.355     0.03    1.45
 -17500.933     3.717     1.25    1.78
 -17211.629     3.989     0.94    2.04
 -16922.326     4.545     1.92    2.36
 -16633.024     4.659     0.39    2.48
 -16343.723     4.989     1.14    2.30
 -16054.423     5.052     0.22    2.21
 -15765.125     4.635    -1.44    2.15
 -15475.827     4.528    -0.37    1.85
 -15186.530     4.282    -0.85    1.54
 -14897.235     3.821    -1.59    1.35
 -14607.940     3.635    -0.64    1.31
 -14318.647     3.459    -0.61    1.20
 -14029.355     3.355    -0.36    1.14
 -13740.063     3.222    -0.46    1.21
 -13450.773     3.144    -0.27    1.16
 -13161.484     3.200     0.19    1.22
 -12872.196     3.183    -0.06    1.22
 -12582.909     3.276     0.32    1.18
 -12293.623     3.172    -0.36    1.16
 -12004.338     3.262     0.31    1.13
 -11715.054     3.422     0.55    1.11
 -11425.771     3.399    -0.08    1.21
 -11136.489     3.252    -0.51    1.23
 -10847.209     3.200    -0.18    1.37
 -10557.929     3.200     0.00    1.40
 -10268.650     3.298     0.34    1.46
  -9979.373     3.355     0.20    1.55
  -9690.096     3.550     0.67    1.50
  -9400.820     3.730     0.62    1.58
  -9111.546     3.957     0.78    1.53
  -8822.272     3.984     0.09    1.41
  -8533.000     4.110     0.43    1.63
  -8243.729     4.398     1.00    1.60
  -7954.458     4.131    -0.92    1.83
  -7665.189     4.011    -0.42    2.08
  -7375.921     3.655    -1.23    2.54
  -7086.653     3.239    -1.44    2.80
  -6797.387     2.952    -0.99    3.04
  -6508.122     2.659    -1.01    3.20
  -6218.858     2.239    -1.45    3.25
  -5929.595     1.680    -1.93    3.12
  -5640.333     1.396    -0.98    3.06
  -5351.071     0.821    -1.99    2.53
  -5061.811     0.235    -2.03    1.74
  -4772.552    -0.145    -1.31    0.00
  -4483.294    -0.145     0.00    0.00
  -4194.037    -0.145     0.00    0.00
  -3904.781    -0.145     0.00    0.00
  -3615.526    -0.145     0.00    0.00
  -3326.272    -0.145     0.00    0.00
  -3037.019    -0.091     0.19    0.30
  -2747.767    -0.060     0.11    0.34
  -2458.516    -0.041     0.06    0.36
  -2169.266     0.025     0.23    0.53
  -1880.018     0.022    -0.01    0.53
  -1590.770     0.011    -0.04    0.52
  -1301.523    -0.110    -0.42    0.18
  -1012.277    -0.145    -0.12    0.00
   -723.032    -0.145     0.00    0.00
   -433.788    -0.145     0.00    0.00
   -144.545    -0.145     0.00    0.00
    144.697    -0.145     0.00    0.00
    433.938    -0.145     0.00    0.00
    723.178    -0.145     0.00    0.00
   1012.417    -0.145     0.00    0.00
   1301.655    -0.145     0.00    0.00
   1590.891    -0.145     0.00    0.00
   1880.127    -0.145     0.00    0.00
   2169.362    -0.145     0.00    0.00
   2458.596    -0.145     0.00    0.00
   2747.829    -0.145     0.00    0.00
   3037.061    -0.145     0.00    0.00
   3326.292    -0.145     0.00    0.00
   3615.522    -0.145     0.00    0.00
   3904.751    -0.145     0.00    0.00
   4193.979    -0.145     0.00    0.00
   4483.206    -0.127     0.06    0.13
   4772.433     0.472     2.07    2.50
   5061.658     1.248     2.68    3.35
   5350.882     2.062     2.81    4.06
   5640.105     2.822     2.63    4.21
   5929.327     3.144     1.11    3.83
   6218.548     3.522     1.31    3.57
   6507.769     3.855     1.15    3.16
   6796.988     3.959     0.36    2.87
   7086.206     3.769    -0.66    2.75
   7375.424     3.505    -0.91    2.21
   7664.640     3.314    -0.66    1.89
   7953.855     3.493     0.62    1.96
   8243.070     3.805     1.08    2.26
   8532.283     3.978     0.60    2.35
   8821.496     4.036     0.20    2.38
   9110.707     3.957    -0.27    2.19
   9399.918     3.889    -0.23    2.36
   9689.128     3.601    -1.00    1.68
   9978.336     3.313    -1.00    1.38
  10267.544     3.422     0.38    1.43
  10556.751     3.493     0.25    1.48
  10845.957     3.355    -0.48    1.57
  11135.162     3.339    -0.06    1.43
  11424.366     3.522     0.63    1.63
  11713.569     3.669     0.51    1.80
  12002.771     3.924     0.88    2.00
  12291.972     4.022     0.34    1.98
  12581.172     5.222     4.15    3.93
  12870.371     6.194     3.36    4.59
  13159.569     6.493     1.03    4.46
  13448.767     6.820     1.13    4.35
  13737.963     7.495     2.33    4.13
  14027.159     7.989     1.71    4.14
  14316.353     8.298     1.07    4.01
  14605.547     7.407    -3.08    2.66
  14894.739     7.141    -0.92    2.19
  15183.931     6.989    -0.53    2.01
  15473.122     6.924    -0.22    2.02
  15762.312     7.422     1.72    3.60
  16051.501     8.442     3.53    4.51
  16340.689     8.597     0.54    4.86
  16629.876     8.597     0.00    5.00
  16919.062     8.355    -0.83    5.02
  17208.247     7.970    -1.33    4.85
  17497.431     7.528    -1.53    4.76
  17786.722     6.489    -3.59    5.02
  18076.104     6.338    -0.52    5.88
  18365.485     6.211    -0.44    5.73
  18654.865     6.484     0.94    6.13
  18944.243     8.076     5.50    8.51
  19233.621    13.449    18.57   17.47
  19522.998    17.785    14.99   20.90
  19812.375    20.821    10.49   20.77
  20101.750    22.601     6.15   19.96
  20391.124    24.005     4.85   19.10
  20680.498    25.036     3.56   18.75
  20969.870    24.321    -2.47   19.52
  21259.242    18.991   -18.42   10.83
  21548.612    18.031    -3.32   10.22
  21837.982    21.022    10.34   11.88
  22127.351    24.003    10.30   11.81
  22416.719    26.011     6.94   10.68
  22706.086    25.601    -1.41   10.56
  22995.452    24.752    -2.93   10.21
  23284.818    23.905    -2.93   10.26
  23574.182    21.405    -8.64    9.04
  23863.546    19.072    -8.06    7.43
  24152.908    16.415    -9.18    6.39
  24442.270    15.697    -2.48    6.22
  24731.631    16.305     2.10    6.60
  25020.991    17.407     3.81    7.24
  25310.350    18.539     3.91    8.45
  25599.708    21.755    11.12   10.51
  25889.065    25.177    11.82   10.86
  26178.421    28.200    10.45   12.72
  26467.777    28.391     0.66   12.91
  26757.132    29.039     2.24   13.69
  27046.485    28.279    -2.63   12.83
  27335.838    28.172    -0.37   10.76
  27625.190    27.114    -3.66    9.36
  27914.541    27.592     1.65    9.55
  28203.891    27.957     1.26    8.57
  28493.241    29.432     5.10    8.50
  28782.589    30.807     4.75    9.08
  29071.937    32.511     5.89   10.58
  29361.283    33.752     4.29   12.55
  29650.629    33.080    -2.32   12.67
  29939.974    33.752     2.32   10.76
  30229.318    34.691     3.25   10.06
  30518.661    37.597    10.04   11.55
  30808.004    43.097    19.01   12.89
  31097.345    48.614    19.07   14.85
  31386.686    57.550    30.88   18.57
  31676.026    65.622    27.90   19.02
  31965.365    75.183    33.04   19.00
  32254.703    82.655    25.83   17.33
  32544.040    86.516    13.34   16.29
  32833.376    89.666    10.89   13.75
  33122.712    92.339     9.24   13.17
  33412.046    92.805     1.61   12.63
  33701.380    93.172     1.27   12.41
  33990.713    94.838     5.76   13.28
  34280.045    96.373     5.31   13.70
  34569.376    96.476     0.36   13.99
  34858.707    94.639    -6.35   15.42
  35148.036    89.462   -17.89   16.92
  35437.365    85.028   -15.33   16.47
  35726.693    82.005   -10.45   14.42
  36016.020    82.926     3.18   15.75
  36305.346    80.755    -7.50   14.55
  36594.671    78.737    -6.98   14.09
  36883.996    78.631    -0.36   14.59
  37173.319    78.489    -0.49   14.54
  37462.642    76.139    -8.12   14.24
  37751.964    72.322   -13.19   12.46
  38041.285    71.373    -3.28   12.90
  38330.605    72.381     3.48   13.05
  38619.925    72.172    -0.72   14.11
  38909.243    72.083    -0.31   14.22
  39198.561    69.255    -9.77   13.17
  39487.878    66.407    -9.84   11.21
  39777.194    65.155    -4.33   10.22
  40066.510    65.105    -0.17   10.17
  40355.824    65.269     0.57    9.58
  40645.138    67.959     9.30   13.10
  40934.451    71.873    13.53   20.19
  41223.763    73.972     7.25   21.28
  41513.074    75.655     5.82   20.21
  41802.384    76.822     4.03   20.11
  42091.694    77.924     3.81   19.68
  42381.003    76.445    -5.11   17.10
  42670.311    76.472     0.09   14.98
  42959.618    76.217    -0.88   12.41
  43248.924    75.472    -2.58   12.39
  43538.229    74.449    -3.54   11.20
  43827.534    73.907    -1.87   12.97
  44116.838    74.700     2.74   14.69
  44406.141    74.821     0.42   16.06
  44695.443    76.364     5.33   18.08
  44984.745    77.993     5.63   18.38
  45274.046    82.562    15.79   20.21
  45563.345    84.459     6.56   22.31
  45852.645    85.648     4.11   24.75
  46141.943    88.307     9.19   27.12
  46431.240    91.533    11.15   27.69
  46720.537    97.127    19.33   26.07
  47009.833   101.750    15.98   24.60
  47299.128   106.700    17.11   22.78
  47588.422   113.805    24.56   23.43
  47877.716   119.533    19.80   23.50
  48167.008   123.439    13.50   22.87
  48456.300   126.963    12.18   20.82
  48745.592   130.011    10.54   20.17
  49034.882   128.088    -6.65   16.39
  49324.171   125.222    -9.91   15.49
  49613.460   121.806   -11.81   16.66
  49902.748   117.476   -14.97   21.20
  50192.035   110.483   -24.18   22.00
  50481.322   105.217   -18.20   22.48
  50770.608    99.296   -20.47   24.51
  51059.892    88.072   -38.80   28.18
  51349.177    78.839   -31.92   29.06
  51638.460    69.255   -33.13   26.24
  51927.742    63.442   -20.10   23.28
  52217.024    58.415   -17.38   19.55
  52506.305    58.821     1.40   19.24
  52795.585    58.970     0.52   20.36
  53084.865    59.739     2.66   22.33
  53374.144    59.195    -1.88   22.67
  53663.422    56.957    -7.74   25.50
  53952.699    49.141   -27.02   23.47
  54241.975    41.396   -26.77   21.10
  54531.251    34.339   -24.40   14.15
  54820.526    29.422   -17.00    8.16
  55109.800    26.597    -9.77    5.65
  55399.073    25.769    -2.86    5.57
  55688.346    25.838     0.24    5.59
  55977.618    26.601     2.64    6.90
  56266.889    28.452     6.40    9.78
  56556.159    31.669    11.12   12.64
  56845.429    36.891    18.05   14.31
  57134.698    43.855    24.08   18.30
  57423.966    48.062    14.54   16.97
  57713.233    52.626    15.78   17.17
  58002.500    53.493     3.00   15.36
  58291.766    53.235    -0.89   14.04
  58581.031    52.821    -1.43   13.28
  58870.295    52.597    -0.77   12.61
  59159.559    54.089     5.16   13.28
  59448.822    54.855     2.65   13.98
  59738.084    56.989     7.38   14.62
  60027.345    57.302     1.08   14.38
  60316.606    60.338    10.50   16.14
  60605.866    61.757     4.91   16.77
  60895.125    60.739    -3.52   16.66
  61184.383    63.069     8.05   17.47
  61473.641    63.552     1.67   18.14
  61762.898    64.717     4.03   17.96
  62052.154    64.720     0.01   17.36
  62341.410    64.905     0.64   16.21
  62630.665    67.272     8.18   15.49
  62919.919    70.304    10.48   14.65
  63209.172    74.127    13.22   16.36
  63498.425    81.627    25.93   26.09
  63787.677    97.522    54.95   43.34
  64076.928   111.972    49.96   52.93
  64366.179   133.752    75.30   67.34
  64655.428   151.339    60.80   76.30
  64944.677   174.528    80.17   88.85
  65233.926   201.415    92.95   94.61
  65523.173   235.771   118.78   98.99
  65812.420   267.228   108.76   85.88
  66101.666   287.823    71.20   72.28
  66390.912   302.119    49.42   49.74
  66680.157   302.255     0.47   42.90
  66969.401   290.562   -40.43   46.30
  67258.644   273.920   -57.54   51.64
  67547.887   260.005   -48.11   48.28
  67837.129   247.924   -41.77   43.36
  68126.370   239.045   -30.70   38.56
  68415.611   229.695   -32.33   37.67
  68704.850   220.089   -33.21   39.94
  68994.090   206.567   -46.75   37.77
  69283.328   192.655   -48.10   29.73
  69572.566   180.355   -42.53   26.95
  69861.803   174.409   -20.56   26.19
  70151.039   167.272   -24.67   22.76
  70440.275   158.580   -30.05   17.61
  70729.510   154.272   -14.89   17.31
  71018.744   150.005   -14.75   13.96
  71307.978   147.580    -8.39   15.26
  71597.211   147.442    -0.48   17.70
  71886.443   149.045     5.54   18.58
  72175.674   150.331     4.45   20.25
  72464.905   152.148     6.28   19.45
  72754.136   157.533    18.62   20.20
  73043.365   161.200    12.68   18.34
  73332.594   161.034    -0.57   17.13
  73621.822   161.984     3.29   17.71
  73911.049   160.089    -6.55   16.01
  74200.276   156.528   -12.31   16.68
  74489.502   155.206    -4.57   16.50
  74778.728   154.631    -1.99   16.82
  75067.953   158.516    13.43   19.35
  75357.177   165.855    25.37   20.17
  75646.400   171.289    18.79   19.96
  75935.623   175.873    15.85   19.26
  76224.845   182.407    22.59   18.99
  76514.066   185.717    11.45   18.51
  76803.287   190.955    18.11   18.88
  77092.507   196.025    17.53   19.58
  77381.727   200.200    14.44   19.47
  77670.945   202.906     9.36   18.87
  77960.163   203.909     3.47   16.17
  78249.381   201.957    -6.75   16.65
  78538.598   200.069    -6.53   15.54
  78827.814   199.330    -2.55   14.69
  79117.029   198.705    -2.16   14.80
  79406.244   198.373    -1.15   16.60
  79695.458   199.076     2.43   20.07
  79984.714   197.855    -4.22   24.47
  80274.066   201.686    13.24   29.92
  80563.419   212.642    37.87   42.77
  80852.770   218.945    21.78   49.57
  81142.121   215.805   -10.85   51.35
  81431.472   215.623    -0.63   51.89
  81720.821   210.742   -16.87   51.62
  82010.170   203.127   -26.32   53.02
  82299.519   190.805   -42.58   52.41
  82588.867   168.752   -76.22   35.24
  82878.214   158.312   -36.08   17.96
  83167.560   160.516     7.62   24.95
  83456.906   171.974    39.60   45.07
  83746.251   182.609    36.76   51.58
  84035.596   197.313    50.82   53.53
  84324.940   215.748    63.71   50.04
  84614.283   226.415    36.86   42.67
  84903.626   236.424    34.59   35.75
  85192.968   241.741    18.37   31.94
  85482.309   245.873    14.28   30.36
  85771.650   248.580     9.36   41.25
  86060.990   249.045     1.61   47.12
  86350.330   237.217   -40.88   55.60
  86639.669   225.183   -41.59   60.97
  86929.007   207.754   -60.24   61.37
  87218.345   188.189   -67.62   52.96
  87507.682   173.907   -49.36   40.07
  87797.018   172.031    -6.48   43.82
  88086.354   190.331    63.25   63.94
  88375.690   203.239    44.61   68.39
  88665.024   207.200    13.69   68.83
  88954.358   207.557     1.24   69.15
  89243.692   199.924   -26.38   68.96
  89533.024   190.601   -32.22   65.07
  89822.356   174.131   -56.92   50.04
  90111.688   164.823   -32.17   28.43
  90401.019   161.890   -10.14   21.59
  90690.349   169.442    26.10   26.17
  90979.679   176.963    25.99   30.22
  91269.008   189.347    42.80   31.43
  91558.337   205.036    54.22   36.82
  91847.665   228.321    80.48   50.50
  92136.992   256.245    96.51   62.67
  92426.319   284.784    98.64   77.25
  92715.645   310.062    87.37   75.21
  93004.971   340.355   104.70   65.47
  93294.296   363.160    78.82   48.50
  93583.620   375.921    44.10   34.14
  93872.944   378.445     8.72   22.86
  94162.267   378.127    -1.10   20.43
  94451.589   381.631    12.11   22.84
  94740.911   383.249     5.59   25.78
  95030.233   382.455    -2.74   26.22
  95319.554   374.131   -28.77   38.88
  95608.874   353.194   -72.37   60.74
  95898.194   328.052   -86.90   68.93
  96187.513   307.970   -69.41   65.51
  96476.831   285.855   -76.44   50.53
  96766.149   280.245   -19.39   48.64
  97055.467   280.648     1.39   50.07
  97344.783   284.802    14.36   49.80
  97634.100   287.025     7.68   47.36
  97923.415   283.373   -12.62   42.13
  98212.730   275.708   -26.49   41.14
  98502.045   263.955   -40.62   39.61
  98791.359   246.927   -58.86   32.64
  99080.672   236.700   -35.35   25.15
  99369.985   232.769   -13.59   24.91
  99659.297   228.823   -13.64   21.35
  99948.609   229.855     3.57   25.58
 100237.920   234.155    14.86   31.10
 100527.230   240.183    20.83   34.03
 100816.540   248.926    30.22   40.35
 101105.850   252.389    11.97   41.38
 101395.159   257.839    18.84   43.27
 101684.467   258.659     2.83   44.03
 101973.775   257.136    -5.26   45.58
 102263.082   251.700   -18.79   43.75
 102552.389   242.672   -31.21   38.60
 102841.695   235.459   -24.93   28.08
 103131.000   228.839   -22.88   16.85
 103420.305   224.597   -14.66   13.28
 103709.610   222.148    -8.46   10.61
 103998.914   222.114    -0.12   11.86
 104288.217   219.614    -8.64   12.99
 104577.520   219.691     0.27   14.52
 104866.822   219.873     0.63   15.83
 105156.124   223.516    12.60   20.71
 105445.425   228.320    16.60   23.81
 105734.725   232.550    14.62   25.24
 106024.026   236.511    13.69   24.75
 106313.325   239.906    11.74   25.05
 106602.624   241.516     5.57   27.34
 106891.923   236.873   -16.05   29.84
 107181.221   227.114   -33.73   29.56
 107470.518   219.139   -27.57   26.70
 107759.815   212.872   -21.66   21.54
 108049.111   208.742   -14.27   16.44
 108338.407   205.320   -11.83   11.51
 108627.702   206.222     3.12   11.77
 108916.997   206.083    -0.48   11.84
 109206.291   207.495     4.88   12.31
 109495.585   206.720    -2.68   12.01
 109784.878   209.148     8.40   13.70
 110074.171   210.940     6.19   14.53
 110363.463   212.963     6.99   14.22
 110652.755   215.655     9.31   13.55
 110942.046   221.381    19.79   17.69
 111231.337   228.855    25.84   22.52
 111520.627   233.923    17.52   30.55
 111809.916   239.141    18.04   34.20
 112099.206   249.042    34.22   41.04
 112388.494   263.873    51.27   48.80
 112677.782   273.160    32.11   50.99
 112967.070   278.289    17.73   48.07
 113256.357   289.321    38.14   45.75
 113545.643   303.493    48.99   45.04
 113834.929   311.321    27.06   38.56
 114124.215   311.422     0.35   36.51
 114413.500   310.483    -3.25   33.58
 114702.785   312.110     5.62   40.34
 114992.069   327.528    53.30   55.58
 115281.352   341.505    48.31   65.66
 115570.635   347.539    20.86   67.97
 115859.918   347.205    -1.15   68.44
 116149.200   348.984     6.15   71.56
 116438.481   352.463    12.02   68.08
 116727.763   356.786    14.95   73.71
 117017.043   369.618    44.36   79.20
 117306.323   392.028    77.47   79.40
 117595.603   407.691    54.15   73.61
 117884.882   422.907    52.60   57.65
 118174.161   429.476    22.71   52.27
 118463.439   421.390   -27.95   55.40
 118752.716   404.739   -57.56   56.36
 119041.994   394.989   -33.70   53.02
 119331.270   391.666   -11.49   50.44
 119620.547   384.589   -24.46   47.45
 119909.822   375.998   -29.70   44.04
 120199.098   377.580     5.47   45.31
 120488.372   380.022     8.44   43.03
 120777.647   383.322    11.41   39.42
 121066.921   389.239    20.45   33.84
 121356.194   397.891    29.91   31.89
 121645.467   407.717    33.97   38.23
 121934.739   421.269    46.85   52.44
 122224.011   441.305    69.26   65.70
 122513.283   462.888    74.61   68.01
 122802.554   476.407    46.73   62.39
 123091.825   493.672    59.68   52.32
 123381.095   496.803    10.82   46.44
 123670.364   504.222    25.65   42.52
 123959.634   510.652    22.23   44.52
 124248.902   518.562    27.35   49.80
 124538.171   528.720    35.11   51.82
 124827.438   533.255    15.68   52.33
 125116.706   543.122    34.11   46.78
 125405.973   535.597   -26.01   62.22
 125695.239   511.330   -83.89   87.82
 125984.505   481.055  -104.66  106.64
 126273.771   447.733  -115.20  116.00
 126563.036   414.838  -113.72  119.00
 126852.301   378.476  -125.71  114.53
 127141.565   349.105  -101.54  102.80
 127430.829   322.905   -90.57   92.71
 127720.092   294.459   -98.34   73.49
 128009.355   273.821   -71.35   53.00
 128298.617   265.338   -29.33   36.46
 128587.879   265.372     0.12   28.42
 128877.141   278.139    44.14   41.54
 129166.402   308.605   105.33   70.75
 129455.663   349.993   143.08   93.01
 129744.923   390.552   140.21  107.37
 130034.183   428.905   132.59  107.50
 130323.442   462.286   115.40   96.23
 130612.701   478.639    56.53   78.99
 130901.960   484.957    21.84   75.84
 131191.218   466.321   -64.43   94.03
 131480.476   448.148   -62.82  100.30
 131769.733   423.321   -85.83   97.68
 132058.990   399.642   -81.86   86.67
 132348.246   377.528   -76.45   67.06
 132637.502   383.217    19.67   71.77
 132926.758   390.959    26.76   74.05
 133216.013   405.735    51.08   80.55
 133505.268   425.178    67.22   84.35
 133794.522   446.703    74.41   82.22
 134083.776   476.906   104.42   81.83
 134373.029   493.873    58.66   84.26
 134662.283   518.648    85.65   85.38
 134951.535   534.272    54.01   81.65
 135240.787   547.635    46.20   72.83
 135530.039   567.389    68.29   64.17
 135819.291   583.070    54.21   52.16
 136108.542   588.873    20.06   47.16
 136397.792   593.570    16.24   39.40
 136687.043   590.939    -9.10   36.56
 136976.292   582.422   -29.44   45.21
 137265.542   568.717   -47.38   50.55
 137554.791   561.489   -24.99   51.20
 137844.040   559.235    -7.79   48.76
 138133.288   558.381    -2.95   49.19
 138422.536   558.955     1.99   46.23
 138711.783   559.422     1.61   45.04
 139001.030   559.139    -0.98   44.97
 139290.277   540.373   -64.88   73.33
 139579.523   498.974  -143.13  100.97
 139868.769   441.700  -198.01  128.84
 140158.014   391.705  -172.85  136.49
 140447.259   330.022  -213.26  131.88
 140736.504   274.136  -193.21  100.44
 141025.748   229.855  -153.09   69.75
 141314.992   200.154  -102.69   49.32
 141604.236   181.613   -64.10   35.22
 141893.479   166.989   -50.56   20.30
 142182.726   160.110   -23.78   11.62
 142472.052   157.717    -8.27    9.26
 142761.378   156.540    -4.07    8.11
 143050.703   154.449    -7.23    7.74
 143340.028   152.059    -8.26    9.21
 143629.352   150.146    -6.61    9.70
 143918.676   148.455    -5.84    9.09
 144208.000   146.445    -6.95    9.23
 144497.323   145.194    -4.32    9.07
 144786.646   143.890    -4.51    9.69
 145075.969   142.757    -3.92    9.61
 145365.291   141.252    -5.20    9.70
 145654.613   139.993    -4.35    9.57
 145943.934   139.942    -0.18   10.64
 146233.255   140.028     0.30   11.34
 146522.576   140.755     2.51   10.96
 146811.897   142.648     6.54   12.25
 147101.217   143.189     1.87   11.65
 147390.536   141.677    -5.23   12.01
 147679.856   141.769     0.32   10.86
 147969.175   142.036     0.92   11.33
 148258.493   142.005    -0.10   10.79
 148547.811   140.806    -4.14   11.32
 148837.129   138.557    -7.77   11.64
 149126.447   136.752    -6.24   11.78
 149415.764   134.838    -6.61   11.19
 149705.081   130.805   -13.94   11.52
 149994.397   126.722   -14.11    9.60
 150283.714   123.338   -11.70    8.12
 150573.029   120.160   -10.98    7.64
 150862.345   118.189    -6.82    7.41
 151151.660   115.572    -9.04    5.42
 151440.975   116.511     3.25    7.12
 151730.289   118.683     7.51    9.97
 152019.603   123.855    17.88   13.99
 152308.917   129.605    19.87   15.42
 152598.231   134.923    18.38   15.98
 152887.544   141.872    24.02   14.57
 153176.857   145.689    13.19   11.80
 153466.169   148.085     8.28   11.86
 153755.481   150.697     9.03   13.30
 154044.793   151.055     1.24   13.47
 154334.104   149.011    -7.07   14.96
 154623.416   146.922    -7.22   15.38
 154912.726   148.921     6.91   16.95
 155202.037   149.407     1.68   17.24
 155491.347   146.769    -9.12   17.88
 155780.657   147.302     1.84   17.98
 156069.966   147.533     0.80   18.63
 156359.276   147.059    -1.64   17.59
 156648.585   147.972     3.16   17.05
 156937.893   146.321    -5.71   16.00
 157227.201   144.206    -7.31   15.47
 157516.509   145.398     4.12   15.95
 157805.817   145.924     1.82   15.93
 158095.124   148.970    10.53   17.82
 158384.431   148.008    -3.33   17.00
 158673.738   150.697     9.30   17.96
 158963.044   150.062    -2.20   17.62
 159252.351   149.786    -0.95   16.59
 159541.656   148.839    -3.27   16.33
 159830.962   149.304     1.61   16.95
 160120.267   151.873     8.88   19.42
 160409.572   155.200    11.50   19.81
 160698.876   160.011    16.63   20.44
 160988.181   165.289    18.24   22.76
 161277.485   174.144    30.61   28.76
 161566.788   184.282    35.04   34.97
 161856.092   202.070    61.49   38.56
 162145.395   215.131    45.15   42.14
 162434.698   240.055    86.15   50.24
 162724.000   266.567    91.64   57.13
 163013.302   293.991    94.79   56.17
 163302.604   318.276    83.94   57.27
 163591.906   340.769    77.75   52.30
 163881.207   356.008    52.67   43.70
 164170.509   367.788    40.72   33.28
 164459.809   373.722    20.51   33.44
 164749.110   378.493    16.49   33.15
 165038.410   368.177   -35.66   42.13
 165327.710   354.266   -48.09   55.75
 165617.010   318.533  -123.51   80.33
 165906.309   283.922  -119.64   92.10
 166195.608   249.584  -118.69   92.76
 166484.907   206.539  -148.79   74.06
 166774.206   178.476   -97.00   52.57
 167063.504   159.148   -66.81   27.25
 167352.802   150.398   -30.25   14.01
 167642.100   150.194    -0.70   13.95
 167931.397   150.468     0.95   11.81
 168220.695   150.748     0.97   12.24
 168509.991   151.555     2.79   12.95
 168799.288   150.768    -2.72   13.07
 169088.585   148.646    -7.33   13.58
 169377.881   145.889    -9.53   13.02
 169667.177   143.584    -7.97   10.69
 169956.472   144.148     1.95   13.42
 170245.768   143.802    -1.20   12.92
 170535.063   146.052     7.78   14.45
 170824.358   148.788     9.46   16.36
 171113.652   148.708    -0.28   15.45
 171402.947   149.330     2.15   15.80
 171692.241   151.730     8.30   17.24
 171981.535   152.652     3.19   17.55
 172270.828   154.493     6.36   17.15
 172560.122   155.555     3.67   16.86
 172849.415   156.622     3.69   16.31
 173138.708   155.469    -3.98   15.03
 173428.000   155.338    -0.45   16.51
 173717.293   156.373     3.58   16.75
 174006.585   156.609     0.82   16.42
 174295.877   157.614     3.47   16.41
 174585.169   158.339     2.51   16.51
 174874.460   157.821    -1.79   15.99
 175163.751   159.195     4.75   17.39
 175453.042   158.936    -0.89   15.81
 175742.333   160.905     6.81   17.06
 176031.623   161.420     1.78   16.86
 176320.914   162.463     3.60   14.82
 176610.204   167.390    17.03   15.45
 176899.494   169.483     7.23   16.16
 177188.783   173.442    13.69   16.23
 177478.073   177.364    13.56   20.36
 177767.362   179.183     6.29   21.56
 178056.651   181.459     7.87   22.64
 178345.939   182.148     2.38   22.58
 178635.228   178.805   -11.56   24.80
 178924.516   179.139     1.15   23.89
 179213.804   181.097     6.77   25.07
 179503.092   179.122    -6.83   23.52
 179792.379   180.355     4.26   22.85
 180081.667   183.703    11.57   23.86
 180370.954   186.839    10.84   23.87
 180660.241   190.432    12.42   22.04
 180949.528   190.724     1.01   21.64
 181238.814   193.248     8.72   22.43
 181528.100   194.562     4.54   22.95
 181817.387   194.499    -0.22   23.24
 182106.672   195.572     3.71   22.04
 182395.958   196.662     3.77   21.96
 182685.244   195.873    -2.73   21.50
 182974.529   194.139    -5.99   20.11
 183263.814   190.623   -12.15   18.76
 183553.099   188.987    -5.66   20.15
 183842.384   185.177   -13.17   18.40
 184131.668   179.720   -18.87   16.52
 184420.952   177.355    -8.17   17.88
 184710.236   177.597     0.83   18.47
 184999.520   178.622     3.54   19.43
 185288.804   178.025    -2.06   19.15
 185578.088   174.577   -11.92   17.85
 185867.371   172.686    -6.54   17.75
 186156.654   170.677    -6.95   17.63
 186445.937   171.974     4.48   18.24
 186735.220   171.252    -2.50   17.97
 187024.502   170.439    -2.81   18.21
 187313.785   170.821     1.32   21.67
 187603.067   173.855    10.49   22.31
 187892.349   178.097    14.66   21.63
 188181.631   177.605    -1.70   22.61
 188470.913   177.110    -1.71   23.42
 188760.194   178.228     3.87   24.98
 189049.475   174.572   -12.64   22.86
 189338.757   172.511    -7.13   21.65
 189628.037   173.248     2.55   22.56
 189917.318   171.539    -5.91   23.02
 190206.599   167.652   -13.44   22.18
 190495.879   165.905    -6.04   20.17
 190785.160   163.062    -9.83   20.02
 191074.440   162.459    -2.09   20.48
 191363.720   160.838    -5.60   19.83
 191653.000   156.717   -14.24   19.10
 191942.279   154.036    -9.27   16.65
 192231.559   150.631   -11.77   13.73
 192520.838   147.286   -11.56   11.75
 192810.117   147.820     1.85   12.24
 193099.396   147.614    -0.71   12.43
 193388.675   146.790    -2.85   13.08
 193677.954   145.717    -3.71   13.50
 193967.232   144.347    -4.74   13.08
 194256.511   142.943    -4.85   12.14
 194545.789   141.235    -5.91    9.80
 194835.067   138.822    -8.34    9.72
 195124.345   137.245    -5.45    9.84
 195413.622   136.790    -1.57    9.95
 195702.900   135.463    -4.59    8.78
 195992.178   133.597    -6.45    8.92
 196281.455   132.493    -3.81    9.55
 196570.732   131.322    -4.05    9.84
 196860.009   129.755    -5.42    9.64
 197149.286   129.545    -0.73    9.60
 197438.563   130.105     1.94   10.39
 197727.839   130.048    -0.20    9.98
 198017.116   128.708    -4.63    8.56
 198306.392   127.955    -2.60    8.36
 198595.668   128.974     3.52    9.46
 198884.945   129.505     1.84    9.96
 199174.221   128.978    -1.82   11.19
 199463.496   126.567    -8.33   11.44
 199752.772   123.666   -10.03   11.02
 200042.048   122.446    -4.22   10.76
 200331.323   121.805    -2.21   10.61
 200620.598   119.013    -9.65    6.53
 200909.874   118.805    -0.72    4.82
 201199.149   120.011     4.17    5.19
 201488.424   121.372     4.71    5.35
 201777.698   122.322     3.28    5.17
 202066.973   124.110     6.18    6.48
 202356.248   127.200    10.68    8.91
 202645.522   130.785    12.39   11.43
 202934.796   134.314    12.20   12.22
 203224.071   136.822     8.67   13.06
 203513.345   139.146     8.03   12.57
 203802.619   141.466     8.02   12.50
 204091.893   142.034     1.96   12.22
 204381.167   142.155     0.42   12.01
 204670.459   141.252    -3.12   10.91
 204959.757   142.855     5.54   10.64
 205249.054   145.407     8.82    9.56
 205538.351   144.597    -2.80    8.71
 205827.648   146.062     5.07    8.91
 206116.945   148.769     9.36   10.13
 206406.242   150.069     4.49    9.91
 206695.538   152.752     9.28    8.75
 206984.835   151.972    -2.70    9.68
 207274.131   152.588     2.13    9.89
 207563.428   151.093    -5.17   10.83
 207852.724   147.565   -12.19   12.12
 208142.020   144.483   -10.66   12.58
 208431.317   143.105    -4.76   13.41
 208720.613   143.996     3.08   16.94
 209009.908   142.786    -4.18   18.39
 209299.204   141.055    -5.98   20.10
 209588.500   140.330    -2.51   20.09
 209877.796   142.389     7.12   20.41
 210167.091   143.200     2.81   21.73
 210456.387   134.584   -29.78   19.00
 210745.682   132.338    -7.77   16.52
 211034.978   134.122     6.17   16.42
 211324.273   137.167    10.52   15.93
 211613.568   139.355     7.57   14.69
 211902.863   139.381     0.09   12.73
 212192.158   140.873     5.16   12.25
 212481.453   142.039     4.03   11.70
 212770.748   142.889     2.94   11.39
 213060.043   144.222     4.61   12.08
 213349.338   144.689     1.61   12.11
 213638.632   145.752     3.68   12.13
 213927.927   148.923    10.96   13.80
 214217.222   153.166    14.67   15.74
 214506.516   152.118    -3.62   14.97
 214795.811   153.622     5.20   16.37
 215085.105   155.641     6.98   18.23
 215374.399   156.769     3.90   18.44
 215663.693   158.605     6.35   19.31
 215952.988   156.478    -7.35   18.52
 216242.282   155.618    -2.97   16.75
 216531.576   157.522     6.58   15.96
 216820.870   157.028    -1.71   16.58
 217110.164   162.364    18.45   16.41
 217399.458   167.855    18.98   14.36
 217688.752   169.618     6.09   13.54
 217978.045   169.372    -0.85   15.12
 218267.339   171.028     5.73   15.37
 218556.633   170.312    -2.48   15.74
 218845.926   169.873    -1.52   15.40
 219135.220   165.735   -14.30   17.73
 219424.514   160.150   -19.30   19.33
 219713.807   156.286   -13.36   19.41
 220003.101   153.666    -9.06   18.20
 220292.394   152.648    -3.52   17.18
 220581.688   149.872    -9.60   16.02
 220870.981   147.622    -7.78   14.74
 221160.274   150.769    10.88   15.16
 221449.568   153.089     8.02   15.78
 221738.861   154.463     4.75   16.08
 222028.154   155.942     5.11   16.98
 222317.447   162.155    21.48   19.66
 222606.740   167.205    17.46   21.02
 222896.034   170.872    12.68   20.63
 223185.327   175.516    16.05   21.60
 223474.620   180.148    16.01   18.77
 223763.913   180.160     0.04   17.39
 224053.206   177.940    -7.68   15.86
 224342.499   178.872     3.22   16.33
 224631.792   179.407     1.85   17.22
 224921.085   182.499    10.69   17.03
 225210.378   187.312    16.63   27.18
 225499.671   195.922    29.76   34.70
 225788.964   201.289    18.55   34.87
 226078.257   205.752    15.43   34.32
 226367.549   213.222    25.82   34.27
 226656.842   215.873     9.16   34.52
 226946.135   216.381     1.76   35.89
 227235.428   203.906   -43.12   35.21
 227524.721   193.076   -37.44   34.33
 227814.014   187.462   -19.41   34.89
 228103.307   177.697   -33.75   33.20
 228392.599   166.555   -38.51   25.94
 228681.892   159.580   -24.11   22.72
 228971.185   158.920    -2.28   22.15
 229260.478   156.039    -9.96   22.38
 229549.771   154.474    -5.41   22.65
 229839.064   150.529   -13.63   22.13
 230128.356   148.032    -8.63   23.03
