#   64.012   0.091   2.680 ;Mean Elev.(m), Avg Gradient(m/km), RMS Gradient(m/km) - SRTM1     
#   84.086   2.264   3.795 ;Mean Elev.(m), Avg Gradient(m/km), RMS Gradient(m/km) - ASTER GDEM
#   64.228  -1.051   3.714 ;Mean Elev.(m), Avg Gradient(m/km), RMS Gradient(m/km) - GMTED2010 
   1    65.229 54663.01892543 49.20 289.885722  -4.062595 14.326 -100.00 -100.00 -100.00
   1    65.216 54663.01892602 46.53 289.886619  -4.065096   -100  273.07  276.18  266.42
   1    65.455 54663.01892661 48.88 289.887517  -4.067596   -100  273.07  276.18  266.42
   2    64.509 54672.93456969 32.93 289.883565  -4.062370 28.588 -100.00 -100.00 -100.00
   2    64.651 54672.93457028 30.49 289.884462  -4.064870 19.200 -100.00 -100.00 -100.00
   2    64.692 54672.93457087 29.46 289.885360  -4.067371 16.153 -100.00 -100.00 -100.00
   3    15.255 54682.85021316 13.28 289.882752  -4.063539  2.788  278.82  281.37  271.60
   3    15.268 54682.85021375 13.89 289.883649  -4.066039  3.060  278.82  281.37  271.60
   4    62.758 54692.76585543 49.53 289.883977  -4.062875 23.130 -100.00 -100.00 -100.00
   4    62.880 54692.76585602 47.36 289.884874  -4.065376  4.374 -100.00 -100.00 -100.00
   4    62.801 54692.76585661 43.30 289.885771  -4.067876   -100 -100.00 -100.00 -100.00
   5    13.953 54702.68149622 13.21 289.888249  -4.064781  3.173 -100.00 -100.00 -100.00
   5    13.957 54702.68149681 13.90 289.889147  -4.067282  2.940 -100.00 -100.00 -100.00
   6    60.498 54712.59714517 46.92 289.888165  -4.064352  3.370 -100.00 -100.00 -100.00
   6    60.517 54712.59714576 47.42 289.889062  -4.066852   -100 -100.00 -100.00 -100.00
   7    14.496 54722.51279576  4.04 289.885028  -4.062733  3.268 -100.00 -100.00 -100.00
   7    14.511 54722.51279635  4.82 289.885925  -4.065233  3.957 -100.00 -100.00 -100.00
   7    14.614 54722.51279694  4.10 289.886822  -4.067734  2.324 -100.00 -100.00 -100.00
   8    63.507 54732.42844387 51.01 289.880573  -4.062546  8.197  271.15  274.01  265.21
   8    63.444 54732.42844446 47.69 289.881471  -4.065046   -100  271.15  274.01  265.21
   8    63.443 54732.42844505 52.10 289.882368  -4.067547  7.302  271.15  274.01  265.21
   9   123.947 54742.34408996 23.71 289.876331  -4.061041 25.798  274.64  277.71  268.58
   9   123.662 54742.34409055 23.31 289.877228  -4.063541 27.435  274.64  277.71  268.58
   9   126.762 54742.34409114 26.87 289.878126  -4.066041   -100  274.64  277.71  268.58
  10    61.965 54752.25973635 39.69 289.875444  -4.061590   -100  275.83  278.89  270.02
  10    62.109 54752.25973694 34.25 289.876341  -4.064091 27.468  275.83  278.89  270.02
  10    61.365 54752.25973753 32.45 289.877238  -4.066591 30.905  275.83  278.89  270.02
  11    63.407 54762.17538227 44.08 289.876090  -4.061005   -100  275.07  277.99  269.06
  11    63.389 54762.17538286 45.87 289.876987  -4.063505   -100  275.07  277.99  269.06
  11    63.404 54762.17538345 43.23 289.877885  -4.066006   -100  275.07  277.99  269.06
  12    63.879 54772.09102626 52.11 289.878339  -4.062324   -100  276.19  279.39  270.71
  12    63.774 54772.09102685 50.77 289.879236  -4.064824   -100  276.19  279.39  270.71
  12    63.766 54772.09102744 54.80 289.880134  -4.067324  7.632  276.19  279.39  270.71
  13   125.935 54782.00666693 18.73 289.879712  -4.061989 21.668  277.35  280.45  271.56
  13   125.005 54782.00666752  6.20 289.880609  -4.064489  9.539  277.35  280.45  271.56
  13   128.620 54782.00666811 20.09 289.881506  -4.066989 26.209  277.35  280.45  271.56
  14    64.797 54791.92230530 43.71 289.880795  -4.061569   -100  276.35  279.92  270.72
  14    64.710 54791.92230589 40.34 289.881692  -4.064069   -100  276.35  279.92  270.72
  14    64.833 54791.92230648 37.31 289.882590  -4.066570   -100  276.35  279.92  270.72
  15    65.202 54801.83794320 32.81 289.882437  -4.062228 21.963 -100.00 -100.00 -100.00
  15    65.296 54801.83794379 31.90 289.883334  -4.064729 18.855 -100.00 -100.00 -100.00
  15    65.328 54801.83794438 32.88 289.884231  -4.067229 24.522 -100.00 -100.00 -100.00
  16    66.065 54811.75358136 24.81 289.884690  -4.063034  8.112 -100.00 -100.00 -100.00
  16    66.021 54811.75358195 23.15 289.885587  -4.065534  6.185 -100.00 -100.00 -100.00
  16    66.266 54811.75358254 23.37 289.886484  -4.068034  6.151 -100.00 -100.00 -100.00
  17    65.226 54821.66922344 40.12 289.885804  -4.062645   -100 -100.00 -100.00 -100.00
  17    65.401 54821.66922403 37.30 289.886701  -4.065145 30.750 -100.00 -100.00 -100.00
  17    65.100 54821.66922462 36.99 289.887599  -4.067645 28.628 -100.00 -100.00 -100.00
  18    64.372 54831.58487579 46.13 289.883239  -4.061562 11.400 -100.00 -100.00 -100.00
  18    64.107 54831.58487638 40.27 289.884136  -4.064062   -100 -100.00 -100.00 -100.00
  18    64.164 54831.58487697 37.46 289.885034  -4.066563 31.170  276.29  279.24  269.91
  19    64.847 54841.50051479 46.10 289.880010  -4.061517   -100 -100.00 -100.00 -100.00
  19    64.819 54841.50051538 46.77 289.880907  -4.064018   -100 -100.00 -100.00 -100.00
  19    64.747 54841.50051597 48.89 289.881804  -4.066518   -100 -100.00 -100.00 -100.00
  20    67.761 54851.41616365 42.38 289.876091  -4.060840   -100  269.10  273.79  262.79
  20    67.828 54851.41616424 35.99 289.876988  -4.063340 25.815  269.10  273.79  262.79
  20    67.849 54851.41616483 29.68 289.877885  -4.065840  8.147  269.10  273.79  262.79
  21    68.659 54861.33181251 44.90 289.874099  -4.062286  0.772 -100.00 -100.00 -100.00
  21    68.730 54861.33181310 45.86 289.874996  -4.064786   -100 -100.00 -100.00 -100.00
  21    68.807 54861.33181369 47.76 289.875893  -4.067286   -100 -100.00 -100.00 -100.00
  22    69.579 54871.24746096 53.76 289.873189  -4.062317   -100  270.13  274.97  262.75
  22    69.201 54871.24746155 54.71 289.874086  -4.064817 29.143  270.13  274.97  262.75
  23    69.661 54881.16310769 53.65 289.873821  -4.061474 17.049 -100.00 -100.00 -100.00
  23    69.645 54881.16310828 43.42 289.874718  -4.063974   -100 -100.00 -100.00 -100.00
  23    69.624 54881.16310887 43.42 289.875615  -4.066474   -100 -100.00 -100.00 -100.00
  24    70.152 54891.07875120 53.10 289.875288  -4.060844 14.464  267.87  273.43  260.86
  24    70.133 54891.07875179 49.79 289.876185  -4.063344 11.560  267.87  273.43  260.86
  24    70.119 54891.07875238 46.28 289.877082  -4.065844   -100  267.87  273.43  260.86
  25    70.498 54900.99439183 53.00 289.875420  -4.060933  7.125 -100.00 -100.00 -100.00
  25    70.415 54900.99439242 54.68 289.876317  -4.063433   -100 -100.00 -100.00 -100.00
  25    70.420 54900.99439301 53.42 289.877215  -4.065933 31.389 -100.00 -100.00 -100.00
  26    70.541 54910.91003102 53.16 289.874839  -4.062228 28.804  267.61  273.07  259.74
  26    70.540 54910.91003161 50.00 289.875736  -4.064728 14.268  267.61  273.07  259.74
  26    70.549 54910.91003220 52.34 289.876634  -4.067228 29.023  267.61  273.07  259.74
  27    70.546 54920.82566902 55.17 289.874565  -4.062251 26.683  270.87  275.93  263.00
  27    70.513 54920.82566961 51.11 289.875462  -4.064751 21.847  270.87  275.93  263.00
  27    70.510 54920.82567020 55.83 289.876359  -4.067251   -100  270.87  275.93  263.00
  28    70.566 54930.74130667 51.18 289.876386  -4.061202 29.344  270.05  275.80  270.69
  28    70.548 54930.74130726 52.60 289.877283  -4.063702   -100  270.05  275.80  270.69
  28    70.534 54930.74130785 50.24 289.878180  -4.066202 28.231  270.05  275.80  270.69
  29    70.562 54940.65694348 52.27 289.880666  -4.061035 26.524  270.77  275.96  264.85
  29    70.567 54940.65694407 50.10 289.881563  -4.063535 16.101  270.77  275.96  264.85
  29    70.562 54940.65694466 50.51 289.882460  -4.066035 16.384  270.77  275.96  264.85
  30    70.822 54950.57257906 47.83 289.885665  -4.062632  3.593 -100.00 -100.00 -100.00
  30    70.835 54950.57257965 50.50 289.886562  -4.065132 16.199 -100.00 -100.00 -100.00
  30    70.865 54950.57258024 49.45 289.887459  -4.067632  0.147 -100.00 -100.00 -100.00
  31    71.355 54960.48821929 46.30 289.886531  -4.062238   -100 -100.00 -100.00 -100.00
  31    71.103 54960.48821988 46.63 289.887428  -4.064738   -100 -100.00 -100.00 -100.00
  31    71.062 54960.48822047 44.07 289.888325  -4.067238   -100  263.99  270.54  258.15
  32    71.078 54970.40386793 35.05 289.884241  -4.063167 19.798 -100.00 -100.00 -100.00
  32    71.171 54970.40386852 36.85 289.885138  -4.065667 22.970 -100.00 -100.00 -100.00
  32    71.198 54970.40386911 41.54 289.886035  -4.068167   -100 -100.00 -100.00 -100.00
  33    70.979 54980.31951447 51.93 289.881852  -4.061270 23.611  269.98  275.20  268.77
  33    70.992 54980.31951506 40.61 289.882749  -4.063770   -100  269.98  275.20  268.77
  33    70.773 54980.31951565 42.13 289.883646  -4.066270   -100  269.98  275.20  268.77
  34    70.648 54990.23516109 54.02 289.880969  -4.061306  2.089  268.61  273.57  262.54
  34    70.476 54990.23516168 54.74 289.881866  -4.063806 18.458  268.61  273.57  262.54
  34    70.443 54990.23516227 52.99 289.882763  -4.066306 20.600  268.61  273.57  262.54
  35    70.168 55000.15080763 53.15 289.880506  -4.061914 22.280 -100.00 -100.00 -100.00
  35    70.175 55000.15080822 47.10 289.881403  -4.064414   -100 -100.00 -100.00 -100.00
  35    70.151 55000.15080881 54.37 289.882300  -4.066914 23.756 -100.00 -100.00 -100.00
  36    69.142 55010.06645234 32.12 289.880041  -4.062324 19.794  269.73  274.51  263.67
  36    69.119 55010.06645293 32.97 289.880939  -4.064824 22.829  269.73  274.51  263.67
  36    69.411 55010.06645352 40.84 289.881836  -4.067325   -100  269.73  274.51  263.67
  37    68.394 55019.98209533 44.09 289.879701  -4.061863   -100  271.02  275.17  263.54
  37    68.319 55019.98209592 43.21 289.880598  -4.064363   -100  271.02  275.17  263.54
  37    68.324 55019.98209651 44.13 289.881495  -4.066864   -100  271.02  275.17  263.54
  38    67.988 55029.89773757 30.26 289.879596  -4.062538 18.000 -100.00 -100.00 -100.00
  38    68.000 55029.89773816 31.02 289.880493  -4.065038 20.972 -100.00 -100.00 -100.00
  38    67.791 55029.89773875 43.12 289.881390  -4.067539 15.231 -100.00 -100.00 -100.00
  39    67.149 55039.81337936 31.78 289.879766  -4.063001   -100 -100.00 -100.00 -100.00
  39    67.032 55039.81337995 27.25 289.880663  -4.065501 19.064 -100.00 -100.00 -100.00
  39    66.619 55039.81338054 31.75 289.881560  -4.068001   -100 -100.00 -100.00 -100.00
  40    65.447 55049.72901996 44.21 289.881574  -4.062306   -100  278.89  281.48  271.39
  40    65.413 55049.72902055 41.02 289.882471  -4.064807   -100  278.89  281.48  271.39
  40    65.451 55049.72902114 42.23 289.883368  -4.067307   -100  278.89  281.48  271.39
  41    64.137 55059.64465860 36.82 289.884365  -4.061537   -100 -100.00 -100.00 -100.00
  41    63.863 55059.64465919 37.32 289.885262  -4.064038   -100 -100.00 -100.00 -100.00
  41    64.017 55059.64465978 34.18 289.886160  -4.066538 24.758 -100.00 -100.00 -100.00
  42    63.235 55069.56029911 49.27 289.885703  -4.061338 13.633 -100.00 -100.00 -100.00
  42    63.266 55069.56029970 50.20 289.886600  -4.063839 14.106 -100.00 -100.00 -100.00
  42    63.253 55069.56030029 49.10 289.887497  -4.066339  9.342 -100.00 -100.00 -100.00
  43    63.852 55079.47594901 46.82 289.883492  -4.063081   -100 -100.00 -100.00 -100.00
  43    63.813 55079.47594960 48.29 289.884390  -4.065582   -100 -100.00 -100.00 -100.00
  43    63.708 55079.47595019 50.23 289.885287  -4.068082 10.836  271.93  275.61  265.82
  44    62.242 55089.39159591 43.15 289.879373  -4.061832   -100  274.68  278.13  268.45
  44    62.148 55089.39159650 44.56 289.880271  -4.064332   -100  274.68  278.13  268.45
  44    62.263 55089.39159709 46.89 289.881168  -4.066833   -100  274.68  278.13  268.45
  45    61.613 55099.30724152 43.75 289.876347  -4.060977 28.556 -100.00 -100.00 -100.00
  45    61.712 55099.30724211 45.02 289.877244  -4.063477 31.195 -100.00 -100.00 -100.00
  45    61.633 55099.30724270 49.20 289.878142  -4.065978   -100 -100.00 -100.00 -100.00
  46    62.668 55109.22288712 44.85 289.876260  -4.062068   -100 -100.00 -100.00 -100.00
  46    62.474 55109.22288771 45.25 289.877157  -4.064569   -100 -100.00 -100.00 -100.00
  46    62.563 55109.22288830 49.23 289.878055  -4.067069  5.544 -100.00 -100.00 -100.00
  47    63.319 55119.13853120 50.28 289.877666  -4.061714   -100  273.18  276.44  267.70
  47    63.370 55119.13853179 49.25 289.878563  -4.064214   -100  273.18  276.44  267.70
  47    63.106 55119.13853238 53.28 289.879461  -4.066715 28.141  273.18  276.44  267.70
  48    63.396 55129.05417321 50.97 289.879796  -4.062813   -100  276.14  279.13  270.02
  48    63.172 55129.05417380 51.37 289.880693  -4.065313   -100  276.14  279.13  270.02
  48    63.120 55129.05417440 52.07 289.881591  -4.067813   -100  276.14  279.13  270.02
  49    63.943 55138.96981283 47.11 289.880260  -4.062347  3.263 -100.00 -100.00 -100.00
  49    63.944 55138.96981342 47.22 289.881157  -4.064847   -100 -100.00 -100.00 -100.00
  49    63.980 55138.96981401 47.83 289.882055  -4.067347   -100 -100.00 -100.00 -100.00
  50    62.086 55148.88545153 45.83 289.880574  -4.062513   -100 -100.00 -100.00 -100.00
  50    62.009 55148.88545212 46.96 289.881472  -4.065014   -100 -100.00 -100.00 -100.00
  50    61.959 55148.88545271 50.29 289.882369  -4.067514 14.745 -100.00 -100.00 -100.00
  51    62.967 55158.80108999 42.95 289.881552  -4.061465   -100 -100.00 -100.00 -100.00
  51    63.106 55158.80109058 43.40 289.882449  -4.063965   -100 -100.00 -100.00 -100.00
  51    63.239 55158.80109117 46.90 289.883347  -4.066466   -100 -100.00 -100.00 -100.00
  52    65.306 55168.71672896 31.59 289.884181  -4.062666 18.436 -100.00 -100.00 -100.00
  52    65.212 55168.71672955 30.75 289.885078  -4.065167 14.948 -100.00 -100.00 -100.00
  52    66.398 55168.71673015 29.22 289.885976  -4.067667 11.307  275.37  277.94  271.09
  53    67.070 55178.63236682 27.76 289.886422  -4.062469 16.988 -100.00 -100.00 -100.00
  53    66.998 55178.63236741 27.41 289.887319  -4.064969 16.656 -100.00 -100.00 -100.00
  53    66.826 55178.63236800 29.23 289.888216  -4.067469 21.773 -100.00 -100.00 -100.00
  54    68.349 55188.54801310 34.09 289.885644  -4.063641 19.870 -100.00 -100.00 -100.00
  54    68.263 55188.54801369 35.30 289.886541  -4.066142 25.440 -100.00 -100.00 -100.00
  55    68.863 55198.46366390 42.74 289.881540  -4.063352   -100 -100.00 -100.00 -100.00
  55    68.563 55198.46366449 39.31 289.882437  -4.065852 32.169 -100.00 -100.00 -100.00
  56    68.049 55208.37931338 50.98 289.877825  -4.062104   -100 -100.00 -100.00 -100.00
  56    68.079 55208.37931397 38.42 289.878723  -4.064604   -100  269.91  274.77  264.15
  56    68.051 55208.37931456 50.40 289.879620  -4.067104   -100  269.91  274.77  264.15
  57    66.268 55218.29496261 46.51 289.876526  -4.062283 27.534  272.69  276.72  268.16
  57    66.185 55218.29496320 37.62 289.877423  -4.064783   -100  272.69  276.72  268.16
  57    66.194 55218.29496379 44.07 289.878320  -4.067283  6.007  272.69  276.72  268.16
  58    66.170 55228.21061099 52.33 289.876198  -4.062677 13.750  272.14  276.81  265.90
  58    66.084 55228.21061158 48.74 289.877095  -4.065177 18.360  272.14  276.81  265.90
  58    66.091 55228.21061217 54.41 289.877992  -4.067676   -100  272.14  276.81  265.90
  59    67.317 55238.12625624 50.71 289.876369  -4.062425   -100  272.74  277.24  266.90
  59    67.293 55238.12625683 45.33 289.877266  -4.064925  9.669  272.74  277.24  266.90
  59    67.318 55238.12625742 52.41 289.878163  -4.067425 28.748  272.74  277.24  266.90
  60    67.757 55248.04189800 32.21 289.876795  -4.062703   -100 -100.00 -100.00 -100.00
  60    67.733 55248.04189859 25.62 289.877693  -4.065203 14.332 -100.00 -100.00 -100.00
  60    67.583 55248.04189918 29.30 289.878590  -4.067703 24.462 -100.00 -100.00 -100.00
  61    67.616 55257.95753744 54.33 289.876340  -4.063029 24.200 -100.00 -100.00 -100.00
  61    67.623 55257.95753803 53.39 289.877237  -4.065529   -100 -100.00 -100.00 -100.00
  62    67.713 55267.87317618 51.35 289.875972  -4.062680 18.675 -100.00 -100.00 -100.00
  62    67.711 55267.87317677 52.42 289.876869  -4.065179   -100 -100.00 -100.00 -100.00
  62    67.721 55267.87317736 53.62 289.877766  -4.067679   -100 -100.00 -100.00 -100.00
  63    68.260 55277.78881448 45.10 289.876162  -4.060847   -100 -100.00 -100.00 -100.00
  63    68.267 55277.78881507 30.98 289.877059  -4.063347 23.374  276.97  280.67  270.21
  63    67.845 55277.78881566 28.15 289.877956  -4.065847 14.140  276.97  280.67  270.21
  64    68.691 55287.70445250 41.64 289.879329  -4.061767   -100  276.21  279.40  268.36
  64    68.350 55287.70445309 38.09 289.880226  -4.064267   -100  276.21  279.40  268.36
  64    68.367 55287.70445368 43.10 289.881123  -4.066767  5.596  276.21  279.40  268.36
  65    69.010 55297.62008823 32.57 289.883785  -4.062316 15.625  276.37  279.49  270.86
  65    68.707 55297.62008882 30.89 289.884682  -4.064816 12.435  276.37  279.49  270.86
  65    68.756 55297.62008941 33.85 289.885579  -4.067316 22.454  276.37  279.49  270.86
  66    68.915 55307.53573091 30.58 289.884979  -4.063548 11.764 -100.00 -100.00 -100.00
  66    68.962 55307.53573150 29.25 289.885876  -4.066048 10.029 -100.00 -100.00 -100.00
  66    69.110 55307.53573210 31.03 289.886774  -4.068548 13.261 -100.00 -100.00 -100.00
  67    69.214 55317.45137709 33.85 289.882049  -4.062262 20.164 -100.00 -100.00 -100.00
  67    69.216 55317.45137768 34.14 289.882946  -4.064762 21.951 -100.00 -100.00 -100.00
  67    69.187 55317.45137827 38.87 289.883844  -4.067262   -100 -100.00 -100.00 -100.00
  68    69.356 55327.36702198 35.90 289.879685  -4.061654   -100 -100.00 -100.00 -100.00
  68    69.068 55327.36702257 33.77 289.880582  -4.064154 30.365 -100.00 -100.00 -100.00
  68    69.070 55327.36702316 39.72 289.881480  -4.066654   -100 -100.00 -100.00 -100.00
  69    69.235 55337.28266602 33.45 289.879238  -4.061689 32.000  271.80  276.29  266.00
  69    68.998 55337.28266661 31.04 289.880135  -4.064189 22.369  271.80  276.29  266.00
  69    69.115 55337.28266720 33.60 289.881033  -4.066689 28.000  271.80  276.29  266.00
  70    68.799 55347.19830984 46.82 289.880515  -4.062903   -100  272.03  276.97  264.53
  70    68.630 55347.19831043 49.13 289.881412  -4.065403  6.684  272.03  276.97  264.53
  70    68.752 55347.19831102 51.82 289.882309  -4.067903   -100  272.03  276.97  264.53
  71    68.370 55357.11395151 52.26 289.881028  -4.061775   -100 -100.00 -100.00 -100.00
  71    68.140 55357.11395210 52.10 289.881925  -4.064275   -100 -100.00 -100.00 -100.00
  71    68.075 55357.11395269 50.54 289.882822  -4.066775   -100 -100.00 -100.00 -100.00
  72    67.411 55367.02959132 52.38 289.881183  -4.061680   -100 -100.00 -100.00 -100.00
  72    67.386 55367.02959192 45.27 289.882080  -4.064181   -100 -100.00 -100.00 -100.00
  72    67.266 55367.02959251 47.66 289.882977  -4.066681   -100 -100.00 -100.00 -100.00
  73    64.818 55376.94523013 40.45 289.881998  -4.062956   -100  275.00  278.18  267.83
  73    64.930 55376.94523072 39.98 289.882895  -4.065456   -100  275.00  278.18  267.83
  73    64.861 55376.94523131 39.93 289.883792  -4.067956   -100  275.00  278.18  267.83
  74    64.773 55386.86086795 23.65 289.883170  -4.062407 12.059 -100.00 -100.00 -100.00
  74    65.722 55386.86086854 22.52 289.884068  -4.064907 11.018 -100.00 -100.00 -100.00
  74    66.203 55386.86086913 20.64 289.884965  -4.067407  6.460  279.14  282.18  271.78
  75    63.702 55396.77650560 35.85 289.886031  -4.063629 24.060 -100.00 -100.00 -100.00
  75    63.536 55396.77650619 36.45 289.886928  -4.066130 24.693 -100.00 -100.00 -100.00
  76    64.055 55406.69214840 43.92 289.888349  -4.064464   -100 -100.00 -100.00 -100.00
  76    63.802 55406.69214899 39.88 289.889246  -4.066964 31.326 -100.00 -100.00 -100.00
  77    62.847 55416.60779886 45.96 289.885133  -4.061492   -100 -100.00 -100.00 -100.00
  77    62.635 55416.60779945 46.98 289.886030  -4.063992   -100 -100.00 -100.00 -100.00
  77    62.783 55416.60780004 48.26 289.886927  -4.066493   -100 -100.00 -100.00 -100.00
  78    61.485 55426.52344703 50.37 289.882819  -4.063069  3.677 -100.00 -100.00 -100.00
  78    61.474 55426.52344762 50.37 289.883716  -4.065569  6.116 -100.00 -100.00 -100.00
  78    61.691 55426.52344821 46.54 289.884614  -4.068070   -100 -100.00 -100.00 -100.00
  79    59.622 55436.43909162 45.00 289.879708  -4.061671   -100 -100.00 -100.00 -100.00
  79    59.594 55436.43909221 46.38 289.880605  -4.064172   -100 -100.00 -100.00 -100.00
  79    59.674 55436.43909280 48.34 289.881503  -4.066672   -100 -100.00 -100.00 -100.00
  80    58.840 55446.35473497 44.18 289.877845  -4.061206   -100 -100.00 -100.00 -100.00
  80    59.448 55446.35473556 43.13 289.878742  -4.063706 20.558 -100.00 -100.00 -100.00
  80    58.561 55446.35473615 47.37 289.879639  -4.066206 11.424 -100.00 -100.00 -100.00
  81    59.997 55456.27037824 46.04 289.878412  -4.063169   -100 -100.00 -100.00 -100.00
  81    60.117 55456.27037883 47.22 289.879309  -4.065670   -100 -100.00 -100.00 -100.00
  82    59.805 55466.18602004 42.74 289.879324  -4.061536 31.330  278.01  280.35  271.73
  82    59.746 55466.18602063 47.26 289.880221  -4.064036   -100  278.01  280.35  271.73
  82    59.906 55466.18602122 47.42 289.881118  -4.066537   -100  278.01  280.35  271.73
  83    58.729 55476.10165961 41.76 289.882730  -4.063146   -100  279.94  282.21  274.86
  83    58.737 55476.10166020 42.88 289.883628  -4.065646   -100  279.94  282.21  274.86
  83    58.545 55476.10166079 48.09 289.884525  -4.068147   -100  279.94  282.21  274.86
  84    58.606 55486.01729535 51.21 289.884834  -4.061822 11.646  277.81  279.59  272.64
  84    58.582 55486.01729594 53.33 289.885732  -4.064323 13.766  277.81  279.59  272.64
  84    58.860 55486.01729653 53.49 289.886629  -4.066823   -100  277.81  279.59  272.64
  85    59.541 55495.93292967 43.27 289.886697  -4.063161   -100 -100.00 -100.00 -100.00
  85    59.597 55495.93293026 42.83 289.887595  -4.065662   -100 -100.00 -100.00 -100.00
  85    59.365 55495.93293085 43.59 289.888492  -4.068162   -100 -100.00 -100.00 -100.00
  86    65.394 55505.84856472 18.54 289.887675  -4.063570  7.916 -100.00 -100.00 -100.00
  86    65.589 55505.84856531 18.24 289.888572  -4.066071  8.778  281.30  283.09  274.81
  86    65.673 55505.84856590 27.15 289.889470  -4.068571   -100  281.30  283.09  274.81
  87    61.565 55515.76421500 43.97 289.884278  -4.061850   -100 -100.00 -100.00 -100.00
  87    61.684 55515.76421559 43.85 289.885175  -4.064351   -100  283.15  284.93  277.68
  87    61.731 55515.76421618 40.55 289.886073  -4.066851 28.497  283.15  284.93  277.68
  88    62.987 55525.67986544 44.50 289.883812  -4.063319   -100 -100.00 -100.00 -100.00
  88    62.965 55525.67986603 38.77 289.884710  -4.065819 27.031 -100.00 -100.00 -100.00
  88    62.996 55525.67986662 41.05 289.885607  -4.068319   -100 -100.00 -100.00 -100.00
  89    63.227 55535.59551312 41.92 289.882026  -4.061462   -100 -100.00 -100.00 -100.00
  89    62.946 55535.59551371 43.69 289.882923  -4.063962   -100  280.17  281.97  273.42
  89    62.778 55535.59551430 47.27 289.883820  -4.066462 20.104  280.17  281.97  273.42
  90    64.209 55545.51115933 38.76 289.880541  -4.062456  6.378 -100.00 -100.00 -100.00
  90    64.401 55545.51115992 34.49 289.881438  -4.064956   -100 -100.00 -100.00 -100.00
  90    64.250 55545.51116051 38.20 289.882335  -4.067456   -100  274.59  277.65  268.57
  91    63.344 55555.42680321 47.77 289.878274  -4.062272   -100  272.72  276.68  267.65
  91    63.020 55555.42680380 45.67 289.879171  -4.064772  6.651  272.72  276.68  267.65
  91    63.217 55555.42680439 45.27 289.880068  -4.067273   -100  272.72  276.68  267.65
  92    64.379 55565.34244627 46.20 289.877576  -4.063060  5.658  273.56  277.15  267.64
  92    64.281 55565.34244686 48.97 289.878473  -4.065560 13.441  273.56  277.15  267.64
  92    64.605 55565.34244745 49.31 289.879370  -4.068060   -100  273.56  277.15  267.64
  93    65.100 55575.25808809 48.42 289.878557  -4.061107   -100  274.13  277.26  267.03
  93    65.000 55575.25808868 52.22 289.879454  -4.063607   -100  274.13  277.26  267.03
  93    64.700 55575.25808927 54.52 289.880351  -4.066107 21.185  274.13  277.26  267.03
  94    64.623 55585.17372875 31.44 289.881407  -4.061392   -100 -100.00 -100.00 -100.00
  94    64.587 55585.17372934 25.75 289.882304  -4.063892 19.002  273.30  276.99  267.80
  94    66.097 55585.17372993 23.20 289.883201  -4.066392 11.513  273.30  276.99  267.80
  95    63.649 55595.08936612 33.95 289.884378  -4.061988 23.263 -100.00 -100.00 -100.00
  95    63.681 55595.08936671 33.42 289.885275  -4.064488 20.344 -100.00 -100.00 -100.00
  95    63.624 55595.08936730 33.98 289.886172  -4.066988 22.775 -100.00 -100.00 -100.00
  96    65.677 55605.00500014 51.52 289.886273  -4.062617   -100 -100.00 -100.00 -100.00
  96    65.457 55605.00500073 48.61 289.887170  -4.065117   -100 -100.00 -100.00 -100.00
  96    65.445 55605.00500132 50.88 289.888067  -4.067617  2.829 -100.00 -100.00 -100.00
  97    65.995 55614.92063285 31.92 289.888646  -4.065519 14.576  275.12  278.53  270.54
  97    66.149 55614.92063344 30.98 289.889543  -4.068019 11.464  275.12  278.53  270.54
  98    66.464 55624.83627261 42.36 289.888137  -4.064445   -100 -100.00 -100.00 -100.00
  98    66.506 55624.83627320 45.30 289.889034  -4.066945   -100 -100.00 -100.00 -100.00
  99    67.577 55634.75192468 44.58 289.884564  -4.061982   -100 -100.00 -100.00 -100.00
  99    67.629 55634.75192527 45.42 289.885461  -4.064482   -100 -100.00 -100.00 -100.00
  99    67.740 55634.75192586 41.46 289.886359  -4.066982 27.386 -100.00 -100.00 -100.00
 100    68.190 55644.66757557 32.49 289.883757  -4.063009 21.369 -100.00 -100.00 -100.00
 100    68.302 55644.66757616 33.51 289.884655  -4.065509 22.724 -100.00 -100.00 -100.00
 100    68.395 55644.66757675 36.25 289.885552  -4.068009 32.329 -100.00 -100.00 -100.00
 101    69.135 55654.58322304 30.26 289.882416  -4.061220 13.311 -100.00 -100.00 -100.00
 101    68.756 55654.58322363 29.95 289.883313  -4.063720 11.307 -100.00 -100.00 -100.00
 101    69.016 55654.58322422 32.31 289.884211  -4.066220 16.597 -100.00 -100.00 -100.00
 102    69.812 55664.49886650 48.59 289.881961  -4.061969   -100 -100.00 -100.00 -100.00
 102    69.805 55664.49886709 50.64 289.882858  -4.064469 10.725 -100.00 -100.00 -100.00
 102    69.794 55664.49886768 51.35 289.883756  -4.066968 17.049 -100.00 -100.00 -100.00
 103    70.502 55674.41450629 54.01 289.880630  -4.061130 26.610  267.09  272.54  261.58
 103    70.496 55674.41450688 56.70 289.881528  -4.063630   -100  267.09  272.54  261.58
 103    70.482 55674.41450747 54.85 289.882425  -4.066130   -100  267.09  272.54  261.58
 104    70.629 55684.33014490 35.62 289.881284  -4.063180 25.660 -100.00 -100.00 -100.00
 104    70.740 55684.33014549 35.11 289.882181  -4.065679 23.011 -100.00 -100.00 -100.00
 104    70.864 55684.33014608 41.25 289.883079  -4.068179   -100 -100.00 -100.00 -100.00
 105    71.219 55694.24578133 52.43 289.882825  -4.061322  6.010  266.63  272.84  260.97
 105    71.229 55694.24578193 51.57 289.883722  -4.063822   -100  266.63  272.84  260.97
 105    71.215 55694.24578252 52.62 289.884619  -4.066322   -100  266.63  272.84  260.97
 106    70.720 55704.16141791 35.60 289.888401  -4.065735 20.478 -100.00 -100.00 -100.00
 106    70.893 55704.16141850 40.90 289.889298  -4.068235   -100  265.47  271.84  258.62
 107    70.356 55714.07706319 37.37 289.888483  -4.064841 17.973 -100.00 -100.00 -100.00
 107    69.970 55714.07706378 37.22 289.889381  -4.067341 18.478 -100.00 -100.00 -100.00
 108    69.642 55723.99271080 51.60 289.884617  -4.061935  3.848 -100.00 -100.00 -100.00
 108    69.679 55723.99271139 48.13 289.885514  -4.064435   -100 -100.00 -100.00 -100.00
 108    69.691 55723.99271198 50.24 289.886411  -4.066935   -100 -100.00 -100.00 -100.00
 109    68.305 55733.90835712 41.63 289.881263  -4.061092   -100 -100.00 -100.00 -100.00
 109    68.270 55733.90835771 41.56 289.882161  -4.063592   -100 -100.00 -100.00 -100.00
 109    68.133 55733.90835830 41.78 289.883058  -4.066093   -100 -100.00 -100.00 -100.00
 110    66.949 55743.82400281 46.28 289.879687  -4.061538  3.069  274.06  277.57  266.41
 110    66.938 55743.82400340 39.86 289.880584  -4.064038   -100  274.06  277.57  266.41
 110    66.905 55743.82400399 45.16 289.881481  -4.066538   -100  274.06  277.57  266.41
 111    67.242 55753.73964769 30.97 289.880338  -4.063046 19.692  275.43  278.75  268.15
 111    66.807 55753.73964828 29.53 289.881235  -4.065547 12.903  275.43  278.75  268.15
 111    66.733 55753.73964887 30.27 289.882132  -4.068047 15.943  275.43  278.75  268.15
 112    66.719 55763.65528990 42.42 289.882067  -4.061820   -100 -100.00 -100.00 -100.00
 112    66.865 55763.65529049 42.08 289.882965  -4.064320   -100 -100.00 -100.00 -100.00
 112    66.990 55763.65529108 44.31 289.883862  -4.066821   -100 -100.00 -100.00 -100.00
 113    65.306 55773.57092986 46.33 289.884458  -4.062790   -100  275.69  278.75  269.15
 113    65.497 55773.57093045 47.35 289.885356  -4.065290   -100  275.69  278.75  269.15
 113    65.558 55773.57093104 46.79 289.886253  -4.067790   -100  275.69  278.75  269.15
 114    63.510 55783.48656588 49.78 289.885009  -4.062098 17.452 -100.00 -100.00 -100.00
 114    63.506 55783.48656647 50.76 289.885906  -4.064599 21.563 -100.00 -100.00 -100.00
 114    63.524 55783.48656706 51.13 289.886804  -4.067099 24.748 -100.00 -100.00 -100.00
 115    61.990 55793.40219934 49.43 289.885992  -4.062150  3.629  272.21  276.27  267.03
 115    61.949 55793.40219993 47.02 289.886890  -4.064650   -100  272.21  276.27  267.03
 115    61.916 55793.40220052 44.17 289.887787  -4.067150   -100  272.21  276.27  267.03
 116    59.994 55803.31783548 47.09 289.888860  -4.065336   -100 -100.00 -100.00 -100.00
 116    60.189 55803.31783607 49.12 289.889758  -4.067837   -100 -100.00 -100.00 -100.00
 117    59.832 55813.23348416 37.85 289.886848  -4.063206  0.208 -100.00 -100.00 -100.00
 117    59.847 55813.23348475 35.90 289.887745  -4.065706   -100 -100.00 -100.00 -100.00
 117    65.883 55813.23348534 27.79 289.888643  -4.068207 15.923 -100.00 -100.00 -100.00
 118    60.056 55823.14913173 44.15 289.887264  -4.063942   -100 -100.00 -100.00 -100.00
 118    60.047 55823.14913232 43.68 289.888162  -4.066443   -100 -100.00 -100.00 -100.00
 119    68.472 55833.06477483 19.22 289.888740  -4.065645  6.051  277.86  280.48  274.46
 119    65.892 55833.06477542 26.38 289.889638  -4.068146 17.386  277.86  280.48  274.46
 123    64.828 55872.72733813 21.99 289.885150  -4.061682 12.751  282.25  282.85  274.13
 123    65.626 55872.72733872 21.46 289.886047  -4.064183 13.063  282.25  282.85  274.13
 123    68.588 55872.72733931 22.16 289.886944  -4.066683 12.989  282.25  282.85  274.13
 124    63.743 55882.64298799 41.61 289.884753  -4.062263   -100 -100.00 -100.00 -100.00
 124    63.570 55882.64298858 43.27 289.885650  -4.064764   -100  279.28  281.54  272.05
 124    63.380 55882.64298917 44.48 289.886547  -4.067264  1.606  279.28  281.54  272.05
 125    64.836 55892.55863174 33.09 289.885833  -4.063692 22.119 -100.00 -100.00 -100.00
 125    64.922 55892.55863233 38.94 289.886730  -4.066192   -100 -100.00 -100.00 -100.00
 126    65.195 55902.47426963 31.25 289.887409  -4.064002 23.362 -100.00 -100.00 -100.00
 126    65.209 55902.47427022 36.56 289.888306  -4.066502   -100 -100.00 -100.00 -100.00
 128    67.644 55922.30555930 51.98 289.882597  -4.062161   -100 -100.00 -100.00 -100.00
 128    67.352 55922.30555989 53.63 289.883494  -4.064661 16.988 -100.00 -100.00 -100.00
 128    67.550 55922.30556048 53.60 289.884391  -4.067161  4.813 -100.00 -100.00 -100.00
 129    68.778 55932.22121081 41.89 289.880948  -4.063310  5.383  267.95  272.89  261.45
 129    68.770 55932.22121140 32.02 289.881846  -4.065810 19.576  267.95  272.89  261.45
 130    69.474 55942.13685787 54.99 289.880974  -4.062709 30.349  268.19  273.71  263.06
 130    69.489 55942.13685846 53.74 289.881872  -4.065209 16.918  268.19  273.71  263.06
 130    69.491 55942.13685905 54.44 289.882769  -4.067709 16.552  268.19  273.71  263.06
 131    69.688 55952.05250060 54.82 289.881469  -4.062348   -100 -100.00 -100.00 -100.00
 131    69.687 55952.05250119 51.49 289.882367  -4.064848 28.049 -100.00 -100.00 -100.00
 131    69.686 55952.05250178 53.10 289.883264  -4.067348   -100 -100.00 -100.00 -100.00
 132    69.553 55961.96814000 38.81 289.881462  -4.062468 32.353 -100.00 -100.00 -100.00
 132    69.518 55961.96814059 36.15 289.882359  -4.064967 19.898 -100.00 -100.00 -100.00
 132    69.451 55961.96814118 36.20 289.883257  -4.067467 20.011 -100.00 -100.00 -100.00
 133    69.875 55971.88377769 45.05 289.881475  -4.063019   -100 -100.00 -100.00 -100.00
 133    69.919 55971.88377828 47.69 289.882372  -4.065519  7.423 -100.00 -100.00 -100.00
 133    69.972 55971.88377887 47.60 289.883269  -4.068019   -100 -100.00 -100.00 -100.00
 134    70.122 55981.79941423 47.78 289.882984  -4.062352   -100  270.56  275.10  264.21
 134    70.250 55981.79941482 45.85 289.883882  -4.064852   -100  270.56  275.10  264.21
 134    70.379 55981.79941541 44.37 289.884779  -4.067352   -100  270.56  275.10  264.21
 135    70.199 55991.71505043 36.24 289.887921  -4.064856 16.550 -100.00 -100.00 -100.00
 135    70.026 55991.71505102 35.59 289.888818  -4.067356 15.718 -100.00 -100.00 -100.00
 136    70.474 56001.63069746 39.68 289.887443  -4.063579 25.569 -100.00 -100.00 -100.00
 136    70.494 56001.63069805 44.18 289.888340  -4.066079   -100 -100.00 -100.00 -100.00
 136    70.550 56001.63069864 45.71 289.889237  -4.068579   -100 -100.00 -100.00 -100.00
 137    70.995 56011.54634773 46.67 289.884734  -4.062985   -100 -100.00 -100.00 -100.00
 137    71.032 56011.54634832 47.60 289.885631  -4.065485   -100 -100.00 -100.00 -100.00
 137    71.122 56011.54634891 48.49 289.886529  -4.067985   -100 -100.00 -100.00 -100.00
 138    71.723 56021.46199382 44.30 289.881430  -4.061179   -100 -100.00 -100.00 -100.00
 138    71.512 56021.46199441 41.20 289.882327  -4.063679   -100 -100.00 -100.00 -100.00
 138    71.576 56021.46199500 37.43 289.883224  -4.066179   -100  277.88  275.91  269.14
 139    71.715 56031.37763748 54.40 289.879824  -4.062800 28.700 -100.00 -100.00 -100.00
 139    71.700 56031.37763807 50.25 289.880721  -4.065299 13.920 -100.00 -100.00 -100.00
 139    71.694 56031.37763866 54.92 289.881618  -4.067799   -100 -100.00 -100.00 -100.00
 140    71.867 56041.29327854 53.54 289.879467  -4.062491   -100 -100.00 -100.00 -100.00
 140    71.860 56041.29327913 55.90 289.880364  -4.064991   -100  264.77  271.21  258.97
 140    71.854 56041.29327972 54.92 289.881262  -4.067491   -100  264.77  271.21  258.97
 141    71.683 56051.20891745 53.01 289.881430  -4.062940 24.744 -100.00 -100.00 -100.00
 141    71.669 56051.20891804 54.84 289.882327  -4.065440   -100 -100.00 -100.00 -100.00
 141    71.696 56051.20891863 55.83 289.883224  -4.067940 25.684 -100.00 -100.00 -100.00
 142    71.132 56061.12455345 32.55 289.884771  -4.062376 16.206 -100.00 -100.00 -100.00
 142    71.250 56061.12455404 35.02 289.885668  -4.064876 23.067 -100.00 -100.00 -100.00
 142    71.381 56061.12455463 36.86 289.886565  -4.067376 28.133 -100.00 -100.00 -100.00
 144    70.422 56080.95584101 39.45 289.884691  -4.062251 26.346 -100.00 -100.00 -100.00
 144    70.458 56080.95584161 41.34 289.885589  -4.064752   -100 -100.00 -100.00 -100.00
 144    70.552 56080.95584220 41.91 289.886486  -4.067252 29.350 -100.00 -100.00 -100.00
 145    69.637 56090.87148839 35.94 289.881573  -4.061603 14.064 -100.00 -100.00 -100.00
 145    69.466 56090.87148898 35.76 289.882470  -4.064103 17.179 -100.00 -100.00 -100.00
 145    69.294 56090.87148957 36.59 289.883367  -4.066603 21.260 -100.00 -100.00 -100.00
 146    67.677 56100.78713424 32.35 289.880973  -4.063306 12.190  275.12  278.69  267.63
 146    67.680 56100.78713483 32.36 289.881870  -4.065806 11.184  275.12  278.69  267.63
 147    65.262 56110.70276545 46.86 289.880764  -4.061567  6.406 -100.00 -100.00 -100.00
 147    65.206 56110.70276604 41.80 289.881661  -4.064067   -100 -100.00 -100.00 -100.00
 147    65.181 56110.70276664 37.08 289.882558  -4.066567 32.594  276.44  279.68  269.72
 148    65.491 56120.61840557 44.78 289.882910  -4.061543  9.546 -100.00 -100.00 -100.00
 148    65.654 56120.61840616 44.16 289.883807  -4.064043   -100 -100.00 -100.00 -100.00
 148    65.384 56120.61840675 43.18 289.884704  -4.066544   -100 -100.00 -100.00 -100.00
 149    64.982 56130.53404235 44.07 289.886249  -4.062591   -100 -100.00 -100.00 -100.00
 149    64.762 56130.53404294 45.57 289.887146  -4.065091   -100 -100.00 -100.00 -100.00
 149    64.894 56130.53404353 44.16 289.888044  -4.067591   -100 -100.00 -100.00 -100.00
 150    63.917 56140.44967702 34.29 289.889586  -4.065989 30.210 -100.00 -100.00 -100.00
 150    63.904 56140.44967761 33.74 289.890484  -4.068489 25.675 -100.00 -100.00 -100.00
 151    62.403 56150.36532650 51.95 289.884205  -4.062291   -100  273.93  276.98  268.96
 151    62.377 56150.36532709 50.43 289.885103  -4.064791   -100  273.93  276.98  268.96
 151    62.390 56150.36532768 53.53 289.886000  -4.067292   -100  273.93  276.98  268.96
 152    60.563 56160.28097482 51.93 289.882044  -4.061739 16.703 -100.00 -100.00 -100.00
 152    60.608 56160.28097541 52.35 289.882941  -4.064240 26.366 -100.00 -100.00 -100.00
 152    60.924 56160.28097600 52.93 289.883838  -4.066740   -100 -100.00 -100.00 -100.00
 153    60.643 56170.19662177 50.60 289.882100  -4.061639 10.621 -100.00 -100.00 -100.00
 153    60.677 56170.19662236 51.61 289.882997  -4.064140 11.674 -100.00 -100.00 -100.00
 153    60.873 56170.19662295 52.65 289.883894  -4.066640  0.118  273.35  276.52  267.37
 154    62.400 56180.11226497 50.64 289.883241  -4.061418   -100  275.38  277.73  269.27
 154    62.354 56180.11226556 52.37 289.884138  -4.063918   -100  275.38  277.73  269.27
 154    62.388 56180.11226615 53.62 289.885036  -4.066419   -100  275.38  277.73  269.27
 155    60.642 56190.02790448 41.82 289.884680  -4.062711   -100 -100.00 -100.00 -100.00
 155    60.670 56190.02790507 42.79 289.885577  -4.065212   -100 -100.00 -100.00 -100.00
 155    60.971 56190.02790566 44.64 289.886475  -4.067712   -100  276.52  279.23  270.92
 156    60.372 56199.94354078 40.18 289.885118  -4.062381   -100 -100.00 -100.00 -100.00
 156    60.386 56199.94354137 42.58 289.886015  -4.064881   -100 -100.00 -100.00 -100.00
 156    60.816 56199.94354196 43.67 289.886912  -4.067382   -100 -100.00 -100.00 -100.00
 157    65.342 56209.85917542 25.30 289.887283  -4.063787 13.306 -100.00 -100.00 -100.00
 157    65.529 56209.85917601 26.10 289.888180  -4.066288 16.626 -100.00 -100.00 -100.00
 160    62.423 56239.60611068 38.07 289.885769  -4.061780   -100 -100.00 -100.00 -100.00
 160    62.517 56239.60611127 35.98 289.886666  -4.064280 24.944 -100.00 -100.00 -100.00
 160    62.300 56239.60611186 35.07 289.887563  -4.066781 24.600 -100.00 -100.00 -100.00
 161    62.300 56249.52176080 50.09 289.883795  -4.063061 22.280 -100.00 -100.00 -100.00
 161    62.272 56249.52176139 45.59 289.884692  -4.065561   -100 -100.00 -100.00 -100.00
 161    62.290 56249.52176198 39.39 289.885590  -4.068062 31.763 -100.00 -100.00 -100.00
 162    64.019 56259.43740587 48.47 289.882754  -4.063382   -100 -100.00 -100.00 -100.00
 162    63.847 56259.43740646 48.58 289.883651  -4.065883   -100 -100.00 -100.00 -100.00
 162    63.945 56259.43740705 43.76 289.884548  -4.068383   -100 -100.00 -100.00 -100.00
 163    64.568 56269.35304786 44.61 289.882377  -4.062892   -100 -100.00 -100.00 -100.00
 163    64.478 56269.35304845 46.35 289.883274  -4.065392   -100 -100.00 -100.00 -100.00
 163    64.656 56269.35304904 45.78 289.884171  -4.067892   -100 -100.00 -100.00 -100.00
 164    64.805 56279.26868802 52.27 289.882887  -4.062418 19.730 -100.00 -100.00 -100.00
 164    65.146 56279.26868861 49.21 289.883784  -4.064919   -100  275.73  279.28  270.62
 164    65.109 56279.26868920 51.26 289.884681  -4.067419   -100  275.73  279.28  270.62
 165    66.532 56289.18433780 48.04 289.880725  -4.061136 23.254 -100.00 -100.00 -100.00
 165    66.526 56289.18433839 42.64 289.881622  -4.063636  4.883 -100.00 -100.00 -100.00
 165    66.520 56289.18433898 49.99 289.882519  -4.066136   -100 -100.00 -100.00 -100.00
 166    68.282 56299.09998610 49.36 289.879909  -4.061517 18.799 -100.00 -100.00 -100.00
 166    68.052 56299.09998669 34.00 289.880806  -4.064017 15.059 -100.00 -100.00 -100.00
 166    67.893 56299.09998728 32.62 289.881704  -4.066517 14.118 -100.00 -100.00 -100.00
 167    68.907 56309.01563078 23.32 289.880004  -4.063217  6.226  276.73  276.65  266.28
 167    68.992 56309.01563137 23.98 289.880902  -4.065717  7.900  276.73  276.65  266.28
 167    68.784 56309.01563196 28.64 289.881799  -4.068217 16.853  276.73  276.65  266.28
 168    69.545 56318.93127246 38.67 289.878964  -4.061420   -100 -100.00 -100.00 -100.00
 168    69.330 56318.93127305 31.33 289.879861  -4.063920 18.740 -100.00 -100.00 -100.00
 168    69.172 56318.93127364 31.21 289.880758  -4.066420 17.280 -100.00 -100.00 -100.00
 169    69.531 56328.84691370 49.95 289.878630  -4.060866  6.699 -100.00 -100.00 -100.00
 169    69.416 56328.84691429 48.02 289.879527  -4.063366 22.141 -100.00 -100.00 -100.00
 169    69.429 56328.84691488 46.84 289.880425  -4.065866 17.575 -100.00 -100.00 -100.00
 170    69.591 56338.76255458 35.41 289.880251  -4.061160 31.050 -100.00 -100.00 -100.00
 170    69.228 56338.76255517 29.48 289.881148  -4.063660 12.800 -100.00 -100.00 -100.00
 170    69.014 56338.76255576 30.31 289.882045  -4.066160 15.142 -100.00 -100.00 -100.00
 171    69.692 56348.67819369 43.59 289.883558  -4.061445   -100  276.24  280.44  269.78
 171    69.866 56348.67819428 42.76 289.884455  -4.063945   -100  276.24  280.44  269.78
 171    69.611 56348.67819487 43.12 289.885352  -4.066445   -100  276.24  280.44  269.78
 172    69.748 56358.59383044 29.19 289.887896  -4.064085 10.177 -100.00 -100.00 -100.00
 172    69.799 56358.59383103 32.09 289.888794  -4.066585 18.320  271.31  276.19  265.08
 173    70.623 56368.50948099 48.05 289.883766  -4.063436  8.265 -100.00 -100.00 -100.00
 173    70.740 56368.50948158 41.24 289.884663  -4.065936 29.037 -100.00 -100.00 -100.00
 173    70.814 56368.50948217 47.76 289.885561  -4.068436   -100 -100.00 -100.00 -100.00
 175    71.047 56388.34077379 53.91 289.877267  -4.062236  7.624  266.01  272.74  260.71
 175    70.873 56388.34077438 55.11 289.878164  -4.064735 26.736  266.01  272.74  260.71
 175    70.866 56388.34077497 55.16 289.879061  -4.067235 28.052  266.01  272.74  260.71
 176    70.945 56398.25641685 54.14 289.877924  -4.061684 26.155  267.69  273.58  262.23
 176    70.945 56398.25641744 54.44 289.878821  -4.064184 30.436  267.69  273.58  262.23
 176    70.944 56398.25641803 56.13 289.879718  -4.066684   -100  267.69  273.58  262.23
 177    70.928 56408.17205741 43.95 289.880068  -4.061004   -100 -100.00 -100.00 -100.00
 177    70.927 56408.17205800 31.87 289.880965  -4.063504 11.636 -100.00 -100.00 -100.00
 177    70.783 56408.17205859 33.33 289.881862  -4.066004 16.026  266.28  272.18  259.49
 178    70.927 56418.08769414 55.12 289.883403  -4.061556 24.503 -100.00 -100.00 -100.00
 178    70.925 56418.08769473 52.16 289.884300  -4.064056 23.372 -100.00 -100.00 -100.00
 178    70.948 56418.08769533 49.89 289.885197  -4.066556  6.539  267.33  273.54  260.56
 179    70.181 56428.00332708 34.20 289.888610  -4.065397 16.127 -100.00 -100.00 -100.00
 179    70.215 56428.00332767 37.62 289.889507  -4.067897 29.038 -100.00 -100.00 -100.00
 180    69.046 56437.91897925 41.82 289.882524  -4.061519   -100 -100.00 -100.00 -100.00
 180    69.143 56437.91897984 38.17 289.883421  -4.064019 27.423 -100.00 -100.00 -100.00
 180    69.186 56437.91898043 36.11 289.884318  -4.066519 24.214 -100.00 -100.00 -100.00
 181    68.772 56447.83463042 33.18 289.879517  -4.062572 30.057  273.53  277.28  265.87
 181    68.529 56447.83463101 31.41 289.880414  -4.065072 23.683  273.53  277.28  265.87
 181    68.734 56447.83463160 30.14 289.881311  -4.067572 15.629  273.53  277.28  265.87
 182    68.248 56457.75027923 48.21 289.877956  -4.061307 25.528 -100.00 -100.00 -100.00
 182    68.292 56457.75027982 36.90 289.878854  -4.063807 26.509 -100.00 -100.00 -100.00
 182    68.243 56457.75028041 35.31 289.879751  -4.066308 23.273 -100.00 -100.00 -100.00
 183    68.259 56467.66592545 50.97 289.878112  -4.061890 27.669  275.82  278.96  269.24
 183    68.337 56467.66592604 37.14 289.879009  -4.064390 18.595  275.82  278.96  269.24
 183    68.192 56467.66592663 36.02 289.879907  -4.066891 15.404  275.82  278.96  269.24
 184    67.569 56477.58156775 42.73 289.879274  -4.062879   -100 -100.00 -100.00 -100.00
 184    67.555 56477.58156834 41.30 289.880171  -4.065379 29.950 -100.00 -100.00 -100.00
 184    67.178 56477.58156893 41.85 289.881069  -4.067880   -100 -100.00 -100.00 -100.00
 185    66.572 56487.49720582 50.95 289.880334  -4.061682 13.188  268.89  273.01  263.65
 185    66.608 56487.49720641 42.50 289.881231  -4.064182 32.000  268.89  273.01  263.65
 185    66.597 56487.49720700 41.48 289.882129  -4.066683 25.083  268.89  273.01  263.65
 186    66.677 56497.41284143 36.92 289.882367  -4.062040   -100 -100.00 -100.00 -100.00
 186    66.443 56497.41284202 29.30 289.883264  -4.064540 29.515 -100.00 -100.00 -100.00
 186    66.439 56497.41284261 27.24 289.884162  -4.067041 22.809 -100.00 -100.00 -100.00
 187    65.256 56507.32847579 51.08 289.885883  -4.063034   -100 -100.00 -100.00 -100.00
 187    65.241 56507.32847638 49.09 289.886781  -4.065535   -100 -100.00 -100.00 -100.00
 187    65.223 56507.32847697 49.46 289.887678  -4.068035   -100 -100.00 -100.00 -100.00
 189    64.693 56527.15976607 51.09 289.888202  -4.064723  3.786 -100.00 -100.00 -100.00
 189    64.839 56527.15976667 54.83 289.889099  -4.067223   -100 -100.00 -100.00 -100.00
 190    64.301 56537.07541507 54.89 289.886121  -4.063085  0.662 -100.00 -100.00 -100.00
 190    64.180 56537.07541566 48.48 289.887019  -4.065585   -100 -100.00 -100.00 -100.00
 190    64.271 56537.07541625 51.45 289.887916  -4.068085   -100 -100.00 -100.00 -100.00
 192    62.081 56556.90670318 40.43 289.880564  -4.061232   -100 -100.00 -100.00 -100.00
 192    62.426 56556.90670378 43.81 289.881462  -4.063732   -100  279.62  282.47  273.59
 192    62.276 56556.90670437 44.90 289.882359  -4.066233   -100  279.62  282.47  273.59
 193    65.338 56566.82234588 36.15 289.880130  -4.061717   -100 -100.00 -100.00 -100.00
 193    62.878 56566.82234647 27.15 289.881028  -4.064218 15.709 -100.00 -100.00 -100.00
 193    65.266 56566.82234706 24.60 289.881925  -4.066718 11.718 -100.00 -100.00 -100.00
 194    62.516 56576.73798788 34.15 289.882196  -4.062965 21.485 -100.00 -100.00 -100.00
 194    62.363 56576.73798847 33.86 289.883093  -4.065466 20.072  280.93  283.32  275.41
 194    62.430 56576.73798906 40.76 289.883990  -4.067966   -100  280.93  283.32  275.41
 195    64.061 56586.65362668 32.67 289.886113  -4.063510 18.646 -100.00 -100.00 -100.00
 195    63.763 56586.65362727 33.16 289.887010  -4.066011 21.918 -100.00 -100.00 -100.00
 195    65.997 56586.65362786 33.33 289.887907  -4.068511 20.261 -100.00 -100.00 -100.00
 196    65.693 56596.56926733 28.33 289.889351  -4.065823 22.767 -100.00 -100.00 -100.00
 196    65.900 56596.56926792 27.42 289.890249  -4.068323 19.089 -100.00 -100.00 -100.00
 197    64.276 56606.48491854 44.86 289.883836  -4.061883   -100 -100.00 -100.00 -100.00
 197    64.413 56606.48491913 47.05 289.884733  -4.064384   -100 -100.00 -100.00 -100.00
 197    64.541 56606.48491972 42.67 289.885630  -4.066884   -100 -100.00 -100.00 -100.00
 198    64.587 56616.40056554 47.02 289.880568  -4.061174   -100  273.21  277.52  267.90
 198    64.550 56616.40056613 51.43 289.881466  -4.063674 11.693  273.21  277.52  267.90
 198    64.544 56616.40056672 43.65 289.882363  -4.066174   -100  273.21  277.52  267.90
 199    65.740 56626.31620972 43.17 289.880842  -4.063272 24.496 -100.00 -100.00 -100.00
 199    65.979 56626.31621031 24.00 289.881739  -4.065772  6.508 -100.00 -100.00 -100.00
 199    66.460 56626.31621090 24.64 289.882636  -4.068272  7.922 -100.00 -100.00 -100.00
 200    65.878 56636.23185039 54.56 289.882045  -4.062224 20.701  271.61  275.35  265.42
 200    65.872 56636.23185098 55.05 289.882942  -4.064724 18.987  271.61  275.35  265.42
 200    65.852 56636.23185157 56.22 289.883839  -4.067224 27.813  271.61  275.35  265.42
 201    66.789 56646.14749030 54.94 289.884602  -4.061420   -100 -100.00 -100.00 -100.00
 201    66.581 56646.14749089 49.28 289.885500  -4.063920  5.131 -100.00 -100.00 -100.00
 201    66.559 56646.14749148 52.96 289.886397  -4.066421 11.392 -100.00 -100.00 -100.00
 202    66.421 56656.06314236 53.40 289.882264  -4.061919   -100 -100.00 -100.00 -100.00
 202    66.436 56656.06314295 50.23 289.883161  -4.064419   -100 -100.00 -100.00 -100.00
 202    66.439 56656.06314354 55.00 289.884058  -4.066919   -100 -100.00 -100.00 -100.00
 203    65.944 56665.97879002 50.15 289.879994  -4.061692 11.517  275.00  278.74  269.18
 203    66.026 56665.97879061 41.64 289.880891  -4.064192   -100  275.00  278.74  269.18
 203    66.144 56665.97879120 46.76 289.881788  -4.066692   -100  275.00  278.74  269.18
 204    68.253 56675.89443577 44.72 289.878918  -4.062936   -100 -100.00 -100.00 -100.00
 204    67.881 56675.89443636 45.39 289.879815  -4.065436  1.282 -100.00 -100.00 -100.00
 204    67.910 56675.89443695 43.05 289.880712  -4.067936   -100 -100.00 -100.00 -100.00
 205    68.587 56685.81008037 35.72 289.878437  -4.062253   -100 -100.00 -100.00 -100.00
 205    68.605 56685.81008096 27.73 289.879334  -4.064753 10.323 -100.00 -100.00 -100.00
 205    68.459 56685.81008155 30.63 289.880231  -4.067254 17.793  272.66  276.73  266.19
 206    68.022 56695.72572340 39.35 289.879928  -4.061960  0.263  275.76  279.22  269.35
 206    68.078 56695.72572399 28.08 289.880825  -4.064460 15.515  275.76  279.22  269.35
 206    67.944 56695.72572458 30.00 289.881722  -4.066960 18.824  275.76  279.22  269.35
 207    68.636 56705.64136203 38.84 289.883282  -4.061343 30.378  276.16  279.24  269.92
 207    68.034 56705.64136262 32.42 289.884179  -4.063843 30.031  276.16  279.24  269.92
 207    68.107 56705.64136321 29.52 289.885076  -4.066343 19.242  276.16  279.24  269.92
 208    67.994 56715.55699595 26.28 289.888101  -4.064062 10.671  273.69  277.51  267.72
 208    67.832 56715.55699654 27.83 289.888998  -4.066562 16.258  273.69  277.51  267.72
 209    68.768 56725.47264899 45.02 289.882129  -4.062927  7.523  272.71  276.68  267.55
 209    68.776 56725.47264958 46.33 289.883026  -4.065427  4.113  272.71  276.68  267.55
 209    68.792 56725.47265017 46.83 289.883923  -4.067927  5.274  272.71  276.68  267.55
 210    69.277 56735.38829809 51.33 289.876868  -4.061524 24.200  270.95  275.27  266.37
 210    69.241 56735.38829868 47.86 289.877765  -4.064024 25.526  270.95  275.27  266.37
 210    69.221 56735.38829927 54.32 289.878662  -4.066524   -100  270.95  275.27  266.37
 211    70.107 56745.30394437 53.03 289.875463  -4.062592   -100  268.89  273.90  262.60
 211    69.797 56745.30394496 53.54 289.876360  -4.065091 24.236  268.89  273.90  262.60
 211    69.823 56745.30394555 55.78 289.877257  -4.067591 22.195  268.89  273.90  262.60
 212    70.269 56755.21958608 53.39 289.877600  -4.061695 28.086 -100.00 -100.00 -100.00
 212    70.244 56755.21958667 50.71 289.878497  -4.064195 26.135 -100.00 -100.00 -100.00
 212    70.263 56755.21958726 54.38 289.879394  -4.066695   -100  268.08  273.81  261.18
 213    70.751 56765.13522274 53.01 289.883153  -4.062667   -100  268.08  273.78  261.25
 213    70.408 56765.13522334 54.30 289.884050  -4.065167 21.279  268.08  273.78  261.25
 213    70.380 56765.13522393 56.36 289.884947  -4.067667   -100  268.08  273.78  261.25
 214    70.738 56775.05086086 51.24 289.886328  -4.063741 14.331 -100.00 -100.00 -100.00
 214    70.789 56775.05086145 43.22 289.887225  -4.066241   -100 -100.00 -100.00 -100.00
 215    70.667 56784.96651666 53.39 289.880622  -4.063243 25.976 -100.00 -100.00 -100.00
 215    70.671 56784.96651725 49.01 289.881519  -4.065743  0.671 -100.00 -100.00 -100.00
 215    70.684 56784.96651784 53.38 289.882416  -4.068243 21.896 -100.00 -100.00 -100.00
 216    70.680 56794.88216888 50.66 289.874979  -4.061824 19.391 -100.00 -100.00 -100.00
 216    70.667 56794.88216947 50.37 289.875876  -4.064324 21.892 -100.00 -100.00 -100.00
 216    70.679 56794.88217006 51.42 289.876774  -4.066824 19.752  268.55  274.11  261.02
 217    70.505 56804.79781780 44.78 289.871921  -4.060686  7.233 -100.00 -100.00 -100.00
 217    70.456 56804.79781839 36.67 289.872819  -4.063186   -100 -100.00 -100.00 -100.00
 217    70.387 56804.79781898 35.76 289.873716  -4.065686 29.129 -100.00 -100.00 -100.00
 218    70.199 56814.71346055 45.56 289.873869  -4.060627   -100  272.93  277.43  266.56
 218    70.157 56814.71346114 44.86 289.874766  -4.063127   -100  272.93  277.43  266.56
 218    70.137 56814.71346173 44.30 289.875663  -4.065627   -100  272.93  277.43  266.56
 219    69.715 56824.62910046 31.59 289.877796  -4.062699 19.182 -100.00 -100.00 -100.00
 219    69.573 56824.62910105 32.27 289.878693  -4.065199 22.621 -100.00 -100.00 -100.00
 219    69.586 56824.62910164 33.71 289.879590  -4.067699 24.089 -100.00 -100.00 -100.00
 220    68.676 56834.54473573 36.43 289.880790  -4.061556 20.614  272.42  276.18  265.98
 220    68.583 56834.54473632 38.00 289.881687  -4.064056 21.324  272.42  276.18  265.98
 220    68.565 56834.54473691 35.33 289.882585  -4.066556 14.986  272.42  276.18  265.98
 221    68.029 56844.46036803 45.32 289.884681  -4.062734   -100 -100.00 -100.00 -100.00
 221    67.965 56844.46036862 42.54 289.885578  -4.065235 32.203 -100.00 -100.00 -100.00
 221    67.941 56844.46036922 50.47 289.886475  -4.067735 11.387 -100.00 -100.00 -100.00
 222    66.724 56854.37601184 53.21 289.883513  -4.061703 17.825  272.40  275.94  266.82
 222    66.742 56854.37601243 51.73 289.884410  -4.064203 13.394  272.40  275.94  266.82
 222    66.967 56854.37601302 54.07 289.885308  -4.066704   -100  272.40  275.94  266.82
 223    65.383 56864.29166494 40.34 289.880801  -4.062142   -100 -100.00 -100.00 -100.00
 223    65.183 56864.29166553 40.82 289.881699  -4.064643 16.564 -100.00 -100.00 -100.00
 223    65.040 56864.29166612 37.25 289.882596  -4.067143 14.667 -100.00 -100.00 -100.00
 224    65.534 56874.20731745 32.83 289.879531  -4.062930 29.784 -100.00 -100.00 -100.00
 224    66.449 56874.20731804 27.95 289.880428  -4.065431 17.545 -100.00 -100.00 -100.00
 224    66.381 56874.20731863 25.23 289.881325  -4.067931 12.863  274.68  276.50  267.85
 225    63.523 56884.12296658 50.77 289.878698  -4.062602  9.734 -100.00 -100.00 -100.00
 225    63.898 56884.12296717 51.41 289.879595  -4.065102   -100 -100.00 -100.00 -100.00
 225    63.715 56884.12296776 51.14 289.880492  -4.067603   -100 -100.00 -100.00 -100.00
 226    66.055 56894.03861242 43.26 289.877847  -4.061765 28.479 -100.00 -100.00 -100.00
 226    63.822 56894.03861301 47.06 289.878744  -4.064265   -100 -100.00 -100.00 -100.00
 226    63.971 56894.03861360 44.31 289.879641  -4.066765   -100 -100.00 -100.00 -100.00
 227    62.629 56903.95425518 45.97 289.876275  -4.061407   -100 -100.00 -100.00 -100.00
 227    66.273 56903.95425577 46.91 289.877172  -4.063907 25.130 -100.00 -100.00 -100.00
 227    62.754 56903.95425636 48.20 289.878069  -4.066407   -100  276.60  280.15  271.69
 228    61.779 56913.86989665 39.88 289.875214  -4.062870   -100  275.85  279.02  270.28
 228    62.105 56913.86989724 39.49 289.876111  -4.065371   -100  275.85  279.02  270.28
 228    62.179 56913.86989783 41.77 289.877008  -4.067871   -100  275.85  279.02  270.28
 229    62.912 56923.78553609 41.77 289.875382  -4.060834   -100 -100.00 -100.00 -100.00
 229    63.002 56923.78553668 43.80 289.876279  -4.063335   -100  281.37  283.59  275.63
 229    63.008 56923.78553727 46.10 289.877177  -4.065835   -100  281.37  283.59  275.63
 230    63.440 56933.70117437 45.05 289.879905  -4.062675 32.514 -100.00 -100.00 -100.00
 230    63.465 56933.70117496 46.23 289.880802  -4.065175 32.415 -100.00 -100.00 -100.00
 230    62.996 56933.70117555 50.41 289.881699  -4.067676  9.056 -100.00 -100.00 -100.00
 231    63.255 56943.61680712 35.17 289.885806  -4.062128 19.600 -100.00 -100.00 -100.00
 231    63.020 56943.61680771 35.12 289.886703  -4.064628 21.854 -100.00 -100.00 -100.00
 231    63.046 56943.61680830 34.48 289.887600  -4.067129 18.055 -100.00 -100.00 -100.00
 232    64.911 56953.53245453 39.92 289.886355  -4.063158   -100 -100.00 -100.00 -100.00
 232    64.830 56953.53245512 32.55 289.887252  -4.065659 22.215 -100.00 -100.00 -100.00
 232    64.528 56953.53245571 33.17 289.888149  -4.068159 24.062 -100.00 -100.00 -100.00
 233    63.578 56963.44810446 51.27 289.882027  -4.061369  6.310 -100.00 -100.00 -100.00
 233    63.731 56963.44810505 54.04 289.882924  -4.063869   -100 -100.00 -100.00 -100.00
 233    63.706 56963.44810564 54.02 289.883822  -4.066370   -100 -100.00 -100.00 -100.00
 234    64.506 56973.36375028 51.21 289.879880  -4.063360  7.286 -100.00 -100.00 -100.00
 234    64.516 56973.36375087 41.12 289.880777  -4.065860   -100 -100.00 -100.00 -100.00
 235    65.336 56983.27939136 52.11 289.879923  -4.063022   -100 -100.00 -100.00 -100.00
 235    65.382 56983.27939195 49.34 289.880820  -4.065523   -100  274.05  277.80  268.07
 235    65.350 56983.27939254 53.08 289.881717  -4.068023   -100  274.05  277.80  268.07
 236    65.728 56993.19502767 42.41 289.883338  -4.061984 32.614 -100.00 -100.00 -100.00
 236    65.550 56993.19502827 44.01 289.884236  -4.064484   -100  273.26  277.11  266.44
 236    65.581 56993.19502886 44.19 289.885133  -4.066984   -100  273.26  277.11  266.44
 238    68.124 57013.02632029 47.24 289.884475  -4.062205  4.059 -100.00 -100.00 -100.00
 238    67.876 57013.02632088 34.30 289.885372  -4.064705 23.878 -100.00 -100.00 -100.00
 238    67.775 57013.02632148 31.67 289.886269  -4.067205 18.373 -100.00 -100.00 -100.00
 239    68.056 57022.94197150 27.85 289.881616  -4.063349 16.696 -100.00 -100.00 -100.00
 239    68.064 57022.94197209 26.24 289.882513  -4.065849 11.870 -100.00 -100.00 -100.00
 240    68.953 57032.85761986 44.41 289.878732  -4.061752   -100 -100.00 -100.00 -100.00
 240    68.618 57032.85762045 42.07 289.879629  -4.064252   -100 -100.00 -100.00 -100.00
 240    68.674 57032.85762104 46.61 289.880526  -4.066752  1.932 -100.00 -100.00 -100.00
 241    68.897 57042.77326710 39.66 289.878831  -4.063216   -100  275.20  278.97  269.21
 241    68.914 57042.77326769 33.58 289.879728  -4.065716 24.751  275.20  278.97  269.21
 242    69.545 57052.68891198 44.99 289.879921  -4.063298   -100  269.60  274.23  264.93
 242    69.572 57052.68891257 43.08 289.880819  -4.065798   -100  269.60  274.23  264.93
 243    70.222 57062.60455201 49.37 289.881404  -4.061038  3.728  270.02  274.73  263.45
 243    70.296 57062.60455260 45.57 289.882301  -4.063538   -100  270.02  274.73  263.45
 243    70.039 57062.60455319 43.58 289.883198  -4.066038   -100  270.02  274.73  263.45
 244    70.328 57072.52018735 49.19 289.883935  -4.061249 16.684  268.01  273.48  262.00
 244    70.348 57072.52018794 40.45 289.884832  -4.063749   -100  268.01  273.48  262.00
 244    70.346 57072.52018853 40.92 289.885729  -4.066249   -100  268.01  273.48  262.00
 245    70.564 57082.43581922 47.28 289.887606  -4.064250   -100 -100.00 -100.00 -100.00
 245    70.380 57082.43581981 46.98 289.888503  -4.066750   -100 -100.00 -100.00 -100.00
 246    70.527 57092.35146515 50.32 289.884724  -4.062813  1.819 -100.00 -100.00 -100.00
 246    70.536 57092.35146574 49.01 289.885621  -4.065313   -100 -100.00 -100.00 -100.00
 246    70.502 57092.35146633 48.34 289.886518  -4.067813   -100 -100.00 -100.00 -100.00
 247    70.617 57102.26712149 50.30 289.879695  -4.061704 12.024 -100.00 -100.00 -100.00
 247    70.632 57102.26712208 38.48 289.880592  -4.064204 19.456  270.51  275.41  268.96
 247    70.597 57102.26712267 44.38 289.881489  -4.066704   -100  270.51  275.41  268.96
 248    71.008 57112.18277468 52.61 289.878281  -4.061829   -100  265.44  271.13  259.54
 248    71.066 57112.18277527 41.69 289.879178  -4.064329   -100  265.44  271.13  259.54
 248    71.012 57112.18277586 51.62 289.880075  -4.066829   -100  265.44  271.13  259.54
 249    71.195 57122.09842203 52.61 289.879223  -4.061543   -100 -100.00 -100.00 -100.00
 249    71.212 57122.09842262 54.53 289.880120  -4.064043 29.645 -100.00 -100.00 -100.00
 249    71.159 57122.09842321 52.03 289.881017  -4.066543   -100 -100.00 -100.00 -100.00
 250    71.706 57132.01406390 53.37 289.880157  -4.061720  5.575 -100.00 -100.00 -100.00
 250    71.724 57132.01406449 55.11 289.881054  -4.064220   -100 -100.00 -100.00 -100.00
 250    71.675 57132.01406508 53.00 289.881951  -4.066720  9.610 -100.00 -100.00 -100.00
 251    71.990 57141.92970126 51.95 289.881879  -4.062967   -100 -100.00 -100.00 -100.00
 251    71.681 57141.92970185 54.17 289.882776  -4.065467 26.297 -100.00 -100.00 -100.00
 251    71.727 57141.92970244 51.01 289.883673  -4.067967 21.647 -100.00 -100.00 -100.00
 252    72.081 57151.84533532 44.92 289.883370  -4.062111   -100 -100.00 -100.00 -100.00
 252    71.838 57151.84533591 37.16 289.884267  -4.064611 19.282 -100.00 -100.00 -100.00
 252    71.801 57151.84533650 38.30 289.885164  -4.067111 23.447 -100.00 -100.00 -100.00
 253    71.873 57161.76096699 40.32 289.888205  -4.064290 24.773 -100.00 -100.00 -100.00
 253    71.844 57161.76096758 41.73 289.889102  -4.066790 29.996 -100.00 -100.00 -100.00
 254    71.662 57171.67662336 41.66 289.883902  -4.061556   -100 -100.00 -100.00 -100.00
 254    71.589 57171.67662395 42.09 289.884799  -4.064056   -100 -100.00 -100.00 -100.00
 254    71.660 57171.67662454 39.92 289.885696  -4.066556 29.747 -100.00 -100.00 -100.00
 255    71.792 57181.59227806 49.16 289.881863  -4.061750   -100  269.15  274.58  264.83
 255    71.446 57181.59227865 44.52 289.882760  -4.064250   -100  269.15  274.58  264.83
 255    71.479 57181.59227924 39.86 289.883658  -4.066750 24.878  269.15  274.58  264.83
 256    71.091 57191.50792873 50.63 289.879864  -4.061473 10.618  265.89  270.42  259.58
 256    71.112 57191.50792932 51.65 289.880762  -4.063973 21.588  265.89  270.42  259.58
 256    71.123 57191.50792992 46.85 289.881659  -4.066473   -100  265.89  270.42  259.58
 257    70.515 57201.42357620 35.70 289.878108  -4.061274 25.940 -100.00 -100.00 -100.00
 257    70.465 57201.42357679 33.61 289.879005  -4.063775 19.039 -100.00 -100.00 -100.00
 257    70.204 57201.42357738 36.80 289.879903  -4.066275 31.496  268.12  273.46  264.57
 258    70.145 57211.33920992 52.23 289.877571  -4.061488   -100 -100.00 -100.00 -100.00
 258    69.783 57211.33921051 53.60 289.878469  -4.063988 26.207 -100.00 -100.00 -100.00
 258    69.853 57211.33921110 55.47 289.879366  -4.066488 16.347  267.68  272.90  262.00
 259    68.778 57221.25485324 50.51 289.878581  -4.061214  2.376 -100.00 -100.00 -100.00
 259    68.595 57221.25485383 53.28 289.879478  -4.063714   -100 -100.00 -100.00 -100.00
 259    68.599 57221.25485442 53.99 289.880375  -4.066214   -100 -100.00 -100.00 -100.00
 260    67.577 57231.17049566 51.15 289.881006  -4.062732   -100 -100.00 -100.00 -100.00
 260    67.285 57231.17049625 50.41 289.881903  -4.065233 10.247 -100.00 -100.00 -100.00
 260    67.441 57231.17049684 46.07 289.882800  -4.067733   -100 -100.00 -100.00 -100.00
 261    66.603 57241.08613536 48.67 289.883016  -4.063166 24.554 -100.00 -100.00 -100.00
 261    68.236 57241.08613595 35.23 289.883913  -4.065667 17.147 -100.00 -100.00 -100.00
 261    68.531 57241.08613654 33.70 289.884811  -4.068167 13.631 -100.00 -100.00 -100.00
 262    65.253 57251.00177232 37.69 289.884878  -4.063071 25.103 -100.00 -100.00 -100.00
 262    64.858 57251.00177291 35.58 289.885775  -4.065571 21.287 -100.00 -100.00 -100.00
 262    68.025 57251.00177350 34.43 289.886672  -4.068071 19.634 -100.00 -100.00 -100.00
 263    63.730 57260.91740769 33.90 289.887110  -4.063955 19.499 -100.00 -100.00 -100.00
 263    63.760 57260.91740828 33.45 289.888007  -4.066456 18.736 -100.00 -100.00 -100.00
 265    62.085 57280.74869617 37.21 289.885463  -4.061822   -100 -100.00 -100.00 -100.00
 265    62.295 57280.74869676 39.28 289.886360  -4.064323   -100  281.74  284.18  276.40
 265    61.960 57280.74869735 42.38 289.887257  -4.066823  1.186  281.74  284.18  276.40
 266    60.496 57290.66435165 37.01 289.883184  -4.062136   -100 -100.00 -100.00 -100.00
 266    60.701 57290.66435224 39.76 289.884081  -4.064637   -100 -100.00 -100.00 -100.00
 266    60.744 57290.66435283 40.99 289.884978  -4.067138   -100  283.21  285.40  277.15
 267    60.458 57300.58000443 34.43 289.881789  -4.063391 23.019 -100.00 -100.00 -100.00
 267    60.610 57300.58000502 41.17 289.882687  -4.065892   -100 -100.00 -100.00 -100.00
 268    61.298 57310.49565305 43.33 289.880048  -4.062417   -100 -100.00 -100.00 -100.00
 268    61.660 57310.49565365 43.97 289.880945  -4.064918   -100 -100.00 -100.00 -100.00
 268    61.496 57310.49565424 46.27 289.881842  -4.067418   -100 -100.00 -100.00 -100.00
 269    66.288 57320.41129809 41.46 289.877804  -4.061375 31.198 -100.00 -100.00 -100.00
 269    63.769 57320.41129868 46.44 289.878701  -4.063875   -100 -100.00 -100.00 -100.00
 269    63.831 57320.41129927 46.41 289.879599  -4.066375   -100 -100.00 -100.00 -100.00
 270    66.743 57330.32694079 43.67 289.877144  -4.062698 32.633 -100.00 -100.00 -100.00
 270    62.528 57330.32694138 44.93 289.878041  -4.065198   -100 -100.00 -100.00 -100.00
 270    62.410 57330.32694197 46.25 289.878938  -4.067698   -100 -100.00 -100.00 -100.00
 271    65.285 57340.24258104 44.03 289.878171  -4.062482   -100 -100.00 -100.00 -100.00
 271    62.970 57340.24258163 44.96 289.879069  -4.064983 22.608 -100.00 -100.00 -100.00
 271    62.449 57340.24258222 47.30 289.879966  -4.067483   -100 -100.00 -100.00 -100.00
 272    65.172 57350.15823092 45.35 289.877632  -4.063217   -100 -100.00 -100.00 -100.00
 272    64.889 57350.15823151 35.08 289.878529  -4.065717   -100 -100.00 -100.00 -100.00
 273    65.250 57360.07387550 42.57 289.877951  -4.060988 26.006  276.15  279.87  271.31
 273    64.315 57360.07387609 50.37 289.878848  -4.063488   -100  276.15  279.87  271.31
 273    64.082 57360.07387668 49.49 289.879745  -4.065989   -100  276.15  279.87  271.31
 274    65.825 57369.98951799 43.97 289.879819  -4.062959   -100 -100.00 -100.00 -100.00
 274    65.773 57369.98951858 38.96 289.880716  -4.065459 20.645 -100.00 -100.00 -100.00
 274    65.803 57369.98951917 39.02 289.881614  -4.067960 18.472 -100.00 -100.00 -100.00
 275    65.813 57379.90515757 40.24 289.880091  -4.061426   -100 -100.00 -100.00 -100.00
 275    65.490 57379.90515816 36.12 289.880989  -4.063926  3.446 -100.00 -100.00 -100.00
 275    65.470 57379.90515875 30.79 289.881886  -4.066426   -100 -100.00 -100.00 -100.00
 276    67.531 57389.82079674 45.48 289.881923  -4.061356   -100  277.89  281.77  271.73
 276    67.191 57389.82079733 44.65 289.882820  -4.063857 11.829  277.89  281.77  271.73
 276    67.311 57389.82079792 34.03 289.883717  -4.066357 19.532  277.89  281.77  271.73
 277    67.847 57399.73643542 38.41 289.885435  -4.062020 23.878 -100.00 -100.00 -100.00
 277    67.946 57399.73643601 37.18 289.886332  -4.064520 20.423 -100.00 -100.00 -100.00
 277    67.765 57399.73643660 38.01 289.887229  -4.067020 20.703 -100.00 -100.00 -100.00
 279    66.817 57419.56772808 21.27 289.885282  -4.063159  8.982 -100.00 -100.00 -100.00
 279    66.904 57419.56772867 22.96 289.886179  -4.065659 14.420 -100.00 -100.00 -100.00
 279    67.277 57419.56772926 25.24 289.887076  -4.068160 18.793 -100.00 -100.00 -100.00
 280    64.492 57429.48337801 44.14 289.880869  -4.061767   -100 -100.00 -100.00 -100.00
 280    64.588 57429.48337860 48.67 289.881766  -4.064267   -100 -100.00 -100.00 -100.00
 280    64.254 57429.48337919 48.50 289.882663  -4.066767  9.704 -100.00 -100.00 -100.00
 281    68.019 57439.39902587 47.50 289.877903  -4.061797  5.765 -100.00 -100.00 -100.00
 281    68.027 57439.39902646 33.83 289.878801  -4.064297   -100 -100.00 -100.00 -100.00
 281    68.036 57439.39902705 50.47 289.879698  -4.066797  4.609 -100.00 -100.00 -100.00
 282    68.850 57449.31467255 53.68 289.877404  -4.062086 14.424  271.24  276.20  264.72
 282    68.812 57449.31467314 50.45 289.878301  -4.064586  8.464  271.24  276.20  264.72
 282    68.808 57449.31467373 53.75 289.879198  -4.067086 19.657  271.24  276.20  264.72
 283    69.486 57459.23031748 49.34 289.877838  -4.060841   -100  270.91  276.28  263.46
 283    69.171 57459.23031807 42.62 289.878735  -4.063340 13.553  270.91  276.28  263.46
 283    69.231 57459.23031866 32.45 289.879632  -4.065840 24.511  270.91  276.28  263.46
 284    69.709 57469.14596009 42.76 289.881043  -4.062992   -100 -100.00 -100.00 -100.00
 284    69.364 57469.14596068 36.68 289.881940  -4.065492   -100 -100.00 -100.00 -100.00
 284    69.414 57469.14596127 49.70 289.882837  -4.067992 25.425 -100.00 -100.00 -100.00
 285    70.175 57479.06159818 46.51 289.883852  -4.063020   -100  269.40  275.40  262.51
 285    69.706 57479.06159877 39.13 289.884749  -4.065520 21.914  269.40  275.40  262.51
 285    69.704 57479.06159936 38.59 289.885646  -4.068020 19.692  269.40  275.40  262.51
 286    70.205 57488.97723289 38.05 289.885419  -4.062074 28.549 -100.00 -100.00 -100.00
 286    70.118 57488.97723348 34.71 289.886316  -4.064574 18.680 -100.00 -100.00 -100.00
 286    70.108 57488.97723407 34.03 289.887213  -4.067074 17.314 -100.00 -100.00 -100.00
 287    70.045 57498.89286689 37.70 289.889064  -4.065478 25.111 -100.00 -100.00 -100.00
 287    69.899 57498.89286748 39.40 289.889961  -4.067978 31.452 -100.00 -100.00 -100.00
 288    69.867 57508.80850921 34.13 289.889015  -4.065124 23.119 -100.00 -100.00 -100.00
 288    69.956 57508.80850980 32.40 289.889912  -4.067624 18.162 -100.00 -100.00 -100.00
 289    70.101 57518.72416459 44.47 289.884389  -4.062949   -100 -100.00 -100.00 -100.00
 289    69.777 57518.72416518 41.78 289.885286  -4.065449   -100 -100.00 -100.00 -100.00
 289    69.951 57518.72416577 43.96 289.886184  -4.067949   -100 -100.00 -100.00 -100.00
 290    69.287 57528.63981779 44.28 289.882218  -4.062517   -100 -100.00 -100.00 -100.00
 290    68.896 57528.63981838 40.20 289.883115  -4.065017   -100 -100.00 -100.00 -100.00
 290    68.720 57528.63981897 38.32 289.884012  -4.067517   -100 -100.00 -100.00 -100.00
 291    68.469 57538.55546813 50.38 289.881028  -4.062589 18.010 -100.00 -100.00 -100.00
 291    68.485 57538.55546872 49.29 289.881925  -4.065089 16.930  273.32  277.49  268.77
 291    68.529 57538.55546931 39.56 289.882823  -4.067589 27.215  273.32  277.49  268.77
 292    68.743 57548.47111575 38.49 289.879793  -4.062950   -100  272.62  275.45  267.62
 292    68.457 57548.47111634 35.86 289.880690  -4.065450   -100  272.62  275.45  267.62
 292    68.695 57548.47111693 34.64 289.881588  -4.067950 31.487  272.62  275.45  267.62
 293    67.972 57558.38676151 53.80 289.878416  -4.062513   -100 -100.00 -100.00 -100.00
 293    68.009 57558.38676210 40.71 289.879313  -4.065013   -100 -100.00 -100.00 -100.00
 293    68.023 57558.38676269 38.75 289.880210  -4.067513 32.519 -100.00 -100.00 -100.00
 294    66.802 57568.30240647 48.79 289.878582  -4.063101   -100 -100.00 -100.00 -100.00
 294    67.126 57568.30240706 47.82 289.879479  -4.065601   -100  268.96  272.62  263.16
 294    67.029 57568.30240765 51.72 289.880376  -4.068102 17.538  268.96  272.62  263.16
 295    66.401 57578.21805036 51.83 289.879345  -4.061769 31.847 -100.00 -100.00 -100.00
 295    66.427 57578.21805095 43.63 289.880242  -4.064270   -100 -100.00 -100.00 -100.00
 295    66.348 57578.21805154 42.77 289.881139  -4.066770   -100 -100.00 -100.00 -100.00
 296    66.012 57588.13369323 50.90 289.881267  -4.062340   -100 -100.00 -100.00 -100.00
 296    66.031 57588.13369382 48.69 289.882165  -4.064840   -100 -100.00 -100.00 -100.00
 296    66.047 57588.13369441 51.85 289.883062  -4.067340   -100 -100.00 -100.00 -100.00
 297    63.932 57598.04933363 48.49 289.882406  -4.063378   -100 -100.00 -100.00 -100.00
 297    63.703 57598.04933422 48.79 289.883303  -4.065878 16.138 -100.00 -100.00 -100.00
 297    63.895 57598.04933481 48.39 289.884200  -4.068378   -100 -100.00 -100.00 -100.00
