-322473.500    53.055     0.00    4.25
-322183.948    51.499    -5.38    6.09
-321894.398    50.897    -2.08    6.76
-321604.851    50.692    -0.71    6.42
-321315.308    50.795     0.36    5.79
-321025.767    51.345     1.90    5.22
-320736.230    52.157     2.80    4.46
-320446.695    53.177     3.52    2.22
-320157.164    53.205     0.10    2.20
-319867.636    52.923    -0.98    2.07
-319578.110    52.135    -2.72    2.81
-319288.588    50.414    -5.94    4.76
-318999.069    47.346   -10.60    6.90
-318709.553    45.226    -7.32    7.91
-318420.040    42.923    -7.96    8.37
-318130.530    41.896    -3.55    8.50
-317841.023    41.329    -1.96    8.23
-317551.520    40.619    -2.45    8.47
-317262.019    41.014     1.37    8.97
-316972.521    43.079     7.13    9.18
-316683.027    44.616     5.31    9.37
-316393.535    46.280     5.75    8.80
-316104.046    46.896     2.13    8.76
-315814.561    47.746     2.94    8.84
-315525.078    49.468     5.95    7.52
-315235.599    51.192     5.96    5.86
-314946.122    52.126     3.23    4.62
-314656.649    51.177    -3.28    5.50
-314367.179    49.280    -6.55    7.51
-314077.711    47.024    -7.79    8.49
-313788.247    46.071    -3.29    8.78
-313498.786    44.719    -4.67    8.75
-313209.328    44.433    -0.99    8.13
-312919.873    45.476     3.60    8.01
-312630.420    46.726     4.32    7.71
-312340.971    48.278     5.36    6.27
-312051.525    48.795     1.79    5.77
-311762.082    49.584     2.72    5.61
-311472.642    49.345    -0.82    5.87
-311183.205    49.364     0.07    6.03
-310893.771    49.829     1.61    5.44
-310604.340    50.277     1.55    4.88
-310314.912    50.278     0.00    4.97
-310025.487    50.262    -0.05    4.62
-309736.066    50.229    -0.12    4.83
-309446.647    50.200    -0.10    4.72
-309157.231    50.652     1.56    4.32
-308867.818    50.596    -0.19    4.66
-308578.408    50.505    -0.31    4.43
-308289.001    49.017    -5.14    7.34
-307999.597    48.050    -3.34    7.67
-307710.197    47.037    -3.50    8.92
-307420.799    46.058    -3.38    8.96
-307131.404    45.435    -2.15    9.11
-306842.012    46.162     2.51    9.43
-306552.623    45.996    -0.58    9.53
-306263.237    47.099     3.81    8.69
-305973.855    46.979    -0.42    9.31
-305684.475    47.991     3.50    7.73
-305395.098    47.736    -0.88    8.05
-305105.724    47.744     0.03    7.91
-304816.353    47.755     0.04    7.95
-304526.985    48.753     3.45    7.32
-304237.621    50.448     5.86    5.01
-303948.259    50.278    -0.59    5.57
-303658.900    50.628     1.21    5.93
-303369.544    50.096    -1.84    5.79
-303080.191    50.448     1.22    5.38
-302790.841    49.619    -2.87    6.74
-302501.494    48.433    -4.10    8.09
-302212.150    46.726    -5.90    8.96
-301922.809    45.903    -2.85    9.40
-301633.471    45.296    -2.10    9.71
-301344.136    45.280    -0.05   10.02
-301054.804    46.155     3.02    9.25
-300765.475    46.571     1.44    9.36
-300476.149    47.923     4.67    9.05
-300186.826    50.753     9.78    4.93
-299897.506    51.712     3.32    3.29
-299608.189    51.088    -2.16    3.59
-299318.875    48.779    -7.98    6.13
-299029.563    48.330    -1.55    6.35
-298740.255    47.646    -2.37    6.61
-298450.950    47.646     0.00    7.27
-298161.647    48.162     1.79    7.31
-297872.348    47.996    -0.58    7.13
-297583.052    48.558     1.94    7.09
-297293.758    49.126     1.96    6.75
-297004.468    47.606    -5.26    6.99
-296715.180    48.083     1.65    7.21
-296425.895    47.780    -1.05    7.63
-296136.614    48.225     1.54    7.56
-295847.335    48.968     2.57    7.12
-295558.059    50.152     4.09    6.01
-295268.787    51.001     2.94    4.84
-294979.517    51.923     3.19    3.03
-294690.250    52.362     1.52    2.98
-294400.986    52.830     1.62    3.03
-294111.725    53.155     1.12    3.08
-293822.467    53.229     0.26    3.01
-293533.212    53.192    -0.13    2.87
-293243.960    53.196     0.01    2.79
-292954.710    53.465     0.93    2.49
-292665.464    53.037    -1.48    2.72
-292376.221    52.761    -0.95    2.78
-292086.980    51.347    -4.89    6.09
-291797.743    49.919    -4.94    6.84
-291508.508    49.657    -0.90    7.14
-291219.277    49.024    -2.19    7.69
-290930.048    48.437    -2.03    8.07
-290640.822    47.812    -2.16    8.41
-290351.599    47.054    -2.62    8.65
-290062.379    47.736     2.36    8.09
-289773.162    47.770     0.12    8.55
-289483.948    47.576    -0.67    9.18
-289194.737    47.657     0.28    9.23
-288905.529    47.596    -0.21    8.30
-288616.324    48.146     1.90    8.15
-288327.121    48.571     1.47    8.27
-288037.922    47.769    -2.77    8.44
-287748.725    48.029     0.90    7.21
-287459.532    48.804     2.68    6.41
-287170.341    49.444     2.21    5.52
-286881.153    49.312    -0.45    5.30
-286591.968    46.889    -8.38    9.35
-286302.786    45.778    -3.84   11.56
-286013.607    43.450    -8.05   13.51
-285724.431    39.929   -12.18   14.41
-285435.258    36.019   -13.52   14.88
-285146.087    31.427   -15.88   13.80
-284856.920    30.596    -2.88   13.46
-284567.755    32.067     5.09   13.18
-284278.594    34.448     8.24   13.76
-283989.435    38.226    13.07   13.64
-283700.279    40.706     8.58   13.49
-283411.126    43.812    10.74   11.74
-283121.976    46.601     9.64    8.78
-282832.829    48.468     6.46    5.45
-282543.685    48.420    -0.17    5.43
-282254.543    49.054     2.20    4.58
-281965.405    49.462     1.41    3.04
-281676.269    49.022    -1.52    2.98
-281387.136    48.348    -2.33    3.17
-281098.007    48.709     1.25    3.44
-280808.880    48.496    -0.74    3.47
-280519.756    48.329    -0.58    3.23
-280230.634    47.929    -1.38    3.13
-279941.516    47.847    -0.28    2.88
-279652.401    47.957     0.38    2.33
-279363.288    48.541     2.02    2.92
-279074.178    49.029     1.69    2.76
-278785.071    49.378     1.21    2.89
-278495.968    49.381     0.01    3.05
-278206.866    49.596     0.74    2.77
-277917.768    49.529    -0.23    2.76
-277628.673    49.397    -0.46    2.75
-277339.581    48.058    -4.63    5.06
-277050.491    46.651    -4.87    6.62
-276761.404    45.690    -3.33    7.60
-276472.320    44.734    -3.31    7.86
-276183.239    43.379    -4.69    8.73
-275894.161    41.950    -4.94    9.02
-275605.086    40.700    -4.33    9.14
-275316.014    38.196    -8.66    9.98
-275026.944    37.075    -3.88   10.16
-274737.877    35.657    -4.91    9.97
-274448.813    34.418    -4.29    9.59
-274159.752    32.753    -5.76    9.03
-273870.694    30.872    -6.51    9.20
-273581.639    30.038    -2.88    9.31
-273292.587    28.479    -5.39    9.08
-273003.537    25.485   -10.36    8.96
-272714.490    25.262    -0.77    8.70
-272425.446    25.537     0.95   10.19
-272136.405    25.165    -1.29   10.53
-271847.367    24.106    -3.67   10.85
-271558.332    22.744    -4.71   11.18
-271269.299    22.571    -0.60   11.25
-270980.269    22.879     1.07   10.91
-270691.243    21.562    -4.56    9.46
-270402.219    19.606    -6.77    5.84
-270113.197    19.646     0.14    4.57
-269824.179    20.698     3.64    3.89
-269535.164    21.537     2.90    3.55
-269246.151    21.512    -0.08    3.51
-268957.141    21.838     1.13    3.60
-268668.134    21.771    -0.23    3.49
-268379.130    21.580    -0.66    3.46
-268090.128    21.071    -1.76    3.37
-267801.130    20.383    -2.38    3.15
-267512.134    19.812    -1.97    2.87
-267223.141    19.116    -2.41    2.67
-266934.151    18.537    -2.00    2.86
-266645.164    17.550    -3.42    2.63
-266356.179    16.985    -1.95    2.50
-266067.198    16.879    -0.37    2.49
-265778.219    18.179     4.50    4.79
-265488.757    19.396     4.20    5.93
-265199.174    21.679     7.89    6.98
-264909.593    22.751     3.70    6.49
-264620.016    23.879     3.90    6.08
-264330.441    24.295     1.44    5.70
-264040.869    24.596     1.04    5.26
-263751.300    23.550    -3.61    5.90
-263461.733    21.601    -6.73    6.69
-263172.170    20.519    -3.73    7.41
-262882.609    18.812    -5.90    7.67
-262593.051    17.262    -5.35    7.48
-262303.496    15.702    -5.39    6.01
-262013.944    14.722    -3.38    4.44
-261724.395    15.554     2.87    6.19
-261434.848    16.381     2.86    6.96
-261145.304    18.329     6.73    7.60
-260855.763    19.838     5.21    7.48
-260566.225    20.896     3.65    7.17
-260276.689    22.261     4.71    6.50
-259987.157    23.657     4.82    5.51
-259697.627    24.753     3.79    4.74
-259408.100    25.228     1.64    4.36
-259118.576    25.231     0.01    4.32
-258829.054    24.761    -1.62    4.36
-258539.536    24.906     0.50    4.95
-258250.020    25.576     2.31    5.90
-257960.507    25.431    -0.50    6.07
-257670.997    24.886    -1.88    5.98
-257381.489    23.363    -5.26    5.16
-257091.985    21.762    -5.53    4.10
-256802.483    21.157    -2.09    3.78
-256512.984    20.889    -0.93    4.21
-256223.487    20.416    -1.63    3.85
-255933.994    20.212    -0.70    4.36
-255644.503    19.946    -0.92    3.65
-255355.015    19.716    -0.79    3.43
-255065.530    19.412    -1.05    2.39
-254776.048    19.698     0.99    2.91
-254486.568    19.861     0.56    3.30
-254197.091    20.046     0.64    3.58
-253907.617    20.462     1.44    3.87
-253618.146    20.330    -0.46    3.85
-253328.677    20.864     1.85    4.92
-253039.212    20.363    -1.73    5.47
-252749.749    19.804    -1.93    5.94
-252460.288    19.667    -0.47    6.60
-252170.831    18.744    -3.19    7.14
-251881.376    17.623    -3.87    7.42
-251591.924    17.416    -0.71    7.99
-251302.475    16.554    -2.98    8.26
-251013.029    15.329    -4.23    7.74
-250723.585    13.812    -5.24    6.34
-250434.144    13.037    -2.68    4.50
-250144.706    12.812    -0.77    3.53
-249855.271    13.079     0.92    3.46
-249565.838    13.837     2.62    3.69
-249276.408    14.640     2.77    3.86
-248986.981    15.312     2.32    3.99
-248697.557    15.821     1.76    4.08
-248408.135    16.347     1.82    3.98
-248118.717    16.496     0.51    4.01
-247829.300    16.546     0.17    4.06
-247539.887    16.667     0.42    4.10
-247250.476    16.545    -0.42    4.07
-246961.069    16.446    -0.34    4.06
-246671.663    16.571     0.43    4.00
-246382.261    16.312    -0.89    3.86
-246092.861    16.493     0.62    3.76
-245803.465    16.364    -0.44    3.83
-245514.070    16.431     0.23    3.94
-245224.679    16.955     1.81    4.20
-244935.290    16.896    -0.21    4.23
-244645.904    17.246     1.21    4.58
-244356.521    17.312     0.23    4.88
-244067.141    17.448     0.47    5.11
-243777.763    17.723     0.95    5.27
-243488.388    17.482    -0.83    5.47
-243199.015    17.157    -1.12    5.73
-242909.646    16.657    -1.73    5.77
-242620.279    15.872    -2.71    5.66
-242330.915    14.640    -4.26    5.15
-242041.553    13.933    -2.44    4.55
-241752.195    13.847    -0.30    4.73
-241462.839    14.427     2.01    5.83
-241173.485    15.278     2.94    6.91
-240884.135    17.112     6.34    8.07
-240594.787    18.933     6.29    8.62
-240305.442    20.226     4.47    8.88
-240016.099    22.558     8.06    8.07
-239726.760    23.912     4.68    7.09
-239437.423    25.446     5.30    5.95
-239148.088    25.611     0.57    5.77
-238858.757    24.106    -5.20    6.77
-238569.428    22.629    -5.10    7.31
-238280.102    21.465    -4.02    7.58
-237990.778    18.796    -9.23    8.27
-237701.458    17.019    -6.14    8.16
-237412.139    14.024   -10.35    7.32
-237122.824    12.541    -5.13    6.49
-236833.511    10.829    -5.92    5.56
-236544.201     9.263    -5.41    3.59
-236254.894     8.429    -2.88    0.69
-235965.590    10.629     7.60    7.31
-235676.288    13.862    11.18   10.64
-235386.988    16.753     9.99   12.18
-235097.692    20.519    13.02   12.11
-234808.398    23.608    10.68   11.24
-234519.107    26.712    10.73    9.39
-234229.818    29.558     9.84    6.51
-233940.533    31.629     7.16    5.18
-233651.250    32.037     1.41    4.95
-233361.969    32.739     2.43    5.23
-233072.691    34.212     5.09    6.40
-232783.416    34.562     1.21    7.17
-232494.144    36.002     4.98    7.27
-232204.874    37.554     5.36    7.49
-231915.607    37.736     0.63    7.92
-231626.343    37.651    -0.29    8.05
-231337.081    37.651    -0.00    7.99
-231047.822    36.795    -2.96    7.92
-230758.566    37.485     2.38    7.18
-230469.312    36.847    -2.21    6.92
-230180.061    34.192    -9.18    7.97
-229890.813    33.050    -3.95    7.98
-229601.567    31.468    -5.47    7.42
-229312.324    31.037    -1.49    7.41
-229023.084    31.623     2.03    7.54
-228733.846    32.179     1.92    7.65
-228444.611    32.673     1.71    8.19
-228155.379    33.364     2.39    7.85
-227866.149    33.696     1.15    7.73
-227576.922    32.488    -4.18    8.10
-227287.698    32.761     0.94    8.64
-226998.476    33.262     1.73    8.78
-226709.257    34.462     4.15    9.05
-226420.040    34.393    -0.24    9.12
-226130.826    35.455     3.67    9.08
-225841.615    36.812     4.69    8.82
-225552.407    36.751    -0.21    8.72
-225263.201    36.968     0.75    8.37
-224973.998    38.029     3.67    7.66
-224684.797    38.881     2.95    7.46
-224395.599    41.363     8.58    5.26
-224106.404    41.944     2.01    4.17
-223817.211    41.129    -2.82    4.77
-223528.021    40.029    -3.80    6.49
-223238.834    39.067    -3.33    6.84
-222949.649    38.346    -2.49    7.40
-222660.467    38.259    -0.30    7.23
-222371.287    38.058    -0.69    6.96
-222082.111    38.192     0.46    7.50
-221792.936    38.378     0.64    7.43
-221503.765    38.211    -0.58    7.49
-221214.596    38.279     0.23    7.13
-220925.429    38.709     1.49    6.55
-220636.266    38.874     0.57    6.73
-220347.105    40.099     4.24    5.53
-220057.946    41.177     3.73    4.88
-219768.790    41.968     2.74    3.66
-219479.637    42.468     1.73    2.91
-219190.486    42.640     0.60    2.46
-218901.338    42.280    -1.24    2.78
-218612.193    41.584    -2.41    2.95
-218323.050    40.946    -2.21    2.84
-218033.910    40.505    -1.52    2.59
-217744.772    40.295    -0.73    2.69
-217455.637    40.177    -0.41    2.83
-217166.505    40.092    -0.29    2.59
-216877.375    40.149     0.20    2.48
-216588.248    40.450     1.04    2.40
-216299.124    40.058    -1.36    2.55
-216010.002    39.902    -0.54    2.54
-215720.882    39.729    -0.60    2.40
-215431.766    39.796     0.23    2.45
-215142.652    39.889     0.32    2.56
-214853.540    40.412     1.81    3.02
-214564.431    40.455     0.15    3.06
-214275.325    41.126     2.32    3.65
-213986.221    40.226    -3.11    3.30
-213697.120    40.346     0.41    3.41
-213408.021    39.821    -1.82    3.41
-213118.925    39.523    -1.03    3.36
-212829.832    39.796     0.94    3.34
-212540.741    39.152    -2.23    3.17
-212251.653    39.022    -0.45    3.03
-211962.567    39.429     1.41    3.26
-211673.484    39.280    -0.52    3.11
-211384.404    39.537     0.89    3.24
-211095.326    39.891     1.23    3.23
-210806.251    40.211     1.10    3.07
-210517.178    40.123    -0.30    2.85
-210228.108    39.017    -3.82    3.07
-209939.040    38.448    -1.97    3.21
-209649.975    38.830     1.32    3.71
-209360.913    39.002     0.60    3.78
-209071.853    39.088     0.30    3.75
-208782.796    39.575     1.68    3.89
-208493.741    40.037     1.60    3.62
-208204.689    40.363     1.13    3.01
-207915.639    40.830     1.61    2.90
-207626.592    41.225     1.37    2.70
-207337.548    41.361     0.47    2.54
-207048.506    41.512     0.52    2.41
-206759.467    41.346    -0.58    2.13
-206470.430    41.381     0.12    2.35
-206181.396    41.502     0.42    2.65
-205892.364    41.601     0.34    2.75
-205603.335    41.211    -1.35    3.34
-205314.308    41.446     0.81    3.34
-205025.284    40.916    -1.83    3.87
-204736.263    40.516    -1.38    4.14
-204447.244    40.225    -1.01    4.14
-204158.228    39.896    -1.14    4.28
-203869.214    39.771    -0.43    4.18
-203580.203    39.985     0.74    4.00
-203290.886    40.912     3.21    3.44
-203001.330    41.146     0.81    3.19
-202711.777    41.612     1.61    3.14
-202422.227    42.194     2.01    2.92
-202132.679    42.229     0.12    2.91
-201843.133    42.034    -0.67    3.06
-201553.590    41.558    -1.64    3.24
-201264.050    41.046    -1.77    3.36
-200974.512    40.778    -0.93    3.18
-200684.977    40.345    -1.49    3.08
-200395.444    40.196    -0.52    2.99
-200105.914    40.226     0.11    2.77
-199816.386    40.123    -0.36    2.67
-199526.861    39.973    -0.52    2.66
-199237.339    39.862    -0.38    2.68
-198947.819    39.796    -0.23    3.19
-198658.301    39.411    -1.33    3.75
-198368.786    39.330    -0.28    3.68
-198079.274    39.205    -0.43    3.50
-197789.764    38.696    -1.76    3.67
-197500.257    38.778     0.28    3.90
-197210.752    39.346     1.96    4.07
-196921.249    39.985     2.21    3.78
-196631.750    39.812    -0.60    3.86
-196342.252    39.916     0.36    3.70
-196052.758    40.002     0.30    3.02
-195763.265    39.853    -0.51    2.90
-195473.776    39.399    -1.57    2.85
-195184.289    38.770    -2.17    2.47
-194894.804    38.330    -1.52    2.24
-194605.322    38.346     0.05    2.09
-194315.842    38.264    -0.28    2.08
-194026.365    37.821    -1.53    3.14
-193736.890    36.329    -5.15    5.38
-193447.418    34.769    -5.39    6.26
-193157.949    32.226    -8.78    7.31
-192868.482    30.162    -7.13    7.67
-192579.017    29.712    -1.55    7.80
-192289.555    29.554    -0.55    7.95
-192000.096    29.716     0.56    7.78
-191710.639    31.396     5.80    7.84
-191421.184    32.687     4.46    7.68
-191131.732    34.200     5.22    7.19
-190842.283    35.211     3.49    6.64
-190552.835    35.662     1.56    5.93
-190263.391    34.692    -3.35    6.56
-189973.949    33.709    -3.40    7.38
-189684.509    32.812    -3.10    7.75
-189395.072    31.990    -2.84    7.76
-189105.638    31.942    -0.17    7.49
-188816.206    32.753     2.80    7.49
-188526.776    34.295     5.33    6.93
-188237.349    36.160     6.45    5.60
-187947.924    37.726     5.41    3.70
-187658.502    38.132     1.40    2.62
-187369.083    38.244     0.38    2.54
-187079.666    38.416     0.60    2.03
-186790.251    38.588     0.60    1.93
-186500.839    38.795     0.71    2.05
-186211.429    39.079     0.98    1.93
-185922.022    39.194     0.40    2.02
-185632.617    39.096    -0.34    2.19
-185343.215    38.997    -0.34    2.34
-185053.815    38.881    -0.40    2.87
-184764.418    38.829    -0.18    3.33
-184475.023    38.923     0.32    3.49
-184185.630    38.746    -0.61    3.61
-183896.240    38.955     0.72    3.85
-183606.853    39.226     0.94    3.80
-183317.468    39.588     1.25    3.30
-183028.085    39.940     1.21    2.49
-182738.705    40.029     0.31    2.68
-182449.328    40.192     0.56    2.68
-182159.953    39.896    -1.02    2.75
-181870.580    39.899     0.01    2.70
-181581.210    40.062     0.57    2.80
-181291.842    39.612    -1.56    3.15
-181002.477    39.346    -0.92    3.42
-180713.114    39.046    -1.04    3.39
-180423.753    38.657    -1.34    4.11
-180134.395    37.906    -2.60    4.69
-179845.040    37.916     0.04    4.38
-179555.687    37.968     0.18    4.40
-179266.336    36.929    -3.59    6.56
-178976.988    36.170    -2.63    7.84
-178687.642    35.537    -2.19    8.21
-178398.299    35.830     1.02    7.90
-178108.958    36.996     4.03    7.11
-177819.620    37.346     1.21    7.26
-177530.284    38.062     2.48    6.35
-177240.950    38.675     2.12    5.77
-176951.619    39.997     4.57    3.13
-176662.291    39.946    -0.18    2.72
-176372.964    40.058     0.39    2.46
-176083.641    38.829    -4.25    4.24
-175794.319    37.685    -3.95    6.13
-175505.000    36.571    -3.85    6.70
-175215.684    35.157    -4.89    7.35
-174926.370    33.450    -5.90    8.75
-174637.058    32.575    -3.03    9.14
-174347.749    31.278    -4.48    9.38
-174058.442    30.295    -3.40   10.96
-173769.138    29.364    -3.22   11.44
-173479.836    27.812    -5.36   11.83
-173190.537    26.812    -3.46   12.29
-172901.240    25.985    -2.86   12.14
-172611.945    24.380    -5.55   11.55
-172322.653    23.102    -4.42   11.54
-172033.363    22.968    -0.46   11.65
-171744.075    20.529    -8.43   11.74
-171454.790    18.646    -6.51   11.76
-171165.508    16.716    -6.67   10.60
-170876.228    15.402    -4.54    9.84
-170586.950    14.329    -3.71    9.30
-170297.674    12.891    -4.97    8.09
-170008.401    13.149     0.89    7.95
-169719.131    14.896     6.04    9.69
-169429.863    17.278     8.24   11.16
-169140.597    20.160     9.96   11.92
-168851.334    22.187     7.01   12.34
-168562.073    23.796     5.56   12.61
-168272.814    27.296    12.10   13.26
-167983.558    30.673    11.68   13.04
-167694.304    32.929     7.80   12.31
-167405.053    34.491     5.40   10.53
-167115.804    36.143     5.71    7.61
-166826.557    37.019     3.03    4.21
-166537.313    36.378    -2.22    3.95
-166248.071    36.092    -0.99    3.39
-165958.832    35.906    -0.64    3.23
-165669.595    35.968     0.21    3.18
-165380.360    35.856    -0.38    3.57
-165091.128    35.345    -1.77    4.48
-164801.898    33.601    -6.03    7.97
-164512.670    31.050    -8.82   10.88
-164223.445    27.709   -11.55   12.14
-163934.223    23.751   -13.69   12.81
-163645.002    20.706   -10.53   12.01
-163355.784    16.499   -14.55   10.68
-163066.569    14.246    -7.79    9.28
-162777.355    13.295    -3.29    7.87
-162488.145    12.726    -1.97    8.00
-162198.936    14.618     6.54   10.24
-161909.730    17.753    10.84   12.72
-161620.526    20.460     9.36   13.53
-161331.325    20.744     0.98   13.76
-161042.126    21.702     3.32   13.72
-160752.929    23.205     5.20   13.41
-160463.735    24.872     5.76   12.42
-160174.543    24.377    -1.71   12.71
-159885.353    25.414     3.59   12.90
-159596.166    26.862     5.01   12.66
-159306.981    28.032     4.04   12.03
-159017.799    29.719     5.84   11.63
-158728.619    29.804     0.29   11.01
-158439.441    27.312    -8.62   12.92
-158150.265    24.135   -10.99   13.29
-157861.092    21.611    -8.73   13.05
-157571.922    21.629     0.06   12.34
-157282.753    20.580    -3.63   12.04
-156993.587    20.716     0.47   12.06
-156704.423    19.479    -4.28   11.70
-156415.262    19.512     0.12   12.18
-156126.103    18.157    -4.69   11.48
-155836.946    18.209     0.18   11.82
-155547.792    18.160    -0.17   11.47
-155258.640    17.516    -2.23   11.02
-154969.490    19.571     7.11   12.05
-154680.343    21.041     5.09   12.57
-154391.198    22.402     4.71   12.85
-154102.055    24.821     8.37   12.40
-153812.915    24.830     0.03   13.12
-153523.777    25.247     1.44   13.63
-153234.642    24.002    -4.31   13.90
-152945.508    22.606    -4.83   13.66
-152656.377    20.916    -5.84   13.21
-152367.249    17.571   -11.57   12.53
-152078.122    15.496    -7.18   11.33
-151788.998    13.702    -6.20   10.79
-151499.877    16.596    10.01   12.81
-151210.757    19.874    11.34   14.04
-150921.640    22.830    10.22   14.60
-150632.525    25.462     9.11   13.98
-150343.413    27.397     6.69   13.01
-150054.303    30.346    10.20   10.24
-149765.195    31.067     2.49    8.79
-149476.090    28.502    -8.87    9.73
-149186.987    25.054   -11.93   11.18
-148897.886    20.762   -14.84   11.98
-148608.787    17.579   -11.01   11.60
-148319.691    16.071    -5.22   11.20
-148030.597    15.562    -1.76   11.81
-147741.505    18.172     9.03   12.94
-147452.416    20.245     7.17   13.25
-147163.329    23.262    10.44   12.68
-146874.244    25.596     8.07   11.26
-146585.162    27.346     6.05    8.94
-146296.082    26.505    -2.91    8.95
-146007.004    25.923    -2.02    8.50
-145717.929    25.485    -1.51    8.80
-145428.855    26.378     3.09    8.82
-145139.785    27.393     3.51    8.63
-144850.716    29.985     8.97    7.53
-144561.650    32.037     7.10    5.91
-144272.586    33.866     6.33    4.76
-143983.524    34.506     2.21    4.21
-143694.464    34.431    -0.26    4.28
-143405.407    34.679     0.86    4.17
-143116.352    34.416    -0.91    4.14
-142827.300    34.365    -0.18    4.17
-142538.249    34.279    -0.30    4.09
-142249.201    34.399     0.41    3.96
-141960.156    34.985     2.03    3.85
-141671.112    35.946     3.33    2.58
-141382.071    36.157     0.73    2.38
-141092.872    36.295     0.48    2.23
-140803.342    36.744     1.55    2.51
-140513.814    36.935     0.66    2.48
-140224.288    36.847    -0.31    2.79
-139934.765    36.571    -0.95    3.15
-139645.244    36.071    -1.73    3.78
-139355.725    35.554    -1.79    3.75
-139066.208    35.264    -1.00    3.79
-138776.694    34.211    -3.64    4.05
-138487.182    33.651    -1.93    3.41
-138197.672    33.734     0.28    3.67
-137908.165    33.812     0.27    3.77
-137618.659    34.096     0.98    3.87
-137329.157    33.712    -1.32    4.11
-137039.656    33.575    -0.48    4.19
-136750.158    33.295    -0.97    3.85
-136460.661    32.058    -4.27    4.39
-136171.168    31.277    -2.70    4.38
-135881.676    31.229    -0.17    4.58
-135592.187    31.001    -0.79    4.60
-135302.699    31.312     1.08    4.56
-135013.215    31.855     1.87    4.28
-134723.732    32.418     1.94    3.88
-134434.252    32.529     0.38    3.80
-134144.774    33.079     1.90    3.40
-133855.298    33.962     3.05    2.57
-133565.824    34.362     1.38    2.78
-133276.353    34.505     0.49    2.81
-132986.884    34.796     1.00    2.65
-132697.417    34.830     0.12    2.55
-132407.953    34.465    -1.26    3.36
-132118.490    34.312    -0.53    3.27
-131829.030    33.899    -1.43    4.11
-131539.572    33.933     0.12    4.22
-131250.117    33.927    -0.02    3.66
-130960.663    34.146     0.76    3.53
-130671.212    34.380     0.81    3.51
-130381.763    34.596     0.74    3.50
-130092.317    35.088     1.70    3.06
-129802.872    35.611     1.80    2.38
-129513.430    35.771     0.56    1.98
-129223.990    35.929     0.54    1.95
-128934.552    36.017     0.30    2.08
-128645.117    35.839    -0.62    1.93
-128355.684    35.468    -1.28    2.32
-128066.253    35.778     1.07    2.39
-127776.824    36.416     2.20    2.46
-127487.397    36.690     0.95    2.54
-127197.973    36.675    -0.05    2.57
-126908.551    36.363    -1.08    3.05
-126619.131    35.402    -3.32    4.17
-126329.713    32.446   -10.21    6.44
-126040.298    30.458    -6.87    6.75
-125750.884    28.054    -8.31    6.25
-125461.473    26.546    -5.21    5.68
-125172.064    26.364    -0.63    5.31
-124882.658    25.985    -1.31    5.29
-124593.253    26.946     3.32    6.04
-124303.851    28.143     4.14    6.05
-124014.451    29.651     5.21    5.89
-123725.053    30.259     2.10    6.12
-123435.658    31.512     4.33    5.97
-123146.264    32.049     1.86    5.65
-122856.873    32.877     2.86    4.75
-122567.484    33.179     1.04    4.04
-122278.097    33.846     2.30    3.49
-121988.713    34.381     1.85    2.76
-121699.330    34.384     0.01    2.62
-121409.950    34.476     0.32    2.54
-121120.572    34.702     0.78    2.36
-120831.196    34.952     0.86    1.92
-120541.823    35.279     1.13    1.92
-120252.451    35.062    -0.75    1.93
-119963.082    34.979    -0.29    1.84
-119673.715    35.054     0.26    1.60
-119384.350    35.079     0.09    1.59
-119094.988    35.007    -0.25    1.61
-118805.627    35.312     1.05    1.85
-118516.269    35.209    -0.36    1.86
-118226.913    35.192    -0.06    2.01
-117937.559    34.804    -1.34    2.65
-117648.207    34.433    -1.28    3.35
-117358.857    33.846    -2.03    3.69
-117069.510    33.312    -1.84    3.89
-116780.165    32.516    -2.75    4.33
-116490.822    32.362    -0.53    4.61
-116201.481    32.029    -1.15    4.49
-115912.142    31.427    -2.08    4.49
-115622.806    31.646     0.76    3.96
-115333.471    31.933     0.99    3.38
-115044.139    31.143    -2.73    4.04
-114754.809    30.729    -1.43    4.56
-114465.481    29.712    -3.51    5.28
-114176.156    28.071    -5.67    6.69
-113886.832    26.075    -6.90    8.44
-113597.511    25.821    -0.88    8.66
-113308.191    25.746    -0.26    8.95
-113018.874    26.579     2.88    8.87
-112729.559    26.209    -1.28    8.73
-112440.247    24.579    -5.63    9.65
-112150.936    24.929     1.21    9.47
-111861.628    25.990     3.67    8.82
-111572.321    27.312     4.57    7.96
-111283.017    28.499     4.10    7.12
-110993.715    27.812    -2.37    7.88
-110704.416    25.944    -6.46    9.79
-110415.118    22.762   -11.00   11.72
-110125.822    18.037   -16.34   12.60
-109836.529    15.411    -9.08   11.99
-109547.238    13.779    -5.64   11.48
-109257.949    12.657    -3.88   11.01
-108968.662    15.209     8.82   12.13
-108679.377    19.593    15.16   12.60
-108390.094    22.526    10.14   11.73
-108100.814    25.946    11.82    9.70
-107811.535    28.444     8.63    7.17
-107522.259    27.753    -2.39    8.12
-107232.985    27.134    -2.14    8.66
-106943.713    26.346    -2.72    9.59
-106654.443    25.761    -2.02    9.80
-106365.175    25.181    -2.00   10.31
-106075.909    24.709    -1.63   10.45
-105786.646    26.071     4.71    9.56
-105497.385    26.864     2.74    8.39
-105208.125    27.864     3.46    7.02
-104918.868    28.952     3.76    5.43
-104629.613    29.726     2.68    4.89
-104340.360    30.596     3.01    4.25
-104051.110    31.205     2.11    3.84
-103761.861    31.024    -0.63    4.24
-103472.614    29.087    -6.70    6.41
-103183.370    27.362    -5.96    8.10
-102894.128    24.985    -8.22    8.74
-102604.887    22.576    -8.33    9.08
-102315.649    21.864    -2.46    8.77
-102026.413    22.330     1.61    8.66
-101737.180    23.429     3.80    8.62
-101447.948    25.017     5.49    8.46
-101158.718    27.037     6.98    7.59
-100869.491    29.129     7.23    6.09
-100580.265    29.979     2.94    3.85
-100291.042    29.962    -0.06    3.99
-100001.821    29.923    -0.14    4.70
 -99712.601    29.736    -0.64    4.99
 -99423.384    29.702    -0.12    5.09
 -99134.169    30.046     1.19    5.00
 -98844.957    30.279     0.81    5.01
 -98555.746    30.812     1.84    5.26
 -98266.537    31.646     2.88    4.93
 -97977.331    32.629     3.40    4.44
 -97688.126    33.102     1.63    4.24
 -97398.924    33.838     2.54    3.77
 -97109.723    34.433     2.06    3.72
 -96820.525    35.412     3.39    3.81
 -96531.329    36.146     2.54    3.73
 -96242.135    36.957     2.80    4.03
 -95952.943    38.037     3.73    4.51
 -95663.753    39.400     4.72    3.98
 -95374.565    39.886     1.68    3.82
 -95085.380    40.779     3.09    3.69
 -94796.196    40.575    -0.71    3.84
 -94507.015    39.889    -2.37    3.93
 -94217.835    39.347    -1.87    4.50
 -93928.658    38.996    -1.21    4.35
 -93639.482    39.140     0.50    4.25
 -93350.309    39.050    -0.31    4.28
 -93061.138    38.744    -1.06    4.28
 -92771.969    39.606     2.98    4.10
 -92482.802    39.899     1.01    3.70
 -92193.637    39.499    -1.38    3.80
 -91904.474    39.429    -0.24    4.33
 -91615.313    38.709    -2.49    4.55
 -91326.154    37.862    -2.93    4.88
 -91036.997    37.205    -2.27    5.04
 -90747.843    36.847    -1.24    5.29
 -90458.690    36.214    -2.19    5.22
 -90169.539    35.770    -1.54    4.48
 -89880.391    36.496     2.51    4.47
 -89591.244    36.652     0.54    4.61
 -89302.100    37.416     2.64    5.01
 -89012.958    37.446     0.10    4.52
 -88723.817    37.062    -1.33    4.37
 -88434.679    37.022    -0.14    4.03
 -88145.543    36.985    -0.13    4.08
 -87856.409    36.212    -2.67    3.93
 -87567.276    35.505    -2.45    3.40
 -87278.146    34.640    -2.99    2.61
 -86989.018    34.296    -1.19    2.81
 -86699.892    34.007    -1.00    2.96
 -86410.768    33.126    -3.05    2.84
 -86121.646    32.646    -1.66    2.57
 -85832.527    32.412    -0.81    2.86
 -85543.409    31.571    -2.91    3.01
 -85254.293    31.509    -0.21    3.37
 -84965.179    30.829    -2.35    3.53
 -84676.067    30.207    -2.15    3.74
 -84386.958    29.940    -0.93    3.86
 -84097.850    30.330     1.35    3.98
 -83808.744    30.646     1.09    3.77
 -83519.641    30.973     1.13    3.40
 -83230.539    31.414     1.52    3.14
 -82941.440    31.726     1.08    2.93
 -82652.342    32.084     1.24    2.68
 -82363.247    32.512     1.48    2.53
 -82074.153    32.746     0.81    2.75
 -81785.062    33.361     2.13    2.89
 -81495.972    34.295     3.23    2.63
 -81206.885    34.502     0.72    2.72
 -80917.799    34.533     0.11    3.06
 -80628.716    34.588     0.19    3.19
 -80339.634    34.231    -1.24    3.38
 -80050.555    34.002    -0.79    3.95
 -79761.478    33.433    -1.97    4.14
 -79472.402    33.364    -0.24    4.22
 -79183.329    32.929    -1.51    4.25
 -78894.218    32.762    -0.58    4.19
 -78604.715    32.381    -1.32    4.29
 -78315.214    32.279    -0.35    4.33
 -78025.715    32.545     0.92    3.56
 -77736.218    32.468    -0.27    3.39
 -77446.723    32.896     1.48    2.89
 -77157.231    33.516     2.14    2.97
 -76867.740    32.962    -1.91    3.56
 -76578.251    32.848    -0.39    3.70
 -76288.764    32.465    -1.32    4.17
 -75999.279    32.380    -0.29    4.31
 -75709.796    32.198    -0.63    4.37
 -75420.315    32.054    -0.50    4.53
 -75130.836    32.381     1.13    4.05
 -74841.359    33.662     4.43    3.18
 -74551.884    33.991     1.14    2.97
 -74262.411    34.460     1.62    2.73
 -73972.940    34.668     0.72    2.12
 -73683.471    34.662    -0.02    2.07
 -73394.004    34.795     0.46    1.92
 -73104.539    34.628    -0.58    2.01
 -72815.076    34.448    -0.62    2.19
 -72525.615    34.381    -0.23    1.97
 -72236.156    34.001    -1.31    1.64
 -71946.699    33.996    -0.02    1.64
 -71657.244    34.045     0.17    1.53
 -71367.790    34.088     0.15    1.50
 -71078.339    34.140     0.18    1.37
 -70788.890    34.198     0.20    1.42
 -70499.443    34.364     0.58    1.34
 -70209.998    34.502     0.48    1.28
 -69920.555    34.571     0.24    1.32
 -69631.113    34.663     0.32    1.33
 -69341.674    34.935     0.94    1.37
 -69052.237    35.229     1.01    1.48
 -68762.801    35.296     0.23    1.34
 -68473.368    35.084    -0.73    1.57
 -68183.936    35.157     0.25    1.71
 -67894.507    35.179     0.08    1.81
 -67605.079    35.245     0.23    1.92
 -67315.654    34.996    -0.86    1.88
 -67026.230    34.962    -0.12    1.86
 -66736.809    35.209     0.85    1.83
 -66447.389    35.261     0.18    1.84
 -66157.971    35.262     0.00    1.92
 -65868.556    35.143    -0.41    1.80
 -65579.142    35.071    -0.25    2.07
 -65289.730    34.753    -1.10    2.04
 -65000.320    34.172    -2.01    1.92
 -64710.912    34.129    -0.15    1.97
 -64421.506    33.896    -0.81    1.99
 -64132.102    33.512    -1.32    2.12
 -63842.700    33.079    -1.50    2.05
 -63553.300    32.944    -0.47    2.08
 -63263.902    33.007     0.22    2.04
 -62974.505    32.968    -0.14    2.20
 -62685.111    32.862    -0.36    2.24
 -62395.719    32.509    -1.22    3.35
 -62106.328    32.242    -0.92    4.16
 -61816.940    32.296     0.18    4.68
 -61527.553    32.009    -0.99    4.72
 -61238.169    30.135    -6.48    6.16
 -60948.786    29.462    -2.32    6.29
 -60659.405    28.679    -2.71    6.56
 -60370.026    28.899     0.76    7.32
 -60080.649    28.933     0.12    7.60
 -59791.274    29.533     2.07    7.43
 -59501.901    29.499    -0.12    8.29
 -59212.530    30.296     2.76    8.45
 -58923.161    30.126    -0.59    9.06
 -58633.794    29.537    -2.04    8.96
 -58344.428    29.106    -1.49    8.94
 -58055.065    27.916    -4.11    8.64
 -57765.703    27.411    -1.75    8.16
 -57476.344    28.295     3.06    6.94
 -57186.986    28.192    -0.36    5.43
 -56897.630    28.019    -0.60    4.89
 -56608.276    28.957     3.24    4.78
 -56318.924    28.746    -0.73    4.90
 -56029.574    29.157     1.42    4.66
 -55740.226    29.346     0.65    4.27
 -55450.880    29.402     0.19    4.16
 -55161.536    29.830     1.48    4.01
 -54872.193    30.262     1.50    3.95
 -54582.853    30.245    -0.06    3.59
 -54293.514    30.493     0.86    4.16
 -54004.178    30.134    -1.24    4.52
 -53714.843    30.002    -0.46    4.77
 -53425.510    29.140    -2.98    5.10
 -53136.179    29.079    -0.21    5.21
 -52846.850    28.214    -2.99    5.35
 -52557.523    26.795    -4.90    6.83
 -52268.197    24.412    -8.24    8.01
 -51978.874    22.106    -7.97    8.27
 -51689.552    20.496    -5.56    8.65
 -51400.233    19.829    -2.30    8.54
 -51110.915    18.889    -3.25    8.29
 -50821.599    17.962    -3.20    7.93
 -50532.285    17.123    -2.90    8.10
 -50242.973    16.448    -2.33    8.31
 -49953.663    15.416    -3.57    9.06
 -49664.355    15.247    -0.58    8.86
 -49375.048    11.946   -11.41    8.91
 -49085.744     9.593    -8.13    8.39
 -48796.441     8.448    -3.96    8.58
 -48507.140     5.399   -10.54    6.98
 -48217.841     3.946    -5.02    5.76
 -47928.544     2.362    -5.47    3.10
 -47639.249     1.855    -1.75    2.29
 -47349.956     2.761     3.13    4.45
 -47060.664     3.435     2.33    5.08
 -46771.375     3.673     0.82    5.07
 -46482.087     3.129    -1.88    3.88
 -46192.801     3.554     1.47    4.23
 -45903.517     3.450    -0.36    4.21
 -45614.235     3.123    -1.13    3.75
 -45324.955     2.635    -1.69    3.36
 -45035.677     2.278    -1.23    2.36
 -44746.400     2.673     1.37    2.97
 -44457.126     2.778     0.36    3.11
 -44167.853     2.761    -0.06    3.08
 -43878.582     2.640    -0.42    2.99
 -43589.313     2.465    -0.61    2.87
 -43300.046     1.729    -2.54    1.79
 -43010.780     1.744     0.05    2.06
 -42721.517     2.262     1.79    2.65
 -42432.255     4.187     6.65    5.29
 -42142.995     6.037     6.39    6.41
 -41853.738     9.879    13.28    8.43
 -41564.481    12.896    10.43    8.19
 -41275.227    16.214    11.47    7.80
 -40985.975    18.812     8.98    7.27
 -40696.724    20.726     6.62    6.56
 -40407.475    22.071     4.65    6.62
 -40118.229    23.096     3.54    6.42
 -39828.984    22.591    -1.74    6.95
 -39539.740    22.881     1.00    6.75
 -39250.499    23.179     1.03    6.67
 -38961.259    24.225     3.62    6.18
 -38672.022    23.935    -1.00    6.12
 -38382.786    23.635    -1.04    6.17
 -38093.552    22.804    -2.87    6.81
 -37804.320    22.787    -0.06    7.41
 -37515.089    22.804     0.06    7.28
 -37225.861    23.062     0.89    7.19
 -36936.634    24.123     3.67    7.31
 -36647.409    25.116     3.43    7.06
 -36358.186    26.646     5.29    6.75
 -36068.965    28.769     7.34    5.16
 -35779.745    29.923     3.99    4.21
 -35490.528    31.054     3.91    3.73
 -35201.312    30.179    -3.02    4.48
 -34912.098    29.482    -2.41    5.74
 -34622.886    28.957    -1.82    6.33
 -34333.676    27.830    -3.90    6.42
 -34044.467    27.383    -1.55    6.68
 -33755.260    27.345    -0.13    6.54
 -33466.055    26.412    -3.23    6.34
 -33176.852    24.804    -5.56    6.65
 -32887.651    22.399    -8.32    8.11
 -32598.452    19.416   -10.31    9.32
 -32309.254    17.846    -5.43    9.60
 -32020.058    17.037    -2.80    8.89
 -31730.864    17.214     0.61    9.05
 -31441.672    18.364     3.98    9.31
 -31152.481    21.140     9.60    8.67
 -30863.293    23.640     8.64    7.19
 -30574.106    25.261     5.60    6.02
 -30284.921    26.846     5.48    5.61
 -29995.737    28.347     5.19    4.38
 -29706.556    28.596     0.86    4.10
 -29417.376    29.295     2.42    3.80
 -29128.198    28.830    -1.61    4.07
 -28839.022    27.017    -6.27    5.29
 -28549.848    26.482    -1.85    5.07
 -28260.676    24.996    -5.14    5.28
 -27971.505    23.973    -3.54    5.21
 -27682.336    23.692    -0.97    5.48
 -27393.169    23.729     0.13    6.14
 -27104.003    25.179     5.01    6.81
 -26814.840    26.764     5.48    7.41
 -26525.678    27.519     2.61    7.59
 -26236.518    28.229     2.45    7.82
 -25947.360    28.979     2.59    7.68
 -25658.203    27.657    -4.57    8.38
 -25369.048    25.906    -6.06    9.10
 -25079.896    23.855    -7.09    9.56
 -24790.744    20.957   -10.02    8.95
 -24501.595    18.640    -8.01    7.32
 -24212.447    17.379    -4.36    6.47
 -23923.302    16.537    -2.91    5.68
 -23634.157    16.149    -1.34    5.41
 -23345.015    15.862    -0.99    4.92
 -23055.875    15.541    -1.11    4.24
 -22766.736    15.533    -0.03    3.24
 -22477.599    15.399    -0.46    3.06
 -22188.464    15.796     1.37    3.77
 -21899.330    16.950     3.99    4.54
 -21610.198    17.058     0.37    4.82
 -21321.068    17.847     2.73    4.98
 -21031.940    18.698     2.95    4.53
 -20742.814    19.279     2.01    4.70
 -20453.689    19.012    -0.92    5.00
 -20164.566    18.542    -1.63    5.25
 -19875.445    17.657    -3.06    4.89
 -19586.325    17.002    -2.27    4.82
 -19297.208    15.629    -4.75    4.20
 -19008.092    14.502    -3.90    4.21
 -18718.977    13.575    -3.21    4.51
 -18429.865    12.709    -2.99    4.89
 -18140.754    11.726    -3.40    4.86
 -17851.645    11.175    -1.91    5.19
 -17562.538    10.847    -1.13    5.46
 -17273.432    10.796    -0.18    5.57
 -16984.329    10.623    -0.60    5.64
 -16695.227    10.496    -0.44    5.40
 -16405.805    10.384    -0.39    5.43
 -16116.331    11.106     2.49    5.33
 -15826.859    11.722     2.13    5.11
 -15537.389    13.126     4.85    5.14
 -15247.920    14.129     3.47    4.63
 -14958.453    14.973     2.92    4.09
 -14668.988    16.106     3.91    3.58
 -14379.525    17.046     3.25    3.78
 -14090.063    17.862     2.82    3.64
 -13800.603    18.329     1.61    3.70
 -13511.145    18.502     0.60    3.59
 -13221.688    19.296     2.74    3.19
 -12932.233    19.576     0.97    2.73
 -12642.780    19.526    -0.17    2.67
 -12353.329    18.990    -1.85    3.24
 -12063.879    18.143    -2.93    3.70
 -11774.432    16.940    -4.16    3.64
 -11484.985    16.019    -3.18    3.67
 -11195.541    15.262    -2.62    3.44
 -10906.098    14.397    -2.99    3.09
 -10616.657    14.083    -1.09    2.97
 -10327.218    13.923    -0.55    2.79
 -10037.780    14.348     1.47    2.98
  -9748.344    14.431     0.29    3.04
  -9458.910    13.916    -1.78    3.61
  -9169.478    13.083    -2.88    4.05
  -8880.047    12.194    -3.07    4.08
  -8590.618    10.940    -4.33    4.17
  -8301.191     9.692    -4.31    3.62
  -8011.765     8.223    -5.07    2.01
  -7722.341     8.179    -0.15    2.31
  -7432.919     8.601     1.46    3.22
  -7143.498     8.935     1.16    3.67
  -6854.079    10.485     5.35    5.70
  -6564.662    10.812     1.13    5.68
  -6275.247    10.716    -0.33    5.75
  -5985.833    11.109     1.36    6.06
  -5696.421    11.246     0.47    6.04
  -5407.011    11.137    -0.38    6.09
  -5117.602    10.261    -3.03    5.26
  -4828.195     8.468    -6.20    5.07
  -4538.790     6.864    -5.54    5.62
  -4249.386     6.050    -2.81    6.46
  -3959.984     4.347    -5.89    6.19
  -3670.584     2.177    -7.50    5.05
  -3381.185     0.795    -4.78    3.72
  -3091.788    -0.281    -3.72    2.22
  -2802.393    -0.688    -1.41    0.00
  -2513.000    -0.688     0.00    0.00
  -2223.608    -0.688     0.00    0.00
  -1934.218    -0.688     0.00    0.00
  -1644.829    -0.481     0.71    0.69
  -1355.442     0.397     3.03    2.07
  -1066.057     1.567     4.04    3.22
   -776.674     3.087     5.25    4.10
   -487.292     4.652     5.41    4.42
   -197.912     6.496     6.37    4.38
     91.467     7.927     4.94    4.40
    380.843     8.216     1.00    4.86
    670.219     8.246     0.10    5.47
    959.592     7.429    -2.82    6.09
   1248.964     6.381    -3.62    6.33
   1538.334     5.062    -4.56    5.62
   1827.702     4.579    -1.67    5.34
   2117.069     3.601    -3.38    4.54
   2406.434     2.788    -2.81    4.00
   2695.798     2.058    -2.52    3.72
   2985.160     1.812    -0.85    3.77
   3274.520     1.397    -1.44    3.35
   3563.879     2.002     2.09    4.45
   3853.236     3.379     4.76    6.50
   4142.591     4.584     4.16    7.10
   4431.944     6.278     5.86    7.23
   4721.296     6.709     1.49    6.98
   5010.647     6.675    -0.12    6.87
   5299.995     6.280    -1.36    6.65
   5589.342     6.485     0.71    7.53
   5878.688     5.787    -2.41    8.12
   6168.031     4.968    -2.83    8.73
   6457.374     3.744    -4.23    8.39
   6746.714     2.231    -5.23    7.21
   7036.053     0.979    -4.32    5.76
   7325.390    -0.238    -4.21    2.65
   7614.726    -0.688    -1.56    0.00
   7904.060    -0.688     0.00    0.00
   8193.392    -0.688     0.00    0.00
   8482.723    -0.688     0.00    0.00
   8772.052    -0.688     0.00    0.00
   9061.379    -0.688     0.00    0.00
   9350.705    -0.688     0.00    0.00
   9640.029    -0.688     0.00    0.00
   9929.351    -0.688     0.00    0.00
  10218.672    -0.688     0.00    0.00
  10507.992    -0.688     0.00    0.00
  10797.309    -0.688     0.00    0.00
  11086.625    -0.688     0.00    0.00
  11375.940    -0.688     0.00    0.00
  11665.253    -0.688     0.00    0.00
  11954.564    -0.688     0.00    0.00
  12243.873    -0.524     0.57    0.92
  12533.181     0.383     3.13    4.54
  12822.488     2.679     7.94    9.85
  13111.793     6.054    11.66   14.31
  13401.096     9.493    11.89   17.42
  13690.397    12.729    11.19   20.12
  13979.697    17.037    14.89   21.82
  14268.995    20.209    10.97   23.50
  14558.292    21.830     5.60   23.06
  14847.587    24.796    10.25   23.80
  15136.881    25.651     2.96   24.34
  15426.173    26.446     2.75   23.19
  15715.463    24.968    -5.11   20.82
  16004.752    25.027     0.20   19.20
  16294.039    27.312     7.90   19.26
  16583.324    31.537    14.60   18.85
  16872.608    32.779     4.30   17.48
  17161.891    35.379     8.99   16.84
  17451.171    40.709    18.42   17.92
  17740.451    44.502    13.11   17.65
  18029.728    48.709    14.54   19.96
  18319.004    50.280     5.43   18.93
  18608.279    53.295    10.42   18.51
  18897.551    55.990     9.32   17.62
  19186.823    56.812     2.84   18.09
  19476.092    59.312     8.64   16.95
  19765.360    63.635    14.94   16.57
  20054.627    64.196     1.94   15.96
  20343.892    64.853     2.27   15.34
  20633.155    63.049    -6.24   16.75
  20922.417    61.433    -5.59   18.04
  21211.677    55.246   -21.39   18.70
  21500.936    53.058    -7.56   18.63
  21790.193    50.896    -7.48   17.59
  22079.448    46.468   -15.31   16.63
  22368.702    44.157    -7.99   16.86
  22657.955    42.997    -4.01   16.12
  22947.205    45.312     8.01   16.16
  23236.455    47.935     9.07   13.48
  23525.702    48.330     1.36   13.52
  23814.948    52.246    13.54   16.50
  24104.193    56.698    15.39   17.94
  24393.436    60.923    14.60   17.16
  24682.677    64.796    13.39   15.86
  24971.917    63.879    -3.17   16.07
  25261.155    61.796    -7.20   16.56
  25550.392    59.769    -7.01   16.91
  25839.627    55.228   -15.70   17.17
  26128.861    50.916   -14.91   15.26
  26418.093    49.476    -4.98   14.09
  26707.323    50.116     2.21   14.23
  26996.552    49.944    -0.59   15.19
  27285.780    51.889     6.72   16.26
  27575.006    57.027    17.76   17.09
  27864.230    59.667     9.13   15.70
  28153.453    59.046    -2.15   15.34
  28442.674    58.979    -0.23   15.28
  28731.894    55.881   -10.71   15.33
  29021.112    50.751   -17.74   15.30
  29310.329    46.041   -16.28   13.51
  29599.544    43.262    -9.61   11.64
  29888.757    44.361     3.80   14.64
  30177.969    51.519    24.75   20.79
  30467.180    57.778    21.64   24.06
  30756.389    63.623    20.21   22.17
  31045.596    71.312    26.59   18.91
  31334.802    73.165     6.41   18.22
  31624.007    74.933     6.11   18.44
  31913.209    76.140     4.17   17.53
  32202.411    77.123     3.40   17.04
  32491.611    76.709    -1.43   16.91
  32780.809    76.562    -0.51   17.12
  33070.006    74.929    -5.65   16.72
  33359.201    73.529    -4.84   16.69
  33648.395    72.137    -4.81   16.92
  33937.587    68.175   -13.70   14.96
  34226.777    65.779    -8.28   15.58
  34515.967    61.584   -14.51   17.28
  34805.154    56.046   -19.15   17.01
  35094.340    51.616   -15.32   16.11
  35383.525    49.330    -7.91   15.24
  35672.708    50.312     3.40   15.50
  35961.890    52.753     8.44   15.55
  36251.070    56.668    13.54   17.43
  36540.248    61.157    15.52   16.71
  36829.426    66.228    17.53   15.33
  37118.601    65.172    -3.65   14.30
  37407.775    65.129    -0.15   14.82
  37696.948    63.512    -5.59   14.20
  37986.119    63.245    -0.93   14.41
  38275.288    67.096    13.32   18.37
  38564.457    69.312     7.67   18.83
  38853.623    74.228    17.00   16.74
  39142.788    75.847     5.60   16.23
  39431.952    74.346    -5.19   17.76
  39721.114    69.132   -18.03   18.62
  40010.275    62.049   -24.49   16.85
  40299.434    56.612   -18.80   15.81
  40588.591    49.295   -25.31   10.66
  40877.747    43.474   -20.13   12.10
  41166.902    39.562   -13.53   12.33
  41456.055    36.363   -11.06   11.57
  41745.207    34.157    -7.63   11.36
  42034.357    33.468    -2.39   11.69
  42323.506    35.262     6.20   11.45
  42612.653    36.584     4.57   11.45
  42901.799    39.264     9.27   11.46
  43190.943    41.211     6.73   11.79
  43480.086    41.580     1.28   12.21
  43769.227    43.380     6.23   13.37
  44058.367    44.675     4.48   12.84
  44347.506    46.427     6.06   14.15
  44636.643    50.450    13.91   17.38
  44925.778    53.761    11.45   18.96
  45214.912    55.519     6.08   17.84
  45504.045    58.416    10.02   14.94
  45793.373    58.996     2.00   13.84
  46082.820    62.019    10.45   12.96
  46372.265    63.946     6.66   12.88
  46661.709    65.437     5.15   13.10
  46951.151    67.933     8.62   14.29
  47240.592    73.562    19.45   13.99
  47530.032    77.041    12.02   14.41
  47819.469    80.855    13.18   15.20
  48108.906    81.955     3.80   16.24
  48398.341    81.106    -2.94   15.75
  48687.774    81.296     0.66   16.44
  48977.207    81.499     0.70   16.99
  49266.637    79.796    -5.88   17.25
  49556.066    78.571    -4.23   16.61
  49845.494    79.838     4.38   18.43
  50134.920    82.505     9.22   18.00
  50424.345    85.129     9.07   19.15
  50713.769    86.181     3.64   19.13
  51003.191    84.795    -4.79   20.73
  51292.611    84.462    -1.15   19.92
  51582.030    84.618     0.54   19.45
  51871.448    83.990    -2.17   18.58
  52160.864    88.262    14.76   19.80
  52450.279    91.550    11.36   21.38
  52739.692    98.262    23.19   21.08
  53029.104   105.067    23.51   17.63
  53318.514   109.112    13.98   15.11
  53607.923   113.899    16.54   11.57
  53897.331   116.181     7.89   10.32
  54186.737   118.229     7.08   10.12
  54476.142   118.537     1.06   10.16
  54765.545   117.916    -2.14   11.64
  55054.947   119.812     6.55   11.18
  55344.347   119.870     0.20   11.53
  55633.746   118.612    -4.34   12.48
  55923.144   115.929    -9.27   13.86
  56212.540   112.623   -11.42   15.01
  56501.934   111.402    -4.22   15.43
  56791.328   108.979    -8.37   17.15
  57080.720   104.381   -15.89   17.62
  57370.110    98.529   -20.22   17.33
  57659.499    92.872   -19.55   16.18
  57948.887    87.502   -18.56   16.50
  58238.273    84.450   -10.55   14.91
  58527.658    86.726     7.86   16.94
  58817.041    88.280     5.37   18.61
  59106.423    91.537    11.25   19.73
  59395.804    95.329    13.11   18.35
  59685.183    99.088    12.99   16.20
  59974.560   102.260    10.96   15.47
  60263.937    98.974   -11.36   16.52
  60553.312    95.379   -12.42   16.48
  60842.685    91.846   -12.21   16.41
  61132.057    90.312    -5.30   15.78
  61421.428    92.588     7.86   15.69
  61710.797    96.162    12.35   15.69
  62000.165    98.075     6.61   15.16
  62289.532   100.962     9.98   13.05
  62578.897   102.433     5.08   10.71
  62868.261    98.330   -14.18   12.62
  63157.623    94.741   -12.40   14.45
  63446.984    88.746   -20.72   15.11
  63736.344    82.296   -22.29   13.22
  64025.702    78.657   -12.58   11.58
  64315.059    71.668   -24.15   10.07
  64604.414    69.485    -7.55    9.46
  64893.768    68.629    -2.96   12.66
  65183.121    74.279    19.53   19.88
  65472.472    82.362    27.94   24.07
  65761.822    88.879    22.52   25.81
  66051.170    95.071    21.40   26.28
  66340.518   103.957    30.71   23.01
  66629.863   111.812    27.15   18.58
  66919.208   114.460     9.15   16.26
  67208.551   113.067    -4.82   16.04
  67497.892   111.437    -5.63   15.31
  67787.232   104.985   -22.30   18.25
  68076.571   100.366   -15.96   18.17
  68365.909    99.312    -3.64   16.83
  68655.245    96.753    -8.85   15.73
  68944.580    92.746   -13.85   15.82
  69233.913    88.916   -13.24   16.11
  69523.245    86.505    -8.33   17.15
  69812.576    81.618   -16.89   16.86
  70101.905    77.058   -15.76   14.38
  70391.233    73.329   -12.89   10.33
  70680.560    70.640    -9.29    8.64
  70969.885    68.812    -6.32    9.10
  71259.209    68.519    -1.01    8.63
  71548.531    68.830     1.07   10.35
  71837.853    68.198    -2.18   10.61
  72127.172    67.554    -2.23   10.26
  72416.491    66.623    -3.22   10.04
  72705.808    65.726    -3.10    9.89
  72995.124    64.019    -5.90   10.20
  73284.438    59.496   -15.64   12.69
  73573.751    54.175   -18.39   12.88
  73863.063    50.396   -13.06   12.22
  74152.373    46.812   -12.39   10.90
  74441.682    45.175    -5.66    9.98
  74730.990    46.712     5.32    9.35
  75020.296    48.584     6.47   10.06
  75309.601    49.411     2.86    9.76
  75598.905    50.670     4.35    7.91
  75888.207    50.192    -1.65    9.18
  76177.508    49.278    -3.16    9.57
  76466.808    48.012    -4.37    9.45
  76756.106    47.935    -0.27    9.83
  77045.403    48.295     1.24   10.90
  77334.699    52.946    16.08   15.44
  77623.993    55.226     7.88   18.28
  77913.286    58.296    10.61   21.06
  78202.578    64.829    22.58   22.68
  78491.869    67.245     8.35   21.84
  78781.158    71.396    14.35   20.02
  79070.445    73.761     8.17   18.38
  79359.732    74.940     4.07   16.45
  79649.017    75.916     3.37   14.08
  79938.301    75.262    -2.26   12.25
  80227.583    75.129    -0.46   11.37
  80516.864    76.705     5.45   14.59
  80806.144    79.448     9.48   15.41
  81095.422    84.640    17.95   17.62
  81384.700    87.479     9.81   17.80
  81673.976    90.312     9.79   18.06
  81963.250    93.562    11.23   16.12
  82252.523    97.192    12.55   14.50
  82541.795    98.365     4.06   14.20
  82831.066    99.509     3.96   13.42
  83120.335    94.579   -17.04   16.66
  83409.603    90.764   -13.19   16.55
  83698.870    87.329   -11.87   15.22
  83988.135    87.616     0.99   15.52
  84277.400    90.396     9.61   16.63
  84566.662    90.209    -0.65   17.35
  84855.924    90.706     1.72   17.53
  85145.184    94.330    12.53   17.89
  85434.443    96.812     8.58   18.33
  85723.701    99.657     9.83   16.86
  86012.957   101.433     6.14   16.41
  86302.212   102.903     5.08   16.60
  86591.466   105.175     7.85   15.38
  86880.719   108.512    11.54   14.59
  87169.970   110.866     8.14   12.22
  87459.220   108.296    -8.89   13.00
  87748.468   105.619    -9.25   14.11
  88037.716   102.646   -10.28   15.37
  88326.962    99.132   -12.15   15.27
  88616.207    95.997   -10.84   15.35
  88905.450    94.278    -5.94   15.39
  89194.692    93.567    -2.46   16.44
  89483.933    91.962    -5.55   16.56
  89773.173    90.746    -4.21   16.35
  90062.411    87.657   -10.68   13.89
  90351.649    87.177    -1.66   13.64
  90640.884    86.205    -3.36   13.97
  90930.119    87.729     5.27   15.53
  91219.352    86.296    -4.96   16.06
  91508.584    86.692     1.37   16.36
  91797.815    85.211    -5.12   17.43
  92087.045    83.679    -5.30   15.70
  92376.273    82.912    -2.65   14.76
  92665.500    81.516    -4.83   10.81
  92954.726    84.112     8.98   13.82
  93243.950    85.612     5.19   14.52
  93533.173    90.049    15.34   16.35
  93822.395    94.679    16.01   15.92
  94111.616    99.157    15.48   15.27
  94400.835   100.526     4.73   15.35
  94690.054    97.346   -10.99   14.87
  94979.271    95.519    -6.32   14.87
  95268.486    93.364    -7.45   14.81
  95557.701    91.884    -5.12   14.96
  95846.914    94.646     9.55   17.68
  96136.126    95.196     1.90   18.38
  96425.337    98.212    10.43   19.11
  96714.546   101.985    13.04   17.81
  97003.754   105.170    11.01   16.43
  97292.961   104.029    -3.94   15.43
  97582.167   103.847    -0.63   14.69
  97871.371   104.429     2.01   15.54
  98160.575   104.567     0.48   16.48
  98449.777   102.830    -6.01   17.16
  98738.977   103.037     0.72   18.18
  99028.177   101.399    -5.66   19.41
  99317.375   100.903    -1.72   20.39
  99606.572    98.571    -8.06   20.19
  99895.768    96.830    -6.02   18.98
 100184.963    96.261    -1.97   18.89
 100474.156    95.225    -3.58   18.84
 100763.348    94.990    -0.81   19.07
 101052.539    94.562    -1.48   19.04
 101341.729    92.812    -6.05   18.61
 101630.918    91.663    -3.97   16.97
 101920.105    88.968    -9.32   16.28
 102209.291    84.779   -14.48   14.81
 102498.476    80.448   -14.98   13.07
 102787.659    76.562   -13.44   12.21
 103076.842    73.312   -11.24   10.54
 103366.023    70.416   -10.02    8.98
 103655.203    67.786    -9.09    9.25
 103944.382    65.838    -6.74    8.96
 104233.559    65.460    -1.31    8.88
 104522.735    65.019    -1.52    9.29
 104811.911    66.024     3.48   11.89
 105101.084    69.874    13.31   17.44
 105390.257    74.041    14.41   20.28
 105679.429    79.912    20.30   21.06
 105968.599    85.129    18.04   21.08
 106257.768    92.412    25.19   18.98
 106546.936    95.716    11.42   15.98
 106836.103    95.702    -0.05   14.03
 107125.268    94.209    -5.16   13.53
 107414.432    90.624   -12.40   15.19
 107703.595    86.690   -13.61   16.91
 107992.858    79.383   -25.26   16.45
 108282.276    70.416   -30.98   18.13
 108571.692    62.277   -28.12   17.01
 108861.108    54.312   -27.52   17.92
 109150.522    45.879   -29.14   15.74
 109439.936    40.196   -19.64   13.72
 109729.348    36.106   -14.13   11.08
 110018.758    34.330    -6.14    9.68
 110308.168    34.872     1.87    9.94
 110597.576    38.618    12.94   11.72
 110886.984    45.748    24.64   16.27
 111176.390    55.537    33.82   21.83
 111465.795    67.260    40.51   24.65
 111755.198    76.330    31.34   25.32
 112044.601    83.795    25.80   22.31
 112334.002    87.067    11.30   19.40
 112623.403    85.968    -3.80   20.75
 112912.802    80.916   -17.46   22.55
 113202.199    76.950   -13.70   23.54
 113491.596    69.821   -24.64   21.57
 113780.992    66.329   -12.07   20.44
 114070.386    65.692    -2.20   19.81
 114359.779    63.896    -6.21   16.28
 114649.171    62.937    -3.31   13.67
 114938.562    64.088     3.98   13.74
 115227.951    64.829     2.56   13.82
 115517.340    65.929     3.80   13.78
 115806.727    68.229     7.95   13.71
 116096.113    68.937     2.45   14.02
 116385.498    71.209     7.85   14.06
 116674.882    73.037     6.32   13.90
 116964.265    76.312    11.32   13.78
 117253.646    80.379    14.05   11.35
 117543.027    83.088     9.36   11.51
 117832.406    86.635    12.25   10.54
 118121.784    90.242    12.47    8.76
 118411.161    92.912     9.23    8.29
 118700.537    95.312     8.29    7.59
 118989.911    97.606     7.92    7.54
 119279.285    99.546     6.70    6.42
 119568.657   100.362     2.82    6.39
 119858.028   101.075     2.46    6.42
 120147.398   104.088    10.41    7.69
 120436.767   106.346     7.80    7.60
 120726.135   107.962     5.58    7.24
 121015.501   109.277     4.54    6.74
 121304.867   109.979     2.43    6.39
 121594.231   110.416     1.51    6.66
 121883.594   109.755    -2.28    6.75
 122172.956   109.429    -1.13    6.47
 122462.317   109.123    -1.06    7.04
 122751.677   109.088    -0.12    6.78
 123041.036   110.098     3.49    6.55
 123330.393   110.690     2.04    6.67
 123619.750   111.646     3.30    6.82
 123909.105   112.596     3.28    7.62
 124198.459   114.416     6.29    7.31
 124487.812   115.723     4.52    7.78
 124777.164   116.779     3.65    7.08
 125066.515   119.002     7.68    7.52
 125355.864   120.812     6.26    7.74
 125645.213   122.973     7.47    8.47
 125934.560   125.519     8.80    8.36
 126223.907   128.623    10.73   12.16
 126513.252   134.675    20.92   16.11
 126802.596   138.099    11.84   18.20
 127091.939   142.071    13.73   20.24
 127381.281   148.567    22.45   20.81
 127670.621   153.709    17.77   19.75
 127959.961   157.049    11.54   18.33
 128249.299   160.200    10.89   15.82
 128538.637   162.529     8.05   12.57
 128827.973   161.646    -3.05   12.35
 129117.308   159.488    -7.46   13.41
 129406.642   157.795    -5.85   13.47
 129695.975   155.946    -6.39   12.82
 129985.307   152.668   -11.33   13.73
 130274.638   149.879    -9.64   14.34
 130563.968   149.950     0.25   13.69
 130853.296   147.933    -6.97   13.99
 131142.624   147.455    -1.65   13.69
 131431.950   146.329    -3.89   13.37
 131721.275   148.476     7.42   13.49
 132010.599   151.002     8.73   13.06
 132299.923   153.296     7.93   12.54
 132589.245   154.628     4.61   11.99
 132878.565   155.245     2.13   11.98
 133167.885   155.829     2.02   12.11
 133457.204   156.712     3.05   11.63
 133746.522   155.846    -3.00   12.15
 134035.838   153.611    -7.73   13.69
 134325.154   151.431    -7.53   13.75
 134614.468   148.157   -11.32   14.74
 134903.782   146.591    -5.41   14.69
 135193.094   143.296   -11.39   15.00
 135482.405   139.716   -12.37   15.32
 135771.715   137.778    -6.70   15.79
 136061.024   136.866    -3.15   16.23
 136350.332   135.837    -3.56   15.69
 136639.639   133.194    -9.14   15.92
 136928.945   130.162   -10.48   15.62
 137218.250   128.088    -7.17   15.35
 137507.553   127.769    -1.11   16.00
 137796.856   126.143    -5.62   16.28
 138086.157   122.889   -11.25   16.37
 138375.458   123.393     1.74   16.94
 138664.757   125.485     7.23   17.96
 138954.056   126.453     3.35   17.29
 139243.353   126.037    -1.44   16.19
 139532.649   123.761    -7.87   15.17
 139821.944   118.821   -17.08   19.18
 140111.239   111.364   -25.77   26.65
 140400.532    98.830   -43.33   29.64
 140689.824    89.364   -32.72   29.15
 140979.115    80.482   -30.70   26.00
 141268.405    76.779   -12.80   23.98
 141557.693    77.623     2.92   26.63
 141846.981    82.396    16.50   32.26
 142136.268    92.170    33.79   35.75
 142425.554   102.244    34.82   34.09
 142714.838   111.962    33.60   28.44
 143004.122   119.746    26.91   24.70
 143293.405   117.296    -8.47   27.83
 143582.686   110.955   -21.92   31.70
 143871.967   106.399   -15.75   30.93
 144161.246   103.830    -8.88   28.75
 144450.525   104.516     2.37   28.18
 144739.802   102.646    -6.46   27.18
 145029.078   100.985    -5.74   27.34
 145318.354   101.279     1.02   26.05
 145607.628    99.856    -4.92   22.99
 145896.901   102.212     8.14   21.95
 146186.173   105.462    11.23   21.00
 146475.445   111.640    21.36   22.15
 146764.715   117.729    21.05   20.75
 147053.984   121.496    13.02   18.51
 147343.252   122.584     3.76   18.37
 147632.519   122.278    -1.06   17.01
 147921.785   120.812    -5.07   17.41
 148211.050   118.639    -7.51   16.75
 148500.314   121.102     8.51   11.69
