#   64.930  -1.006   4.762 ;Mean Elev.(m), Avg Gradient(m/km), RMS Gradient(m/km) - SRTM1     
#   67.463  -1.052   5.420 ;Mean Elev.(m), Avg Gradient(m/km), RMS Gradient(m/km) - ASTER GDEM
#   65.238  -1.134   5.169 ;Mean Elev.(m), Avg Gradient(m/km), RMS Gradient(m/km) - GMTED2010 
   1 289.875404  -4.033841    65.872    65.487 16 54663.01891864 38.598
   2 289.872799  -4.032365    66.105    65.292 17 54672.93456260 28.757
   3 289.869743  -4.027281    14.946    14.962 14 54682.85020460 11.709
   4 289.873211  -4.032869    63.166    63.000 17 54692.76584835 36.918
   5 289.877483  -4.034774    13.856    13.850 15 54702.68148914 10.841
   6 289.877397  -4.034345    61.088    60.906 15 54712.59713808 39.846
   7 289.874259  -4.032727    14.344    14.364 17 54722.51278868  5.476
   8 289.866215  -4.022538    63.836    63.829 13 54732.42843443 49.212
   9 289.860628  -4.017283   126.474   126.135 12 54742.34407963 24.523
  10 289.858845  -4.015332    66.538    66.564 12 54752.25972543 25.677
  11 289.860388  -4.017248    63.634    63.659 12 54762.17537194 50.646
  12 289.863085  -4.019818    63.885    63.844 13 54772.09101622 54.266
  13 289.865354  -4.021984   129.365   129.202 13 54782.00665748 10.140
  14 289.867335  -4.024065    64.960    64.869 13 54791.92229644 28.861
  15 289.869875  -4.027224    65.779    65.526 15 54801.83793494 28.366
  16 289.873923  -4.033031    66.278    66.283 17 54811.75357428 29.043
  17 289.875487  -4.033892    65.284    65.275 16 54821.66921665 31.978
  18 289.872473  -4.031560    64.344    64.325 17 54831.58486870 33.167
  19 289.866553  -4.024015    64.747    64.729 13 54841.50050593 43.345
  20 289.860393  -4.017088    67.946    67.960 12 54851.41615332 42.454
  21 289.856608  -4.013535    68.909    68.924 12 54861.33180099 46.144
  22 289.855251  -4.012317    69.551    69.535 11 54871.24744916 54.728
  23 289.856780  -4.013974    70.016    70.010 11 54881.16309647 54.244
  24 289.859589  -4.017095    70.520    70.533 12 54891.07874087 52.124
  25 289.859720  -4.017185    70.520    70.521 12 54900.99438150 38.596
  26 289.857793  -4.014729    70.659    70.662 11 54910.91001980 36.853
  27 289.857072  -4.013501    70.656    70.585 12 54920.82565751 39.138
  28 289.860688  -4.017451    70.609    70.630 12 54930.74129634 40.153
  29 289.867209  -4.023534    70.711    70.718 13 54940.65693463 46.037
  30 289.875347  -4.033882    70.925    70.945 16 54950.57257227 39.173
  31 289.876661  -4.034738    71.209    71.221 15 54960.48821280 42.293
  32 289.873025  -4.031917    71.035    71.058 16 54970.40386055 36.943
  33 289.869740  -4.027519    70.958    70.955 14 54980.31950650 53.759
  34 289.867512  -4.023804    70.801    70.792 13 54990.23515223 49.942
  35 289.867049  -4.024411    70.350    70.353 13 55000.15079878 53.236
  36 289.865687  -4.022321    69.245    69.102 13 55010.06644289 36.521
  37 289.865346  -4.021859    68.503    68.460 13 55019.98208589 34.946
  38 289.865241  -4.022532    68.074    68.076 13 55029.89772812 32.940
  39 289.864963  -4.021743    67.657    67.512 12 55039.81336962 30.387
  40 289.868117  -4.024799    66.688    66.803 13 55049.72901110 31.007
  41 289.874047  -4.032781    66.996    67.251 16 55059.64465181 29.101
  42 289.875832  -4.033833    65.235    65.489 15 55069.56029261 37.966
  43 289.871826  -4.030576    64.860    64.300 17 55079.47594134 32.100
  44 289.865015  -4.021826    62.453    62.387 13 55089.39158647 49.106
  45 289.860645  -4.017220    65.421    65.736 12 55099.30723119 29.588
  46 289.860110  -4.017061    62.706    62.679 13 55109.22287649 42.460
  47 289.862414  -4.019208    65.878    65.979 13 55119.13852116 31.923
  48 289.865439  -4.022808    63.560    63.558 13 55129.05416377 48.822
  49 289.865901  -4.022342    65.016    64.811 13 55138.96980339 31.615
  50 289.866216  -4.022509    64.103    64.774 13 55148.88544208 28.522
  51 289.868542  -4.025211    64.461    63.800 14 55158.80108143 27.910
  52 289.873415  -4.032663    65.631    65.396 17 55168.71672188 34.997
  53 289.876105  -4.033716    67.755    67.815 16 55178.63236003 28.036
  54 289.874430  -4.032389    68.301    68.237 16 55188.54800572 30.850
  55 289.867634  -4.024600    68.725    68.753 14 55198.46365475 37.197
  56 289.862576  -4.019603    68.265    68.263 13 55208.37930335 50.142
  57 289.860380  -4.017282    67.509    67.529 13 55218.29495199 29.897
  58 289.859605  -4.016426    66.479    66.500 12 55228.21060006 48.293
  59 289.859775  -4.016176    67.567    67.595 12 55238.12624531 43.121
  60 289.860648  -4.017705    67.747    67.722 13 55248.04188738 30.760
  61 289.859742  -4.016781    67.790    67.807 12 55257.95752652 31.119
  62 289.859374  -4.016431    67.889    67.889 12 55267.87316526 30.855
  63 289.860463  -4.017098    68.211    68.188 12 55277.78880414 31.980
  64 289.864976  -4.021767    68.340    68.298 13 55287.70444306 34.595
  65 289.873020  -4.032316    68.810    68.832 17 55297.62008115 33.089
  66 289.873764  -4.032298    69.248    69.239 16 55307.53572354 35.972
  67 289.869039  -4.026013    69.236    69.229 14 55317.45136853 36.764
  68 289.865329  -4.021655    69.059    68.953 13 55327.36701254 35.005
  69 289.864884  -4.021688    69.044    69.013 13 55337.28265658 34.311
  70 289.866162  -4.022901    68.835    68.849 13 55347.19830039 52.116
  71 289.867572  -4.024272    68.154    68.151 13 55357.11394265 48.850
  72 289.867726  -4.024177    67.362    67.352 13 55367.02958247 47.846
  73 289.868541  -4.025452    65.563    65.574 13 55376.94522127 28.969
  74 289.871956  -4.031152    65.787    65.886 16 55386.86086057 26.934
  75 289.874816  -4.032374    64.678    63.723 16 55396.77649822 29.664
  76 289.877582  -4.034458    64.630    64.022 15 55406.69214132 33.997
  77 289.874814  -4.032737    63.083    62.667 16 55416.60779207 34.197
  78 289.870256  -4.028063    61.874    61.883 15 55426.52343876 40.678
  79 289.865349  -4.021665    61.069    59.736 13 55436.43908217 31.565
  80 289.863038  -4.019949    64.854    65.488 12 55446.35472522 27.011
  81 289.862709  -4.019412    60.276    60.241 12 55456.27036791 54.681
  82 289.864967  -4.021529    60.162    60.171 13 55466.18601059 52.616
  83 289.869720  -4.026890    60.466    60.156 14 55476.10165105 29.328
  84 289.874515  -4.033068    59.045    59.041 16 55486.01728856 45.483
  85 289.876377  -4.034407    59.629    59.607 16 55495.93292288 34.368
  86 289.877355  -4.034816    61.438    60.291 16 55505.84855793 30.893
  87 289.873959  -4.033096    61.880    61.745 16 55515.76420821 35.052
  88 289.872597  -4.032064    63.205    63.186 16 55525.67985806 41.101
  89 289.869914  -4.027707    63.772    63.254 14 55535.59550515 27.796
  90 289.866187  -4.022451    65.712    65.326 13 55545.51114988 24.869
  91 289.863023  -4.019769    65.550    65.465 13 55555.42679317 24.884
  92 289.861429  -4.018057    65.247    64.542 13 55565.34243564 30.095
  93 289.864205  -4.021105    65.011    64.961 13 55575.25807864 53.024
  94 289.868399  -4.025141    66.334    65.842 14 55585.17372019 26.119
  95 289.874061  -4.033238    65.778    66.331 16 55595.08935933 27.644
  96 289.875955  -4.033868    65.659    65.659 16 55605.00499335 47.823
  97 289.877880  -4.035519    66.567    66.593 15 55614.92062577 29.813
  98 289.877371  -4.034445    67.142    67.248 15 55624.83626553 32.239
  99 289.874247  -4.033232    67.662    67.661 16 55634.75191789 36.287
 100 289.872543  -4.031759    68.202    68.190 16 55644.66756819 29.923
 101 289.870753  -4.028720    68.950    68.928 15 55654.58321537 35.020
 102 289.868952  -4.025719    69.865    69.880 14 55664.49885794 44.252
 103 289.867173  -4.023631    70.597    70.590 13 55674.41449744 54.218
 104 289.866930  -4.023180    70.819    70.871 13 55684.33013546 40.869
 105 289.871611  -4.030072    71.170    71.173 16 55694.24577396 54.612
 106 289.877187  -4.034484    70.704    70.696 16 55704.16141053 39.477
 107 289.877718  -4.034839    70.276    70.221 15 55714.07705610 53.147
 108 289.874300  -4.033182    69.610    69.590 16 55723.99270401 44.053
 109 289.868255  -4.024838    68.426    68.407 14 55733.90834856 34.715
 110 289.865332  -4.021533    67.209    67.175 13 55743.82399337 32.860
 111 289.865983  -4.023040    67.190    67.171 13 55753.73963824 34.419
 112 289.869057  -4.025564    67.072    66.996 14 55763.65528134 33.703
 113 289.873690  -4.032785    65.486    65.501 17 55773.57092277 33.400
 114 289.874689  -4.033344    63.681    63.682 16 55783.48655909 39.386
 115 289.875672  -4.033395    62.282    62.284 16 55793.40219255 45.537
 116 289.878093  -4.035332    60.403    60.369 15 55803.31782839 45.632
 117 289.876529  -4.034452    60.166    60.127 16 55813.23347737 37.565
 118 289.876497  -4.033938    60.548    60.556 15 55823.14912464 44.709
 119 289.877972  -4.035641    62.200    61.791 15 55833.06476774 41.890
 120 289.878336  -4.034756    63.841    63.852 15 55842.98040605 31.298
 121 289.879226  -4.036046    64.250    64.147 15 55852.89604210 25.252
 122 289.879998  -4.036249    62.633    62.298 15 55862.81167785 32.854
 123 289.874832  -4.032927    62.862    62.886 16 55872.72733134 32.135
 124 289.874435  -4.033509    63.805    63.688 16 55882.64298120 28.298
 125 289.874618  -4.032437    64.609    64.595 16 55892.55862436 28.669
 126 289.876643  -4.033998    65.266    65.295 15 55902.47426254 35.197
 127 289.877635  -4.034286    66.103    66.101 15 55912.38989873 53.527
 128 289.870486  -4.028409    67.606    67.613 14 55922.30555133 51.785
 129 289.866596  -4.023308    68.993    68.921 13 55932.22120137 51.880
 130 289.867069  -4.023958    69.534    69.478 14 55942.13684872 54.862
 131 289.868012  -4.024849    69.818    69.798 13 55952.05249174 43.108
 132 289.868004  -4.024968    69.798    69.825 13 55961.96813115 37.810
 133 289.867568  -4.024270    69.945    69.916 14 55971.88376853 39.270
 134 289.871322  -4.029852    70.179    70.152 15 55981.79940656 36.029
 135 289.877156  -4.034856    70.162    70.192 15 55991.71504334 34.667
 136 289.877126  -4.034829    70.415    70.414 16 56001.63069067 37.914
 137 289.873968  -4.032986    71.027    71.074 17 56011.54634065 40.488
 138 289.868869  -4.026181    71.642    71.666 13 56021.46198555 30.444
 139 289.865470  -4.022801    71.903    71.900 13 56031.37762804 42.571
 140 289.865115  -4.022492    71.935    71.925 13 56041.29326909 39.837
 141 289.867527  -4.024190    71.825    71.810 14 56051.20890830 54.520
 142 289.874455  -4.033626    71.499    71.479 16 56061.12454666 43.483
 143 289.877728  -4.034238    71.165    71.104 15 56071.04018447 50.295
 144 289.874375  -4.033500    70.499    70.520 16 56080.95583423 38.207
 145 289.868565  -4.025350    69.609    69.603 14 56090.87147983 39.254
 146 289.866619  -4.023302    67.898    67.918 13 56100.78712480 35.383
 147 289.867307  -4.024061    66.257    66.301 13 56110.70275660 29.446
 148 289.871695  -4.030289    66.263    66.272 16 56120.61839819 31.730
 149 289.875929  -4.033837    65.193    64.956 16 56130.53403556 35.349
 150 289.878817  -4.035985    64.149    64.122 15 56140.44966993 33.266
 151 289.873437  -4.032287    62.570    62.584 17 56150.36531942 50.569
 152 289.869931  -4.027984    61.086    61.082 14 56160.28096685 49.096
 153 289.869987  -4.027884    61.125    61.096 14 56170.19661380 53.148
 154 289.872474  -4.031413    62.490    62.487 17 56180.11225788 54.905
 155 289.873911  -4.032707    61.915    60.820 17 56190.02789740 34.878
 156 289.874797  -4.033626    61.217    60.673 16 56199.94353399 32.373
 157 289.876963  -4.035032    62.963    61.720 16 56209.85916863 31.067
 158 289.880954  -4.037681    62.980    63.000 14 56219.77480215 40.871
 159 289.878910  -4.035677    62.866    62.850 15 56229.69045079 31.698
 160 289.875451  -4.033025    62.600    62.500 16 56239.60610389 34.966
 161 289.872580  -4.031805    62.570    62.589 16 56249.52175342 43.370
 162 289.869744  -4.027127    63.867    63.892 14 56259.43739731 34.677
 163 289.869368  -4.026638    64.731    64.733 14 56269.35303930 52.926
 164 289.871224  -4.029915    65.162    65.134 15 56279.26868034 46.959
 165 289.867269  -4.023633    66.662    66.691 13 56289.18432895 48.582
 166 289.866452  -4.024015    68.403    68.408 13 56299.09997724 51.518
 167 289.865649  -4.023216    69.113    69.127 13 56309.01562134 36.411
 168 289.864608  -4.021420    69.388    69.403 13 56318.93126302 35.234
 169 289.864275  -4.020866    69.478    69.509 13 56328.84690425 36.463
 170 289.866794  -4.023659    69.339    69.309 13 56338.76254572 35.430
 171 289.872793  -4.031444    69.598    69.600 17 56348.67818661 37.079
 172 289.877131  -4.034085    70.040    70.097 15 56358.59382336 34.641
 173 289.872103  -4.030937    70.626    70.633 17 56368.50947332 41.545
 175 289.861568  -4.018487    71.061    71.085 12 56388.34076346 44.585
 176 289.862676  -4.019185    71.136    71.063 13 56398.25640681 52.121
 177 289.866614  -4.023503    71.094    71.094 13 56408.17204855 45.968
 178 289.872639  -4.031555    70.977    70.988 17 56418.08768706 53.365
 179 289.877846  -4.035396    70.261    70.254 15 56428.00331999 43.390
 180 289.870861  -4.029018    69.237    69.257 15 56437.91897157 35.645
 181 289.865163  -4.022569    68.696    68.656 13 56447.83462097 34.583
 182 289.863154  -4.020053    68.310    68.302 12 56457.75026949 36.308
 183 289.862861  -4.019385    68.426    68.420 13 56467.66591542 40.483
 184 289.864021  -4.020374    67.821    67.775 13 56477.58155772 36.746
 185 289.866874  -4.024178    66.886    66.889 13 56487.49719697 40.371
 186 289.870253  -4.028286    67.074    67.036 14 56497.41283346 29.157
 187 289.875564  -4.034281    65.309    65.336 16 56507.32846900 53.652
 188 289.880040  -4.036538    64.406    64.354 14 56517.24410587 37.937
 189 289.877435  -4.034718    64.898    64.887 15 56527.15975899 47.296
 190 289.875803  -4.034330    64.371    64.356 16 56537.07540828 53.640
 192 289.867104  -4.023725    65.242    65.501 13 56556.90669433 27.985
 193 289.866671  -4.024210    66.188    66.029 13 56566.82233702 25.641
 194 289.868737  -4.025457    64.896    65.531 13 56576.73797902 26.188
 195 289.875795  -4.034754    64.380    64.196 16 56586.65361989 28.927
 196 289.878585  -4.035817    64.900    64.179 15 56596.56926025 24.173
 197 289.873069  -4.031878    64.473    64.491 17 56606.48491146 33.355
 198 289.867110  -4.023668    64.709    64.694 13 56616.40055669 48.978
 199 289.866487  -4.023267    65.916    65.932 13 56626.31620028 46.037
 200 289.869036  -4.025970    66.167    66.104 14 56636.23184183 50.910
 201 289.874285  -4.032668    66.742    66.760 16 56646.14748351 51.614
 202 289.870152  -4.028168    66.506    66.502 14 56656.06313439 53.434
 203 289.865639  -4.021692    66.292    66.290 13 56665.97878058 37.519
 204 289.863665  -4.020435    68.175    68.156 13 56675.89442573 34.269
 205 289.863185  -4.019753    68.645    68.613 13 56685.81007033 35.226
 206 289.865574  -4.021959    67.985    67.884 13 56695.72571395 32.001
 207 289.872517  -4.031343    67.998    68.066 17 56705.64135495 31.326
 208 289.877784  -4.035312    67.826    67.822 16 56715.55698916 29.315
 209 289.868672  -4.025428    68.572    68.638 13 56725.47264013 33.709
 210 289.861170  -4.017776    69.346    69.346 12 56735.38828776 37.790
 211 289.858869  -4.016343    70.233    70.282 12 56745.30393345 53.482
 212 289.862352  -4.019196    70.325    70.307 13 56755.21957605 40.370
 213 289.871493  -4.030168    70.472    70.470 15 56765.13521507 48.429
 214 289.875564  -4.033741    70.744    70.775 15 56775.05085377 48.937
 215 289.866269  -4.023243    70.731    70.744 13 56784.96650721 42.212
 216 289.858384  -4.015572    70.833    70.794 12 56794.88215796 37.084
 217 289.853980  -4.010683    70.578    70.623 11 56804.79780599 33.747
 218 289.857273  -4.014374    70.323    70.295 12 56814.71344962 36.320
 219 289.862095  -4.018945    69.739    69.747 12 56824.62909013 36.556
 220 289.867331  -4.024053    68.742    68.742 13 56834.54472688 34.907
 221 289.873914  -4.032732    68.118    68.128 17 56844.46036095 43.596
 222 289.872746  -4.031700    67.008    66.975 17 56854.37600476 54.392
 223 289.867343  -4.024638    66.387    66.378 13 56864.29165609 27.043
 224 289.864727  -4.021675    66.686    66.588 12 56874.20730771 27.261
 225 289.863445  -4.020096    63.850    63.880 13 56884.12295654 52.956
 226 289.862593  -4.019259    64.272    64.250 13 56894.03860238 49.274
 227 289.860573  -4.017649    63.121    62.776 12 56903.95424485 36.628
 228 289.857718  -4.014111    63.251    63.591 12 56913.86988514 31.566
 229 289.859682  -4.017075    64.055    64.427 12 56923.78552576 30.140
 230 289.865550  -4.022666    64.674    65.224 13 56933.70116493 29.371
 231 289.875488  -4.033372    63.385    63.393 16 56943.61680033 30.838
 232 289.876037  -4.034402    64.885    64.874 16 56953.53244774 34.275
 233 289.869914  -4.027613    63.760    63.749 14 56963.44809649 44.255
 234 289.864628  -4.020853    64.652    64.689 13 56973.36374025 49.443
 235 289.865569  -4.023017    65.352    65.383 13 56983.27938191 52.396
 236 289.872573  -4.031981    65.824    65.801 17 56993.19502059 53.308
 237 289.878150  -4.034476    67.096    67.069 15 57003.11065762 53.173
 238 289.874156  -4.033453    68.059    68.031 16 57013.02631351 51.150
 239 289.867709  -4.024597    68.086    68.103 14 57022.94196235 32.123
 240 289.864377  -4.021750    68.754    68.735 13 57032.85761041 33.732
 241 289.863580  -4.020714    68.859    68.875 13 57042.77325706 33.802
 242 289.865120  -4.022047    69.610    69.582 12 57052.68890223 35.494
 243 289.868845  -4.026037    70.101    70.127 13 57062.60454375 38.010
 244 289.873618  -4.032499    70.491    70.492 16 57072.52018056 42.699
 245 289.876841  -4.034251    70.515    70.528 15 57082.43581213 44.942
 246 289.873960  -4.032814    70.507    70.522 17 57092.35145806 43.728
 247 289.865345  -4.021704    70.856    70.812 13 57102.26711205 49.991
 248 289.863483  -4.020580    71.033    71.052 12 57112.18276494 38.458
 249 289.864872  -4.021544    71.195    71.229 13 57122.09841258 38.934
 250 289.866701  -4.024220    71.747    71.743 13 57132.01405505 54.238
 251 289.868423  -4.025467    71.760    71.784 13 57141.92969240 41.233
 252 289.872605  -4.032110    71.748    71.711 17 57151.84532823 39.493
 253 289.877440  -4.034288    71.904    71.880 15 57161.76095990 38.506
 254 289.873585  -4.032803    71.597    71.538 16 57171.67661657 38.643
 255 289.868854  -4.025497    71.557    71.546 14 57181.59226950 43.704
 256 289.866405  -4.023970    71.168    71.161 13 57191.50791988 41.024
 257 289.863303  -4.020021    70.482    70.536 12 57201.42356646 37.533
 258 289.862319  -4.018983    70.016    69.986 13 57211.33919988 53.440
 259 289.864226  -4.021209    68.733    68.712 13 57221.25484380 37.061
 260 289.867100  -4.023977    67.427    67.366 14 57231.17048650 37.592
 261 289.870455  -4.028161    66.727    66.683 15 57241.08612709 42.399
 262 289.874110  -4.033066    66.639    66.757 17 57251.00176523 29.784
 263 289.876342  -4.033950    66.013    66.499 15 57260.91740060 28.139
 264 289.879379  -4.036194    64.784    63.777 15 57270.83303541 30.849
 265 289.875145  -4.033065    64.212    63.472 16 57280.74868938 29.487
 266 289.871970  -4.030879    64.758    65.538 16 57290.66434427 26.956
 267 289.867883  -4.024633    63.724    65.112 14 57300.57999528 28.542
 268 289.865691  -4.022409    64.327    64.362 13 57310.49564361 29.613
 269 289.862999  -4.020118    64.066    63.743 12 57320.41128835 53.097
 270 289.860993  -4.017691    62.563    62.479 13 57330.32693017 53.222
 271 289.862920  -4.019976    62.399    62.390 13 57340.24257100 45.301
 272 289.861483  -4.018211    65.764    65.178 13 57350.15822030 28.717
 273 289.863596  -4.020984    64.339    64.362 13 57360.07386605 50.602
 274 289.865463  -4.022956    66.020    66.065 13 57369.98950854 38.558
 275 289.866632  -4.023924    66.198    66.432 13 57379.90514871 27.926
 276 289.869810  -4.027604    67.221    67.222 14 57389.82078877 32.566
 277 289.875118  -4.033268    67.694    67.707 16 57399.73642863 33.085
 278 289.878775  -4.035576    67.113    67.309 14 57409.65206859 28.414
 279 289.874516  -4.033158    66.827    67.211 17 57419.56772099 26.123
 280 289.867412  -4.024267    65.419    65.722 13 57429.48336916 29.156
 281 289.862654  -4.019297    67.735    67.724 13 57439.39901583 29.284
 282 289.861708  -4.018337    69.125    69.130 12 57449.31466222 48.564
 283 289.863488  -4.020841    69.135    69.151 13 57459.23030804 33.593
 284 289.866693  -4.022993    69.340    69.312 13 57469.14595064 34.974
 285 289.872640  -4.031771    70.124    70.125 16 57479.06159080 54.151
 286 289.875103  -4.033325    70.180    70.200 16 57488.97722610 35.984
 287 289.878299  -4.035478    70.214    70.155 15 57498.89285981 34.294
 288 289.878249  -4.035123    70.067    70.078 15 57508.80850213 33.834
 289 289.873624  -4.032948    69.813    69.766 17 57518.72415750 35.419
 290 289.869210  -4.026265    68.957    68.938 14 57528.63980923 36.171
 291 289.867122  -4.023836    68.642    68.619 14 57538.55545898 40.598
 292 289.865437  -4.022948    68.394    68.364 13 57548.47110631 32.358
 293 289.863162  -4.020011    68.137    68.146 13 57558.38675147 36.485
 294 289.863329  -4.020598    67.298    66.947 13 57568.30239643 29.351
 295 289.864991  -4.021765    66.660    66.661 13 57578.21804092 32.193
 296 289.867810  -4.024835    66.017    66.015 13 57588.13368438 51.546
 297 289.868948  -4.025873    64.094    63.881 13 57598.04932477 32.377
