-218695.895    38.097     0.00    2.74
-218406.679    38.487     1.35    2.76
-218117.462    38.483    -0.02    2.70
-217828.244    37.382    -3.81    4.99
-217539.025    34.497    -9.98    7.69
-217249.804    31.626    -9.93    8.22
-216960.583    29.813    -6.27    8.13
-216671.361    28.431    -4.78    7.44
-216382.138    28.313    -0.41    7.08
-216092.913    28.873     1.94    7.40
-215803.688    31.483     9.02    6.99
-215514.462    33.296     6.27    6.24
-215225.234    35.069     6.13    5.34
-214936.006    35.751     2.36    4.85
-214646.777    36.197     1.54    4.93
-214357.546    35.382    -2.82    4.87
-214068.315    35.476     0.33    4.80
-213779.082    35.364    -0.39    4.68
-213489.849    35.447     0.29    4.97
-213200.614    35.347    -0.35    4.48
-212911.378    35.062    -0.99    4.88
-212622.142    35.697     2.20    4.53
-212332.904    36.330     2.19    4.36
-212043.665    36.364     0.12    4.15
-211754.425    36.468     0.36    3.99
-211465.184    36.258    -0.73    4.10
-211175.942    36.697     1.52    3.65
-210886.699    37.071     1.29    3.34
-210597.455    37.381     1.07    3.28
-210308.210    37.381     0.00    3.10
-210018.964    37.347    -0.12    3.06
-209729.717    37.296    -0.18    3.05
-209440.469    37.278    -0.06    2.91
-209151.220    37.593     1.09    2.84
-208861.969    37.796     0.70    2.62
-208572.718    38.093     1.03    2.38
-208283.465    38.227     0.46    2.30
-207994.212    38.400     0.60    2.15
-207704.957    38.299    -0.35    2.05
-207415.702    38.431     0.46    2.07
-207126.445    38.397    -0.12    2.10
-206837.187    38.562     0.57    2.16
-206547.928    39.140     2.00    2.48
-206258.668    39.781     2.21    2.87
-205969.407    39.652    -0.44    2.87
-205680.145    39.481    -0.59    2.82
-205390.882    39.606     0.43    3.06
-205101.618    38.968    -2.21    3.01
-204812.353    38.744    -0.77    3.07
-204523.086    38.195    -1.90    3.25
-204233.819    38.114    -0.28    3.20
-203944.550    37.899    -0.74    3.43
-203655.281    37.089    -2.80    3.94
-203366.010    35.633    -5.03    5.51
-203076.738    32.500   -10.83    8.57
-202787.466    27.797   -16.26   10.98
-202498.192    23.747   -14.00   10.98
-202208.917    19.118   -16.00    8.91
-201919.641    16.776    -8.10    6.62
-201630.363    14.940    -6.34    4.29
-201341.085    14.313    -2.17    3.20
-201051.806    14.708     1.37    3.24
-200762.525    15.183     1.64    3.41
-200473.244    15.416     0.81    3.31
-200183.961    15.297    -0.41    3.40
-199894.677    15.687     1.35    3.79
-199605.392    16.428     2.56    4.30
-199316.106    18.093     5.76    5.12
-199026.819    19.614     5.26    5.50
-198737.531    21.123     5.22    5.63
-198448.242    23.189     7.14    5.99
-198158.952    24.907     5.94    6.14
-197869.660    27.382     8.56    6.53
-197580.368    29.589     7.63    7.12
-197291.074    31.581     6.88    7.73
-197001.779    35.008    11.85    6.11
-196712.483    35.788     2.70    5.94
-196423.186    37.002     4.20    4.61
-196133.888    35.954    -3.62    6.60
-195844.589    35.537    -1.44    6.67
-195555.288    34.433    -3.81    6.96
-195265.987    33.778    -2.26    6.91
-194976.684    33.778     0.00    6.90
-194687.381    33.797     0.07    7.29
-194398.076    34.381     2.02    7.58
-194108.770    34.429     0.17    7.92
-193819.463    34.383    -0.16    7.77
-193530.155    34.537     0.53    7.77
-193240.845    35.264     2.51    6.96
-192951.535    36.076     2.81    5.94
-192662.223    37.381     4.51    5.32
-192372.910    38.102     2.49    4.96
-192083.597    38.709     2.10    4.54
-191794.282    39.720     3.49    3.58
-191504.966    40.364     2.23    2.79
-191215.648    40.036    -1.14    2.98
-190926.330    40.244     0.72    2.86
-190637.010    40.093    -0.52    2.86
-190347.690    39.865    -0.79    2.73
-190058.368    40.144     0.96    2.84
-189769.045    40.464     1.11    2.71
-189479.721    40.991     1.82    2.65
-189190.396    41.581     2.04    2.73
-188901.069    41.589     0.03    2.75
-188611.742    41.589     0.00    2.60
-188322.413    40.449    -3.94    4.17
-188033.083    39.262    -4.10    5.41
-187743.752    38.347    -3.16    5.36
-187454.420    37.115    -4.26    5.19
-187165.087    36.981    -0.46    4.94
-186875.752    36.417    -1.95    4.54
-186586.417    37.476     3.66    4.64
-186297.080    39.081     5.54    4.21
-186007.742    40.531     5.01    3.52
-185718.403    41.468     3.24    3.44
-185429.063    42.044     1.99    3.23
-185139.722    42.281     0.82    2.90
-184850.379    42.364     0.29    2.53
-184561.035    42.052    -1.08    2.72
-184271.690    41.568    -1.67    2.57
-183982.344    41.454    -0.39    2.29
-183692.997    41.161    -1.01    2.18
-183403.649    41.054    -0.37    2.26
-183114.299    41.214     0.55    2.30
-182824.949    40.940    -0.95    2.28
-182535.597    40.830    -0.38    2.07
-182246.244    40.433    -1.37    2.33
-181956.889    39.951    -1.67    2.66
-181667.534    39.724    -0.78    2.52
-181378.177    39.089    -2.20    2.45
-181088.820    37.991    -3.79    2.31
-180799.461    37.623    -1.27    2.99
-180510.101    37.856     0.80    3.38
-180220.739    37.363    -1.70    4.11
-179931.377    36.964    -1.38    4.29
-179642.013    36.397    -1.96    4.69
-179352.648    35.669    -2.52    4.66
-179063.282    34.968    -2.42    4.63
-178773.915    34.414    -1.91    4.60
-178484.546    34.399    -0.05    4.69
-178195.177    34.414     0.05    4.57
-177905.806    34.485     0.25    4.59
-177616.434    35.209     2.50    5.09
-177327.061    35.189    -0.07    5.36
-177037.686    36.025     2.89    5.80
-176748.311    37.081     3.65    6.01
-176458.934    38.209     3.90    6.05
-176169.556    39.822     5.57    5.43
-175880.176    41.508     5.83    4.00
-175590.796    42.127     2.14    3.42
-175301.414    42.331     0.70    3.36
-175012.032    41.731    -2.07    3.76
-174722.648    41.396    -1.15    3.96
-174433.262    41.222    -0.60    4.03
-174143.876    41.144    -0.27    3.96
-173854.488    40.968    -0.61    3.84
-173565.099    41.019     0.18    3.81
-173275.709    41.282     0.91    3.82
-172986.318    41.140    -0.49    3.80
-172696.925    40.076    -3.68    4.27
-172407.532    38.579    -5.17    4.60
-172118.137    37.138    -4.98    4.85
-171828.740    36.262    -3.02    5.04
-171539.343    35.229    -3.57    5.02
-171249.944    34.037    -4.12    4.26
-170960.544    33.891    -0.50    3.82
-170671.143    34.805     3.16    4.38
-170381.741    35.847     3.60    4.52
-170092.338    36.960     3.85    4.42
-169802.933    38.483     5.26    3.65
-169513.527    39.454     3.36    3.47
-169224.120    40.175     2.49    3.08
-168934.711    40.692     1.79    2.78
-168645.301    40.528    -0.57    2.43
-168355.890    40.399    -0.44    2.43
-168066.478    40.175    -0.77    2.62
-167777.065    39.778    -1.37    2.51
-167487.650    39.313    -1.61    2.44
-167198.426    39.231    -0.28    2.03
-166909.280    38.957    -0.94    2.07
-166620.133    39.397     1.52    2.52
-166330.985    39.776     1.31    2.87
-166041.835    40.106     1.14    2.90
-165752.685    40.347     0.83    3.21
-165463.533    40.415     0.23    3.33
-165174.379    40.466     0.18    3.30
-164885.225    40.453    -0.05    3.44
-164596.069    39.985    -1.62    3.47
-164306.912    39.940    -0.15    3.53
-164017.754    39.856    -0.29    3.72
-163728.595    39.731    -0.43    3.64
-163439.434    39.313    -1.44    3.84
-163150.272    39.025    -0.99    3.74
-162861.109    39.079     0.19    3.62
-162571.944    38.585    -1.71    3.48
-162282.778    38.626     0.14    3.37
-161993.611    38.839     0.74    3.15
-161704.443    38.797    -0.14    3.21
-161415.273    38.979     0.63    3.06
-161126.103    38.957    -0.07    3.01
-160836.931    38.991     0.12    2.68
-160547.757    39.093     0.35    2.11
-160258.583    39.267     0.60    2.16
-159969.407    39.437     0.59    2.03
-159680.230    39.597     0.56    1.78
-159391.051    39.562    -0.12    1.85
-159101.871    39.057    -1.74    2.60
-158812.690    38.581    -1.65    3.29
-158523.508    38.831     0.86    3.57
-158234.325    38.554    -0.96    3.65
-157945.140    38.049    -1.75    3.85
-157655.954    37.483    -1.96    3.89
-157366.766    36.940    -1.88    4.59
-157077.578    35.544    -4.83    5.45
-156788.388    33.414    -7.37    5.97
-156499.197    31.044    -8.20    6.70
-156210.004    28.771    -7.86    6.30
-155920.810    26.589    -7.55    5.41
-155631.615    25.167    -4.92    4.23
-155342.419    24.175    -3.43    3.04
-155053.221    24.364     0.66    3.18
-154764.022    25.278     3.16    4.06
-154474.822    27.209     6.68    5.48
-154185.620    29.593     8.24    6.65
-153896.418    31.856     7.82    7.25
-153607.213    34.737     9.96    6.92
-153318.008    36.778     7.06    6.11
-153028.801    38.786     6.94    4.36
-152739.593    39.216     1.49    3.28
-152450.384    39.447     0.80    3.07
-152161.173    39.200    -0.86    3.15
-151871.961    39.172    -0.10    3.25
-151582.748    39.227     0.19    3.31
-151293.533    39.781     1.92    3.11
-151004.318    40.192     1.42    2.83
-150715.100    40.462     0.93    2.58
-150425.882    40.847     1.33    2.40
-150136.662    41.178     1.14    2.08
-149847.441    40.865    -1.08    2.30
-149558.218    40.564    -1.04    2.41
-149268.995    40.511    -0.18    2.48
-148979.770    40.451    -0.21    2.46
-148690.543    40.822     1.28    2.48
-148401.316    40.821    -0.00    2.58
-148112.086    40.933     0.39    2.41
-147822.856    40.931    -0.01    2.00
-147533.624    41.076     0.50    1.97
-147244.391    40.151    -3.20    2.46
-146955.157    39.972    -0.62    2.43
-146665.921    39.397    -1.99    2.78
-146376.684    38.716    -2.36    2.42
-146087.446    38.544    -0.59    2.24
-145798.206    38.031    -1.77    2.15
-145508.965    37.761    -0.93    2.08
-145219.723    37.940     0.62    2.13
-144930.479    37.669    -0.94    2.11
-144641.234    37.544    -0.43    1.99
-144351.988    37.635     0.32    2.28
-144062.740    37.363    -0.94    2.47
-143773.491    37.042    -1.11    2.42
-143484.241    37.508     1.61    2.59
-143194.989    37.931     1.46    2.76
-142905.736    38.106     0.61    2.63
-142616.482    38.064    -0.15    2.71
-142327.226    38.331     0.92    2.61
-142037.969    38.768     1.51    3.00
-141748.711    38.813     0.15    3.12
-141459.451    38.985     0.60    3.04
-141170.190    39.331     1.20    3.21
-140880.927    39.140    -0.66    3.55
-140591.663    38.814    -1.13    3.46
-140302.398    38.606    -0.72    3.44
-140013.132    38.526    -0.28    3.34
-139723.864    38.750     0.78    3.03
-139434.594    38.714    -0.13    2.97
-139145.324    39.009     1.02    3.16
-138856.052    39.401     1.36    3.40
-138566.778    40.002     2.08    3.14
-138277.504    40.414     1.42    2.96
-137988.227    41.054     2.21    2.62
-137698.950    41.200     0.50    2.06
-137409.671    41.140    -0.21    1.71
-137120.391    40.640    -1.73    1.61
-136831.109    40.523    -0.41    1.63
-136541.826    39.947    -1.99    1.98
-136252.542    39.347    -2.07    2.35
-135963.256    39.037    -1.07    2.54
-135673.969    38.381    -2.27    2.61
-135384.681    38.204    -0.61    2.65
-135095.391    38.144    -0.21    2.50
-134806.100    38.250     0.37    2.60
-134516.807    38.500     0.86    2.62
-134227.513    38.626     0.44    2.71
-133938.218    38.669     0.15    2.59
-133648.921    38.720     0.18    2.57
-133359.623    38.502    -0.75    2.64
-133070.323    38.265    -0.82    2.81
-132781.022    37.970    -1.02    2.65
-132491.720    37.751    -0.76    2.62
-132202.416    37.547    -0.70    2.47
-131913.111    37.115    -1.49    2.29
-131623.805    37.186     0.24    2.14
-131334.497    37.449     0.91    2.16
-131045.188    37.631     0.63    2.29
-130755.877    37.451    -0.62    3.32
-130466.565    37.488     0.13    3.79
-130177.251    36.585    -3.12    4.97
-129887.937    36.175    -1.42    4.91
-129598.620    36.151    -0.08    4.71
-129309.303    36.431     0.97    4.46
-129019.984    37.115     2.37    3.57
-128730.663    37.771     2.27    2.71
-128441.341    38.192     1.46    2.29
-128152.018    38.757     1.95    2.38
-127862.693    39.071     1.09    2.41
-127573.367    39.468     1.37    2.54
-127284.039    39.399    -0.24    2.66
-126994.710    39.453     0.19    2.83
-126705.380    39.514     0.21    3.06
-126416.048    39.581     0.23    3.14
-126126.715    39.101    -1.66    3.13
-125837.380    39.049    -0.18    3.04
-125548.044    39.658     2.10    2.88
-125258.707    40.144     1.68    2.85
-124969.368    40.127    -0.06    2.58
-124680.028    39.544    -2.01    2.97
-124390.686    39.014    -1.83    3.34
-124101.343    38.416    -2.07    3.38
-123811.998    38.025    -1.35    3.79
-123522.652    37.313    -2.46    3.88
-123233.304    37.429     0.40    4.28
-122943.955    37.313    -0.40    4.47
-122654.605    37.703     1.35    4.68
-122365.253    37.222    -1.66    4.99
-122075.900    37.008    -0.74    5.65
-121786.545    35.944    -3.68    5.79
-121497.189    35.042    -3.12    6.11
-121207.832    34.981    -0.21    6.39
-120918.473    35.435     1.57    6.22
-120629.112    35.635     0.69    5.98
-120339.751    36.974     4.63    4.72
-120050.387    37.652     2.34    4.40
-119761.022    37.476    -0.61    4.48
-119471.656    37.651     0.60    3.51
-119182.289    36.397    -4.33    4.95
-118892.920    34.812    -5.48    5.81
-118603.549    33.250    -5.39    6.48
-118314.177    32.181    -3.70    6.99
-118024.803    31.097    -3.74    6.93
-117735.429    30.899    -0.69    7.30
-117446.052    30.575    -1.12    7.26
-117156.674    30.195    -1.32    7.16
-116867.295    29.686    -1.76    6.90
-116577.914    29.806     0.41    6.56
-116288.532    28.931    -3.03    7.15
-115999.148    27.115    -6.27    7.70
-115709.763    26.093    -3.53    7.88
-115420.377    23.451    -9.13    7.82
-115130.989    22.036    -4.89    7.30
-114841.599    20.416    -5.60    6.09
-114552.208    20.640     0.77    5.93
-114262.815    22.330     5.84    6.71
-113973.422    26.209    13.40    7.94
-113684.026    28.413     7.61    6.90
-113394.629    30.175     6.09    6.16
-113105.231    31.788     5.57    5.84
-112815.831    33.227     4.97    4.96
-112526.430    33.554     1.13    5.23
-112237.027    33.528    -0.09    5.49
-111947.622    34.347     2.83    4.78
-111658.217    35.031     2.36    4.67
-111368.809    35.996     3.34    4.11
-111079.401    36.796     2.76    3.12
-110789.990    37.097     1.04    2.61
-110500.579    36.709    -1.34    2.68
-110211.165    36.114    -2.06    3.24
-109921.751    35.089    -3.54    4.95
-109632.335    32.839    -7.77    6.27
-109342.917    31.663    -4.06    6.35
-109053.498    30.114    -5.35    6.04
-108764.077    28.462    -5.71    5.97
-108474.655    26.968    -5.16    5.57
-108185.231    25.814    -3.99    5.40
-107895.806    25.490    -1.12    5.47
-107606.379    24.618    -3.01    5.92
-107316.951    22.907    -5.91    5.47
-107027.521    22.297    -2.11    5.55
-106738.090    20.495    -6.23    5.29
-106448.658    19.488    -3.48    6.23
-106159.223    19.281    -0.72    7.02
-105869.788    17.571    -5.91    6.84
-105580.350    16.790    -2.70    6.47
-105290.912    15.114    -5.79    5.66
-105001.615    14.830    -0.98    5.72
-104712.497    15.261     1.49    6.54
-104423.377    15.669     1.41    7.12
-104134.256    17.446     6.15    7.95
-103845.133    19.991     8.80    9.40
-103556.008    21.581     5.50    9.61
-103266.883    23.244     5.75    9.45
-102977.755    25.222     6.84    8.77
-102688.626    27.381     7.46    8.11
-102399.496    29.433     7.10    7.02
-102110.364    30.797     4.72    6.50
-101821.230    31.314     1.79    6.29
-101532.095    31.933     2.14    6.19
-101242.959    31.554    -1.31    6.05
-100953.820    30.571    -3.40    6.03
-100664.681    30.101    -1.63    5.88
-100375.540    29.502    -2.07    5.76
-100086.397    30.110     2.10    5.63
 -99797.253    30.813     2.43    5.59
 -99508.107    31.954     3.95    5.95
 -99218.960    33.347     4.82    5.35
 -98929.811    34.347     3.46    4.30
 -98640.661    35.447     3.80    3.65
 -98351.509    35.663     0.75    3.55
 -98062.355    34.727    -3.24    4.34
 -97773.200    34.144    -2.02    4.66
 -97484.044    33.669    -1.64    4.77
 -97194.886    33.981     1.08    5.04
 -96905.726    34.175     0.67    5.00
 -96616.565    34.520     1.19    4.92
 -96327.402    35.037     1.79    4.77
 -96038.238    36.246     4.18    3.87
 -95749.072    36.464     0.76    3.66
 -95459.905    37.433     3.35    3.28
 -95170.736    38.364     3.22    3.17
 -94881.566    38.258    -0.37    3.22
 -94592.394    38.890     2.18    2.86
 -94303.220    39.247     1.24    2.94
 -94014.045    39.131    -0.40    3.12
 -93724.868    39.232     0.35    3.22
 -93435.690    38.786    -1.54    3.05
 -93146.510    38.551    -0.81    3.18
 -92857.329    37.520    -3.57    3.40
 -92568.146    36.831    -2.38    3.19
 -92278.962    35.954    -3.03    4.59
 -91989.776    35.554    -1.38    4.71
 -91700.588    34.856    -2.42    4.66
 -91411.399    34.312    -1.88    4.82
 -91122.208    34.315     0.01    5.10
 -90833.016    34.697     1.32    4.88
 -90543.822    34.764     0.23    4.87
 -90254.626    35.571     2.79    4.33
 -89965.429    35.189    -1.32    4.37
 -89676.231    34.212    -3.38    5.12
 -89387.030    33.864    -1.20    5.53
 -89097.829    33.741    -0.43    5.78
 -88808.625    33.076    -2.30    6.21
 -88519.420    32.575    -1.73    6.04
 -88230.214    32.399    -0.61    5.74
 -87941.006    32.451     0.18    5.23
 -87651.796    33.593     3.95    5.10
 -87362.585    33.933     1.18    4.93
 -87073.372    35.468     5.31    4.22
 -86784.158    36.175     2.44    3.68
 -86494.942    36.189     0.05    3.77
 -86205.724    36.003    -0.64    4.42
 -85916.505    36.314     1.08    4.65
 -85627.284    36.478     0.57    4.67
 -85338.062    36.575     0.34    4.45
 -85048.838    36.830     0.88    4.32
 -84759.612    37.647     2.83    3.88
 -84470.385    38.500     2.95    3.03
 -84181.156    38.397    -0.35    3.03
 -83891.926    38.330    -0.23    2.56
 -83602.694    38.227    -0.36    2.46
 -83313.460    38.227     0.00    2.58
 -83024.225    37.864    -1.25    2.68
 -82734.988    37.991     0.44    2.90
 -82445.750    38.054     0.22    2.97
 -82156.510    37.907    -0.51    3.29
 -81867.268    38.417     1.77    3.41
 -81578.025    38.551     0.46    3.49
 -81288.780    39.297     2.58    3.34
 -80999.533    39.564     0.92    3.48
 -80710.285    40.014     1.56    3.20
 -80421.036    40.172     0.55    3.18
 -80131.784    40.585     1.43    2.76
 -79842.531    40.244    -1.18    2.78
 -79553.277    40.164    -0.28    2.83
 -79264.021    39.806    -1.24    2.72
 -78974.763    39.891     0.29    2.70
 -78685.503    39.714    -0.61    2.52
 -78396.242    39.401    -1.08    2.55
 -78106.980    39.025    -1.30    2.70
 -77817.715    38.564    -1.59    2.87
 -77528.449    37.957    -2.10    2.82
 -77239.182    37.502    -1.57    2.54
 -76949.912    37.209    -1.01    2.52
 -76660.642    37.432     0.77    2.61
 -76371.369    37.601     0.59    2.71
 -76082.095    37.589    -0.04    2.77
 -75792.819    37.398    -0.66    2.79
 -75503.542    37.401     0.01    2.77
 -75214.263    37.161    -0.83    2.57
 -74924.982    36.933    -0.79    2.42
 -74635.700    36.823    -0.38    2.43
 -74346.416    36.382    -1.52    2.86
 -74057.130    36.054    -1.13    3.10
 -73767.843    35.727    -1.13    3.04
 -73478.554    35.847     0.42    2.96
 -73189.264    36.081     0.81    2.97
 -72899.971    36.261     0.62    3.11
 -72610.678    36.747     1.68    3.18
 -72321.382    37.347     2.07    3.06
 -72032.085    37.675     1.13    2.99
 -71742.786    37.931     0.88    3.02
 -71453.486    37.991     0.21    3.05
 -71164.184    38.534     1.87    2.55
 -70874.880    38.508    -0.09    2.51
 -70585.574    38.451    -0.20    2.84
 -70296.267    38.571     0.42    2.96
 -70006.958    38.093    -1.65    3.30
 -69717.648    37.731    -1.25    3.69
 -69428.336    36.709    -3.53    4.08
 -69139.022    36.534    -0.61    4.18
 -68849.707    36.716     0.63    4.04
 -68560.390    36.856     0.48    3.85
 -68271.071    37.581     2.51    3.60
 -67981.750    38.008     1.48    3.46
 -67692.428    39.497     5.15    2.98
 -67403.105    40.106     2.10    2.42
 -67113.779    40.534     1.48    2.42
 -66824.452    40.985     1.56    2.34
 -66535.123    41.059     0.26    2.34
 -66245.793    40.947    -0.39    2.39
 -65956.461    40.628    -1.10    2.22
 -65667.127    40.581    -0.16    2.13
 -65377.791    40.951     1.28    2.26
 -65088.454    40.589    -1.25    2.50
 -64799.115    40.731     0.49    2.60
 -64509.774    41.093     1.25    2.38
 -64220.432    41.692     2.07    2.67
 -63931.088    41.768     0.26    2.67
 -63641.742    42.161     1.36    2.46
 -63352.395    42.042    -0.41    2.91
 -63063.046    41.928    -0.39    2.86
 -62773.695    41.296    -2.18    3.14
 -62484.343    41.169    -0.44    3.34
 -62194.989    40.481    -2.38    3.20
 -61905.633    39.796    -2.37    2.62
 -61616.275    39.773    -0.08    2.60
 -61326.916    39.675    -0.34    2.47
 -61037.555    40.089     1.43    2.55
 -60748.192    40.364     0.95    2.32
 -60458.828    40.123    -0.83    2.41
 -60169.462    39.773    -1.21    2.88
 -59880.094    39.951     0.61    3.30
 -59590.725    39.147    -2.78    3.95
 -59301.354    39.169     0.07    4.12
 -59011.981    39.178     0.03    4.21
 -58722.606    39.019    -0.55    4.06
 -58433.230    38.881    -0.48    3.94
 -58143.852    39.069     0.65    3.51
 -57854.472    39.154     0.30    3.10
 -57565.091    38.933    -0.76    2.93
 -57275.707    39.144     0.73    2.92
 -56986.322    39.064    -0.28    2.80
 -56696.936    39.462     1.38    2.74
 -56407.547    39.520     0.20    2.57
 -56118.157    39.781     0.90    2.61
 -55828.766    39.207    -1.98    2.78
 -55539.372    38.214    -3.43    2.93
 -55249.977    37.924    -1.00    2.91
 -54960.580    37.382    -1.87    2.85
 -54671.181    36.907    -1.64    3.30
 -54381.781    36.747    -0.55    3.04
 -54092.378    36.831     0.29    2.92
 -53802.974    36.399    -1.49    2.99
 -53513.569    35.964    -1.50    3.17
 -53224.161    35.497    -1.61    3.26
 -52934.752    35.417    -0.28    3.17
 -52645.341    35.647     0.79    2.91
 -52355.929    35.589    -0.20    2.66
 -52066.514    35.298    -1.00    2.67
 -51777.098    35.147    -0.52    2.64
 -51487.681    35.192     0.15    2.42
 -51198.261    35.140    -0.18    2.45
 -50908.840    35.008    -0.46    2.85
 -50619.416    35.064     0.19    2.99
 -50329.992    35.181     0.40    3.24
 -50040.565    35.014    -0.58    3.32
 -49751.137    34.864    -0.52    3.33
 -49461.707    34.347    -1.79    3.56
 -49172.275    34.514     0.58    3.75
 -48882.841    34.209    -1.05    4.04
 -48593.406    32.397    -6.26    5.14
 -48303.969    31.381    -3.51    5.34
 -48014.530    30.951    -1.49    5.29
 -47725.089    30.778    -0.60    5.85
 -47435.647    30.951     0.60    6.16
 -47146.203    30.282    -2.31    6.55
 -46856.757    27.623    -9.18    8.03
 -46567.309    25.110    -8.68    9.69
 -46277.859    21.633   -12.01    9.80
 -45988.408    19.144    -8.60    9.44
 -45698.955    17.234    -6.60    8.12
 -45409.500    16.330    -3.12    7.39
 -45120.044    18.008     5.80    8.78
 -44830.586    20.623     9.03   10.27
 -44541.125    23.692    10.60   10.90
 -44251.664    27.635    13.62   10.66
 -43962.200    30.814    10.98    8.53
 -43672.734    33.767    10.20    5.05
 -43383.267    34.722     3.30    3.78
 -43093.798    35.347     2.16    3.08
 -42804.401    35.470     0.42    2.94
 -42515.317    35.478     0.03    3.13
 -42226.232    34.981    -1.72    2.85
 -41937.145    34.830    -0.52    2.90
 -41648.056    34.059    -2.67    2.98
 -41358.966    33.490    -1.97    3.44
 -41069.873    32.614    -3.03    3.46
 -40780.779    31.991    -2.15    2.77
 -40491.683    32.147     0.54    2.60
 -40202.585    31.981    -0.58    2.31
 -39913.486    32.014     0.12    2.47
 -39624.385    31.873    -0.49    2.37
 -39335.282    31.933     0.21    2.22
 -39046.177    31.681    -0.87    2.21
 -38757.070    31.093    -2.03    2.38
 -38467.962    30.778    -1.09    2.42
 -38178.851    30.347    -1.49    2.09
 -37889.739    29.698    -2.25    2.56
 -37600.625    29.697    -0.00    2.54
 -37311.510    29.771     0.26    2.63
 -37022.392    29.714    -0.20    2.74
 -36733.273    30.089     1.30    2.65
 -36444.152    30.454     1.27    2.63
 -36155.029    30.781     1.13    2.73
 -35865.904    31.025     0.85    3.02
 -35576.778    31.497     1.63    3.20
 -35287.649    31.192    -1.06    3.34
 -34998.519    30.916    -0.95    3.27
 -34709.387    30.658    -0.89    3.07
 -34420.253    30.296    -1.25    2.95
 -34131.118    30.577     0.97    2.51
 -33841.980    30.692     0.40    2.07
 -33552.841    30.703     0.04    2.17
 -33263.700    30.758     0.19    2.10
 -32974.557    30.500    -0.89    2.12
 -32685.413    30.638     0.48    2.41
 -32396.266    30.703     0.23    2.42
 -32107.118    30.330    -1.29    2.87
 -31817.968    30.606     0.95    3.09
 -31528.816    30.589    -0.06    3.10
 -31239.662    30.907     1.10    2.97
 -30950.506    31.164     0.89    3.00
 -30661.349    31.863     2.42    2.77
 -30372.189    32.151     0.99    2.86
 -30083.028    31.997    -0.53    3.01
 -29793.865    31.242    -2.61    3.41
 -29504.700    30.019    -4.23    4.83
 -29215.534    28.076    -6.72    5.70
 -28926.365    27.002    -3.71    5.92
 -28637.195    26.076    -3.20    5.74
 -28348.023    26.097     0.07    5.60
 -28058.849    26.164     0.23    5.64
 -27769.673    27.161     3.45    5.69
 -27480.495    28.981     6.29    4.67
 -27191.315    30.314     4.61    3.39
 -26902.134    30.996     2.36    3.11
 -26612.951    31.262     0.92    3.01
 -26323.766    31.347     0.29    3.20
 -26034.579    31.531     0.63    3.17
 -25745.390    31.195    -1.16    3.52
 -25456.199    30.720    -1.64    4.16
 -25167.007    30.071    -2.24    4.12
 -24877.812    29.470    -2.08    4.55
 -24588.616    29.064    -1.40    4.59
 -24299.418    28.805    -0.90    4.70
 -24010.218    28.314    -1.70    4.62
 -23721.016    27.571    -2.57    4.51
 -23431.812    26.919    -2.26    4.52
 -23142.607    27.264     1.19    4.45
 -22853.399    26.991    -0.94    4.33
 -22564.190    27.097     0.37    4.32
 -22274.979    27.985     3.07    4.49
 -21985.766    28.985     3.46    4.63
 -21696.551    29.520     1.85    4.45
 -21407.334    30.244     2.50    4.16
 -21118.115    29.659    -2.02    6.00
 -20828.895    29.278    -1.32    6.91
 -20539.673    28.279    -3.45    7.29
 -20250.448    28.079    -0.69    7.58
 -19961.222    27.246    -2.88    7.87
 -19671.994    25.412    -6.34    8.09
 -19382.764    23.754    -5.73    8.50
 -19093.532    21.890    -6.45    8.26
 -18804.299    20.537    -4.68    7.90
 -18515.063    18.968    -5.42    7.59
 -18225.825    16.947    -6.99    7.02
 -17936.586    16.114    -2.88    6.69
 -17647.345    15.654    -1.59    6.59
 -17358.102    15.044    -2.11    6.76
 -17068.857    14.664    -1.31    7.83
 -16779.610    12.996    -5.77    7.95
 -16490.361    12.167    -2.87    7.97
 -16201.110    12.449     0.98    8.17
 -15911.858    11.399    -3.63    8.16
 -15622.603    11.398    -0.00    8.41
 -15333.347    10.633    -2.65    8.30
 -15044.088    10.514    -0.41    8.63
 -14754.828    10.025    -1.69    9.01
 -14465.566     9.610    -1.44    9.36
 -14176.302     8.014    -5.52    9.67
 -13887.036     6.097    -6.63    9.84
 -13597.768     5.517    -2.01    9.47
 -13308.498     3.968    -5.35    8.18
 -13019.227     3.200    -2.66    7.08
 -12729.953     2.601    -2.07    5.67
 -12440.678     2.907     1.05    5.44
 -12151.400     3.261     1.23    5.79
 -11862.121     4.140     3.04    5.94
 -11572.840     5.413     4.40    6.64
 -11283.557     7.178     6.10    7.47
 -10994.272     9.664     8.59    6.79
 -10704.985    12.278     9.04    5.89
 -10415.696    14.106     6.32    4.80
 -10126.405    14.429     1.12    5.37
  -9837.112    13.997    -1.49    5.86
  -9547.817    13.511    -1.68    6.39
  -9258.521    13.610     0.34    6.80
  -8969.222    13.658     0.16    6.94
  -8679.922    13.581    -0.27    7.20
  -8390.619    13.485    -0.33    7.25
  -8101.315    14.331     2.92    6.96
  -7812.009    15.640     4.53    5.98
  -7522.701    17.093     5.02    4.54
  -7233.390    18.437     4.64    3.03
  -6944.078    18.764     1.13    2.78
  -6654.764    18.626    -0.48    2.73
  -6365.448    18.209    -1.44    2.79
  -6076.131    18.197    -0.04    2.63
  -5786.811    18.106    -0.32    2.92
  -5497.489    17.968    -0.48    3.01
  -5208.165    17.957    -0.04    3.58
  -4918.840    18.601     2.23    4.02
  -4629.512    18.528    -0.26    4.15
  -4340.182    18.687     0.55    4.42
  -4050.851    18.147    -1.86    5.08
  -3761.517    18.485     1.17    5.27
  -3472.182    18.880     1.36    5.34
  -3182.845    18.881     0.00    5.58
  -2893.505    18.754    -0.44    5.31
  -2604.164    18.192    -1.94    5.78
  -2314.821    17.579    -2.12    5.81
  -2025.475    17.855     0.95    5.35
  -1736.128    16.669    -4.10    6.30
  -1446.779    14.036    -9.10    8.39
  -1157.428    10.916   -10.78    9.54
   -868.075     8.454    -8.51    9.83
   -578.720     4.897   -12.29    8.71
   -289.363     2.020    -9.94    6.67
     -0.004    -0.253    -7.85    3.45
    289.357    -1.136    -3.05    0.50
    578.720    -1.187    -0.18    0.50
    868.085    -0.963     0.77    0.98
   1157.451    -0.498     1.61    1.78
   1446.820     1.151     5.70    4.66
   1736.191     2.951     6.22    5.84
   2025.564     4.991     7.05    6.27
   2314.939     6.916     6.65    6.32
   2604.315     7.571     2.26    6.09
   2893.694     7.412    -0.55    5.83
   3183.075     9.097     5.82    7.31
   3472.457     9.872     2.68    8.94
   3761.842    10.102     0.79    9.89
   4051.229    11.209     3.83    9.68
   4340.617    10.686    -1.81   10.20
   4630.008     9.229    -5.04   10.19
   4919.401     9.097    -0.45    9.99
   5208.795     8.589    -1.76    9.87
   5498.192     8.856     0.92   10.27
   5787.590     9.575     2.49    9.97
   6076.991    11.497     6.64    9.88
   6366.394    13.773     7.87    8.56
   6655.798    15.537     6.09    6.81
   6945.205    16.669     3.91    4.21
   7234.613    16.907     0.82    3.71
   7524.024    16.864    -0.15    3.86
   7813.436    17.957     3.78    4.19
   8102.851    18.681     2.50    4.26
   8392.268    18.741     0.21    4.35
   8681.686    18.540    -0.69    4.36
   8971.107    17.581    -3.32    4.46
   9260.529    16.089    -5.15    3.59
   9549.954    15.232    -2.96    3.20
   9839.381    14.381    -2.94    2.48
  10128.809    13.727    -2.26    2.29
  10418.240    13.451    -0.95    2.28
  10707.673    13.258    -0.67    2.18
  10997.107    12.964    -1.02    2.31
  11286.544    13.161     0.68    2.60
  11575.983    13.197     0.13    3.49
  11865.424    13.089    -0.38    4.03
  12154.866    13.562     1.63    4.24
  12444.311    14.114     1.91    4.18
  12733.758    15.106     3.43    4.50
  13023.207    15.597     1.70    4.75
  13312.658    16.703     3.82    5.04
  13602.111    18.089     4.79    4.04
  13891.566    18.692     2.08    3.90
  14181.023    18.296    -1.37    6.59
  14470.482    17.642    -2.26    7.43
  14759.943    16.968    -2.33    7.49
  15049.406    17.347     1.31    7.70
  15338.871    17.761     1.43    7.44
  15628.338    18.805     3.61    6.52
  15917.807    19.121     1.09    5.50
  16207.279    19.076    -0.16    4.90
  16496.752    17.805    -4.39    5.89
  16786.227    16.382    -4.92    6.86
  17075.704    13.623    -9.53    7.42
  17365.184    11.314    -7.98    6.94
  17654.665    10.231    -3.74    6.58
  17944.149     9.525    -2.44    6.37
  18233.634    10.240     2.47    7.36
  18523.122    12.597     8.14    7.55
  18812.612    13.979     4.77    7.64
  19102.103    15.134     3.99    7.26
  19391.597    16.414     4.42    6.63
  19680.683    16.296    -0.41    5.94
  19969.738    14.686    -5.57    5.94
  20258.796    13.189    -5.18    5.31
  20547.855    13.231     0.14    5.29
  20836.917    13.631     1.38    5.23
  21125.980    13.614    -0.06    4.87
  21415.046    13.881     0.92    5.22
  21704.113    14.891     3.50    4.76
  21993.183    15.212     1.11    4.60
  22282.255    15.140    -0.25    5.23
  22571.329    14.647    -1.71    5.18
  22860.405    14.093    -1.92    5.07
  23149.483    14.025    -0.23    4.99
  23438.563    14.692     2.31    5.04
  23727.645    14.115    -2.00    5.85
  24016.729    12.997    -3.87    6.74
  24305.815    12.686    -1.08    7.56
  24594.904    11.347    -4.63    7.80
  24883.994    10.106    -4.29    7.64
  25173.086     8.919    -4.11    7.51
  25462.181     9.531     2.12    7.08
  25751.278     9.278    -0.87    7.07
  26040.376     9.664     1.33    7.01
  26329.477    10.640     3.38    6.88
  26618.580    11.985     4.65    6.40
  26907.685    12.640     2.27    5.88
  27196.792    11.502    -3.94    5.79
  27485.901    10.659    -2.92    6.50
  27775.012     9.744    -3.16    6.85
  28064.125     9.110    -2.19    7.01
  28353.241     8.151    -3.32    6.88
  28642.358     7.415    -2.54    7.04
  28931.478     7.186    -0.79    7.10
  29220.599     7.381     0.68    7.13
  29509.723     7.381     0.00    6.62
  29798.849     7.172    -0.72    6.43
  30087.977     7.347     0.61    6.15
  30377.107     7.814     1.61    5.58
  30666.239     8.731     3.17    5.26
  30955.373     9.621     3.08    5.49
  31244.509    10.347     2.51    5.25
  31533.648    10.597     0.86    5.37
  31822.788    10.645     0.17    5.77
  32111.931    10.299    -1.20    7.19
  32401.076     8.991    -4.52    8.70
  32690.222     7.534    -5.04    9.34
  32979.371     6.364    -4.04   10.34
  33268.522     5.727    -2.21   11.62
  33557.676     6.581     2.95   12.61
  33846.831     7.144     1.95   14.25
  34135.988     8.331     4.11   14.83
  34425.148    11.822    12.07   14.91
  34714.309    14.347     8.73   14.84
  35003.473    14.856     1.76   13.74
  35292.639    16.037     4.08   12.58
  35581.807    15.314    -2.50   11.52
  35870.977    14.805    -1.76   10.72
  36160.149    12.907    -6.56   11.16
  36449.323    11.054    -6.41   10.78
  36738.500    10.401    -2.26   11.03
  37027.679    11.483     3.74   12.51
  37316.859    11.764     0.97   12.60
  37606.042    12.708     3.26   12.91
  37895.227    12.106    -2.08   12.21
  38184.414    13.830     5.96   12.59
  38473.603    13.414    -1.44   11.89
  38762.795    14.042     2.17   12.40
  39051.988    16.446     8.31   13.43
  39341.184    17.830     4.79   14.78
  39630.382    18.916     3.76   14.82
  39919.582    20.399     5.13   15.08
  40208.784    23.212     9.73   15.02
  40497.988    25.724     8.69   13.90
  40787.194    28.796    10.62   12.93
  41076.403    29.618     2.85   12.00
  41365.613    31.687     7.15    9.48
  41654.826    33.164     5.11    7.54
  41944.041    33.560     1.37    6.67
  42233.258    33.296    -0.91    6.30
  42522.477    33.164    -0.46    5.56
  42811.699    34.189     3.55    4.78
  43100.922    33.856    -1.15    4.37
  43390.148    34.731     3.02    4.11
  43679.376    35.181     1.56    3.79
  43968.606    35.896     2.47    3.32
  44257.838    35.821    -0.26    3.15
  44547.072    36.281     1.59    2.73
  44836.309    36.204    -0.26    2.62
  45125.548    35.767    -1.51    2.69
  45414.788    35.279    -1.68    2.83
  45704.031    35.081    -0.69    2.90
  45993.276    34.899    -0.63    2.89
  46282.524    34.916     0.06    2.93
  46571.773    35.381     1.61    2.75
  46861.025    35.551     0.59    2.49
  47150.279    35.654     0.36    2.51
  47439.535    35.635    -0.06    2.75
  47728.793    35.597    -0.13    3.02
  48018.053    35.279    -1.10    3.06
  48307.316    35.192    -0.30    3.21
  48596.581    34.757    -1.50    3.11
  48885.847    34.589    -0.58    2.94
  49175.116    34.778     0.66    2.73
  49464.388    34.640    -0.48    3.39
  49753.661    34.172    -1.62    3.90
  50042.937    34.101    -0.24    3.83
  50332.215    34.231     0.45    3.74
  50621.495    34.396     0.57    3.89
  50910.777    34.681     0.98    3.51
  51200.061    34.416    -0.91    3.12
  51489.348    34.297    -0.41    3.11
  51778.636    34.330     0.11    2.69
  52067.927    34.547     0.75    2.75
  52357.220    34.417    -0.45    2.65
  52646.516    34.709     1.01    2.66
  52935.813    34.754     0.15    2.31
  53225.113    34.534    -0.76    2.31
  53514.415    34.093    -1.52    2.23
  53803.719    33.933    -0.55    2.23
  54093.025    33.907    -0.09    2.44
  54382.334    33.417    -1.69    2.56
  54671.645    33.247    -0.59    2.41
  54960.958    32.597    -2.25    2.75
  55250.273    32.314    -0.98    2.97
  55539.590    32.264    -0.17    3.21
  55828.910    32.172    -0.32    3.25
  56118.232    32.178     0.02    3.26
  56407.556    32.606     1.48    3.02
  56696.882    33.134     1.83    2.81
  56986.210    33.839     2.44    2.01
  57275.541    33.733    -0.37    2.08
  57564.874    33.647    -0.30    2.17
  57854.209    33.615    -0.11    2.39
  58143.546    33.380    -0.81    2.44
  58432.886    33.431     0.18    2.71
  58722.227    33.447     0.06    2.69
  59011.571    33.606     0.55    2.61
  59300.918    33.733     0.44    2.59
  59590.266    33.771     0.13    2.42
  59879.617    34.042     0.94    2.42
  60168.970    34.315     0.94    2.39
  60458.325    34.054    -0.90    2.42
  60747.682    33.744    -1.07    2.71
  61037.042    33.882     0.48    2.82
  61326.403    33.778    -0.36    2.84
  61615.768    33.872     0.32    2.79
  61905.134    33.796    -0.26    2.87
  62194.502    34.020     0.77    2.71
  62483.873    34.399     1.31    2.89
  62773.246    34.924     1.81    2.87
  63062.621    35.659     2.54    2.75
  63351.999    36.020     1.25    2.74
  63641.379    36.614     2.05    2.52
  63930.761    36.295    -1.10    2.88
  64220.145    35.985    -1.07    2.85
  64509.531    35.297    -2.38    3.16
  64798.920    34.974    -1.12    3.11
  65088.311    34.790    -0.64    3.33
  65377.704    34.401    -1.34    3.11
  65667.100    34.416     0.05    3.04
  65956.498    34.365    -0.18    2.97
  66245.898    34.283    -0.28    2.87
  66535.300    34.216    -0.23    2.90
  66824.705    34.261     0.16    2.89
  67114.111    34.281     0.07    2.77
  67403.520    33.996    -0.98    3.27
  67692.932    34.197     0.69    3.59
  67982.345    34.231     0.12    3.65
  68271.761    34.364     0.46    3.75
  68561.179    33.991    -1.29    3.98
  68850.600    34.102     0.38    3.90
  69140.022    34.597     1.71    3.74
  69429.447    34.727     0.45    3.18
  69718.874    34.757     0.11    2.76
  70008.304    35.131     1.29    2.69
  70297.736    35.278     0.51    2.59
  70587.170    35.313     0.12    2.62
  70876.606    35.261    -0.18    2.66
  71166.045    35.214    -0.16    2.30
  71455.486    35.262     0.17    2.42
  71744.929    35.313     0.18    2.23
  72034.374    34.640    -2.33    2.32
  72323.822    34.382    -0.89    2.34
  72613.272    34.151    -0.80    2.48
  72902.724    33.797    -1.22    2.53
  73192.179    33.654    -0.50    2.28
  73481.636    33.488    -0.57    2.49
  73771.095    33.985     1.72    2.61
  74060.556    33.991     0.02    3.07
  74350.020    34.227     0.81    3.40
  74639.486    34.167    -0.21    3.48
  74928.954    34.623     1.58    3.50
  75218.425    34.037    -2.03    4.04
  75507.898    34.224     0.65    3.88
  75797.373    34.914     2.38    3.60
  76086.851    34.446    -1.62    3.74
  76376.331    34.020    -1.47    3.06
  76665.813    33.788    -0.80    2.99
  76955.297    33.856     0.24    2.92
  77244.784    33.571    -0.98    3.37
  77534.273    33.181    -1.35    3.40
  77823.764    32.737    -1.53    3.24
  78113.258    33.183     1.54    3.41
  78402.754    32.740    -1.53    3.51
  78692.252    33.247     1.75    3.29
  78981.753    32.985    -0.91    4.17
  79271.256    32.138    -2.93    5.56
  79560.761    30.265    -6.47    7.00
  79850.269    27.652    -9.03    8.92
  80139.779    23.822   -13.23   10.36
  80429.291    20.026   -13.11   10.36
  80718.805    17.167    -9.87    9.85
  81008.322    15.296    -6.46    9.19
  81297.841    15.731     1.50    9.96
  81587.363    18.382     9.16   11.58
  81876.552    22.097    12.85   11.56
  82165.576    24.714     9.05   11.22
  82454.602    29.002    14.84    8.98
  82743.631    32.331    11.52    5.84
  83032.661    33.714     4.79    4.77
  83321.694    34.571     2.97    4.42
  83610.730    35.123     1.91    3.91
  83899.767    35.158     0.12    3.98
  84188.807    35.528     1.28    3.94
  84477.850    34.106    -4.92    5.46
  84766.895    33.297    -2.80    6.35
  85055.942    33.192    -0.36    5.95
  85344.991    32.940    -0.87    6.17
  85634.043    33.073     0.46    5.94
  85923.097    33.631     1.93    5.75
  86212.153    34.183     1.91    5.12
  86501.212    34.751     1.96    4.08
  86790.273    35.054     1.05    3.94
  87079.336    35.635     2.01    3.41
  87368.402    36.031     1.37    3.19
  87657.470    36.231     0.69    3.00
  87946.540    36.278     0.17    2.45
  88235.613    36.296     0.06    2.53
  88524.688    36.523     0.78    2.47
  88813.766    36.447    -0.26    2.93
  89102.845    36.297    -0.52    3.22
  89391.928    35.709    -2.03    3.48
  89681.012    35.764     0.19    3.56
  89970.099    34.647    -3.86    4.11
  90259.188    34.551    -0.33    4.24
  90548.280    33.737    -2.81    4.84
  90837.374    33.381    -1.23    4.96
  91126.470    32.197    -4.10    5.74
  91415.569    31.312    -3.06    5.87
  91704.670    31.081    -0.80    6.34
  91993.773    30.778    -1.05    6.03
  92282.879    31.412     2.19    5.59
  92571.987    31.581     0.58    4.64
  92861.098    31.839     0.89    4.67
  93150.210    32.330     1.70    4.45
  93439.326    32.768     1.52    4.60
  93728.443    32.635    -0.46    4.68
  94017.563    32.703     0.23    4.65
  94306.686    32.315    -1.34    4.80
  94595.810    32.164    -0.52    4.48
  94884.937    30.154    -6.95    5.60
  95174.067    27.279    -9.94    7.75
  95463.199    23.761   -12.17    8.72
  95752.333    20.511   -11.24    9.09
  96041.470    16.796   -12.85    8.85
  96330.609    14.158    -9.12    7.54
  96619.750    11.658    -8.65    5.39
  96908.894    10.042    -5.59    3.82
  97198.040     9.347    -2.40    3.38
  97487.189     8.502    -2.92    3.08
  97776.340     7.731    -2.67    2.87
  98065.493     7.579    -0.52    3.19
  98354.649     7.399    -0.62    4.07
  98643.807     8.531     3.91    5.83
  98932.967    10.534     6.93    7.63
  99222.130    13.232     9.33    8.88
  99511.295    16.329    10.71    9.31
  99800.463    20.209    13.42    9.09
 100089.633    23.296    10.67    7.86
 100378.806    26.464    10.96    7.29
 100667.981    29.052     8.95    6.30
 100957.158    30.313     4.36    6.16
 101246.338    32.064     6.06    5.74
 101535.520    33.433     4.74    5.27
 101824.704    34.232     2.76    4.26
 102113.891    34.797     1.95    3.72
 102403.081    34.697    -0.35    3.49
 102692.272    34.531    -0.58    2.91
 102981.467    34.933     1.39    2.67
 103270.663    35.076     0.49    2.73
 103559.862    35.209     0.46    2.52
 103849.064    34.544    -2.30    2.93
 104138.268    34.134    -1.42    2.93
 104427.474    33.645    -1.69    3.29
 104716.683    33.140    -1.75    3.19
 105005.894    33.140     0.00    3.44
 105295.107    33.014    -0.44    3.75
 105584.323    32.737    -0.96    3.91
 105873.542    33.614     3.03    4.09
 106162.762    34.813     4.15    4.44
 106451.986    36.084     4.40    4.09
 106741.211    37.197     3.85    3.25
 107030.439    37.314     0.40    3.35
 107319.670    37.605     1.01    3.47
 107608.903    37.830     0.78    3.68
 107898.138    37.451    -1.31    3.65
 108187.376    37.382    -0.24    3.76
 108476.616    37.433     0.18    3.36
 108765.859    37.282    -0.52    3.09
 109055.104    37.278    -0.01    2.94
 109344.352    37.313     0.12    2.75
 109633.602    37.209    -0.36    2.88
 109922.854    36.652    -1.93    3.73
 110212.109    36.847     0.67    3.56
 110501.367    37.106     0.89    3.61
 110790.627    37.483     1.30    3.39
 111079.889    37.433    -0.17    3.11
 111369.154    37.606     0.60    2.34
 111658.421    38.097     1.70    1.85
 111947.690    38.364     0.92    1.85
 112236.963    38.589     0.78    1.87
 112526.237    38.079    -1.76    2.98
 112815.514    37.114    -3.34    3.96
 113104.794    35.154    -6.77    5.79
 113394.075    33.750    -4.85    5.84
 113683.360    32.330    -4.91    5.32
 113972.647    31.744    -2.03    4.88
 114261.936    31.585    -0.55    4.60
 114551.228    32.508     3.19    4.50
 114840.522    33.681     4.05    4.39
 115129.819    35.483     6.23    3.18
 115419.118    36.492     3.49    2.35
 115708.420    36.797     1.05    2.00
 115997.724    37.222     1.47    2.13
 116287.030    37.517     1.02    2.31
 116576.339    37.847     1.14    2.07
 116865.651    37.855     0.03    1.96
 117154.965    38.076     0.76    1.95
 117444.282    38.278     0.70    2.15
 117733.600    38.468     0.66    2.10
 118022.922    38.382    -0.30    2.04
 118312.246    38.036    -1.20    2.08
 118601.572    37.856    -0.62    2.04
 118890.901    37.664    -0.66    2.01
 119180.233    37.537    -0.44    1.78
 119469.567    37.882     1.19    1.87
 119758.903    37.855    -0.09    1.86
 120048.242    37.873     0.06    1.70
 120337.583    37.890     0.06    1.62
 120626.927    37.901     0.04    1.64
 120916.273    38.002     0.35    1.55
 121205.622    38.144     0.49    1.52
 121494.974    38.262     0.41    1.66
 121784.327    38.331     0.24    1.78
 122073.684    38.433     0.36    1.82
 122363.043    38.568     0.46    1.79
 122652.404    38.628     0.21    1.82
 122941.768    38.720     0.32    2.08
 123231.134    39.118     1.37    1.97
 123520.503    38.873    -0.85    1.86
 123809.874    38.747    -0.43    1.84
 124099.248    38.675    -0.25    1.86
 124388.625    38.771     0.33    1.86
 124678.003    38.451    -1.11    1.79
 124967.385    38.195    -0.88    1.77
 125256.769    37.797    -1.37    1.58
 125546.155    37.523    -0.95    1.53
 125835.544    37.697     0.60    1.69
 126124.936    37.968     0.94    1.97
 126414.330    37.896    -0.25    2.01
 126703.726    37.864    -0.11    2.05
 126993.125    37.281    -2.02    3.73
 127282.527    37.451     0.59    3.82
 127571.931    37.365    -0.30    3.92
 127861.337    36.839    -1.82    4.04
 128150.746    36.585    -0.88    4.05
 128440.158    36.412    -0.60    3.92
 128729.572    36.089    -1.12    4.05
 129018.989    35.847    -0.83    3.96
 129308.408    35.433    -1.43    3.86
 129597.830    35.261    -0.60    3.79
 129887.254    35.987     2.51    2.30
 130176.681    36.123     0.47    3.07
 130466.111    35.485    -2.20    3.70
 130755.542    35.054    -1.49    3.61
 131044.977    34.181    -3.02    4.54
 131334.414    33.647    -1.84    4.80
 131623.853    32.813    -2.88    5.16
 131913.296    33.981     4.03    5.36
 132202.740    34.544     1.95    5.23
 132492.187    35.192     2.24    5.30
 132781.637    36.164     3.36    4.95
 133071.089    37.483     4.56    4.16
 133360.544    37.896     1.43    3.48
 133650.002    38.329     1.50    2.94
 133939.462    38.568     0.82    3.09
 134228.924    38.313    -0.88    3.21
 134518.389    38.009    -1.05    3.20
 134807.857    38.234     0.78    3.31
 135097.327    38.192    -0.15    3.34
 135386.800    38.014    -0.62    3.19
 135676.275    35.758    -7.79    5.10
 135965.753    34.249    -5.21    5.70
 136255.233    33.597    -2.25    6.22
 136544.716    32.697    -3.11    6.85
 136834.202    30.974    -5.95    7.06
 137123.690    30.883    -0.32    7.18
 137413.180    31.581     2.41    7.31
 137702.674    33.175     5.51    6.99
 137992.169    34.314     3.94    7.32
 138281.668    35.981     5.76    6.33
 138571.169    37.554     5.44    5.28
 138860.672    38.468     3.16    3.90
 139150.178    39.451     3.39    3.31
 139439.687    40.085     2.19    3.33
 139729.198    40.261     0.61    3.15
 140018.712    40.279     0.06    3.20
 140308.229    40.296     0.06    3.05
 140597.748    40.416     0.42    3.31
 140887.269    40.363    -0.18    3.35
 141176.793    40.397     0.12    3.40
 141466.320    40.282    -0.40    3.24
 141755.850    40.224    -0.20    2.96
 142045.381    40.227     0.01    2.60
 142334.916    40.601     1.29    2.92
 142624.453    40.466    -0.47    3.12
 142913.993    40.431    -0.12    3.54
 143203.535    40.727     1.02    3.52
 143493.080    40.686    -0.14    3.41
 143782.628    40.821     0.47    3.26
 144071.952    40.497    -1.12    3.28
 144360.947    40.626     0.45    3.06
 144649.944    40.692     0.23    3.32
 144938.943    40.447    -0.85    2.99
 145227.946    40.331    -0.40    3.04
 145516.950    40.014    -1.10    3.33
 145805.958    40.076     0.22    3.55
 146094.968    40.093     0.06    3.61
 146383.980    39.495    -2.07    3.90
 146672.995    38.909    -2.03    4.09
 146962.013    38.697    -0.73    4.23
 147251.034    37.330    -4.73    5.24
 147540.057    36.675    -2.27    4.79
 147829.082    36.081    -2.06    5.75
 148118.110    35.606    -1.64    6.41
 148407.141    34.951    -2.27    7.00
 148696.175    35.049     0.34    7.54
 148985.211    34.642    -1.41    7.48
 149274.249    33.847    -2.75    7.64
 149563.291    31.734    -7.31    9.49
 149852.334    30.568    -4.04    9.70
 150141.381    29.575    -3.43    9.60
 150430.430    28.181    -4.83   10.32
 150719.482    27.589    -2.05   10.88
 151008.536    26.249    -4.64   11.06
 151297.593    25.399    -2.94   11.15
 151586.652    24.640    -2.62   11.58
 151875.715    24.227    -1.43   11.48
 152164.779    25.873     5.69   11.03
 152453.847    27.031     4.01   10.92
 152742.917    28.330     4.50   11.23
 153031.990    30.397     7.15   11.06
 153321.065    33.187     9.65   10.26
 153610.143    35.227     7.06    8.28
 153899.224    36.164     3.24    6.50
 154188.307    34.466    -5.87    7.46
 154477.393    33.560    -3.13    7.69
 154766.481    32.972    -2.03    8.00
 155055.572    32.054    -3.18    7.78
 155344.666    32.709     2.27    7.78
 155633.762    33.412     2.43    7.92
 155922.862    34.036     2.16    7.56
 156211.963    34.071     0.12    7.37
 156501.068    34.497     1.47    6.73
 156790.175    34.733     0.82    6.28
 157079.284    35.964     4.26    5.68
 157368.396    36.847     3.06    5.43
 157657.511    37.597     2.59    5.21
 157946.629    38.264     2.31    5.29
 158235.749    38.296     0.11    5.09
 158524.872    38.364     0.24    4.75
 158813.998    38.864     1.73    4.02
 159103.126    38.937     0.25    3.70
 159392.257    39.597     2.28    4.00
 159681.390    39.951     1.22    3.73
 159970.526    40.606     2.27    3.82
 160259.665    41.821     4.20    3.15
 160548.807    41.781    -0.14    3.12
 160837.951    41.500    -0.97    3.08
 161127.098    41.164    -1.16    2.91
 161416.247    40.830    -1.15    2.77
 161705.399    40.224    -2.09    2.74
 161994.554    39.531    -2.40    2.64
 162283.712    38.568    -3.33    2.65
 162572.872    37.881    -2.38    2.97
 162862.035    37.296    -2.02    3.20
 163151.200    36.296    -3.46    3.91
 163440.368    35.692    -2.09    4.50
 163729.539    34.709    -3.40    5.15
 164018.713    33.773    -3.24    6.06
 164307.889    33.192    -2.01    6.54
 164597.068    32.398    -2.75    6.94
 164886.249    32.472     0.26    7.22
 165175.434    33.771     4.49    7.32
 165464.620    35.960     7.57    7.17
 165753.810    37.805     6.38    6.22
 166043.002    39.531     5.97    4.44
 166332.197    40.558     3.55    3.57
 166621.395    41.071     1.78    3.14
 166910.596    41.547     1.65    2.99
 167199.799    41.297    -0.86    3.04
 167489.004    40.928    -1.28    3.29
 167778.213    40.597    -1.14    3.27
 168067.424    40.114    -1.67    3.14
 168356.638    40.454     1.18    3.15
 168645.854    40.412    -0.15    2.91
 168935.074    39.703    -2.45    3.03
 169224.296    38.847    -2.96    3.78
 169513.520    38.071    -2.68    4.35
 169802.748    36.778    -4.47    4.89
 170091.978    35.924    -2.96    4.51
 170381.211    35.313    -2.11    4.03
 170670.446    35.347     0.12    3.94
 170959.684    36.144     2.75    3.93
 171248.925    37.382     4.28    3.46
 171538.169    37.957     1.99    3.31
 171827.415    39.106     3.97    3.20
 172116.664    39.560     1.57    3.39
 172405.916    39.709     0.51    3.73
 172695.170    39.899     0.66    4.04
 172984.428    40.278     1.31    3.90
 173273.687    40.451     0.60    3.86
 173562.950    40.806     1.23    3.59
 173852.215    40.964     0.55    3.39
 174141.484    41.134     0.59    2.55
 174430.754    40.996    -0.48    3.28
 174720.028    41.175     0.62    3.36
 175009.304    41.547     1.29    3.43
 175298.583    41.618     0.25    3.58
 175587.865    41.247    -1.28    4.31
 175877.149    41.709     1.60    3.67
 176166.437    41.485    -0.77    3.85
 176455.726    41.261    -0.77    3.96
 176745.019    40.741    -1.80    4.12
 177034.315    40.741     0.00    4.01
 177323.613    39.313    -4.94    5.46
 177612.914    36.737    -8.90    7.49
 177902.217    35.002    -6.00    7.79
 178191.523    34.214    -2.73    7.58
 178480.833    33.681    -1.84    7.07
 178770.144    33.797     0.40    6.88
 179059.459    35.987     7.57    6.88
 179348.776    38.278     7.92    5.65
 179638.096    40.147     6.46    3.83
 179927.419    41.589     4.98    2.41
 180216.745    41.806     0.75    2.43
 180506.073    41.681    -0.43    2.60
 180795.404    41.796     0.40    2.75
 181084.738    41.899     0.36    2.99
 181374.075    41.526    -1.29    3.33
 181663.414    41.659     0.46    3.09
 181952.756    41.873     0.74    2.93
 182242.101    41.947     0.26    3.17
 182531.449    42.106     0.55    3.32
 182820.799    41.758    -1.20    3.48
 183110.152    41.781     0.08    3.41
 183399.508    41.675    -0.37    3.31
 183688.867    41.714     0.14    3.26
 183978.228    41.381    -1.15    3.26
 184267.593    41.658     0.96    2.82
 184556.960    41.675     0.06    2.68
 184846.330    41.744     0.24    2.43
 185135.702    41.905     0.56    2.71
 185425.077    41.675    -0.79    2.60
 185714.456    41.279    -1.37    2.64
 186003.836    40.722    -1.93    3.67
 186293.220    38.881    -6.36    5.96
 186582.607    36.573    -7.97    7.58
 186871.996    34.279    -7.93    8.25
 187161.388    31.414    -9.90    7.71
 187450.783    29.628    -6.17    6.97
 187740.180    28.924    -2.43    6.78
 188029.581    29.647     2.50    7.21
 188318.984    30.381     2.53    7.20
 188608.390    31.831     5.01    7.38
 188897.798    33.926     7.24    6.78
 189187.210    35.664     6.00    6.88
 189476.624    35.954     1.00    7.30
 189766.041    37.331     4.76    7.35
 190055.461    38.991     5.74    6.50
 190344.884    40.747     6.07    5.51
 190634.310    42.537     6.18    3.29
 190923.738    43.020     1.67    2.96
 191213.169    43.466     1.54    2.74
 191502.603    43.882     1.44    2.68
 191792.040    43.928     0.16    2.70
 192081.479    44.114     0.64    2.47
 192370.921    43.813    -1.04    2.47
 192660.367    43.709    -0.36    2.45
 192949.815    44.037     1.13    2.54
 193239.265    43.970    -0.23    2.66
 193528.719    42.916    -3.64    4.49
 193818.175    42.416    -1.73    5.10
 194107.634    42.261    -0.54    5.82
 194397.097    41.025    -4.27    6.97
 194686.561    40.944    -0.28    6.59
 194976.029    40.347    -2.06    6.50
 195265.499    39.881    -1.61    6.04
 195554.973    40.558     2.34    5.18
 195844.449    41.020     1.60    4.08
 196133.928    41.231     0.73    2.55
 196423.410    41.008    -0.77    2.34
 196712.894    40.597    -1.42    2.56
 197002.382    40.347    -0.86    2.49
 197291.872    40.364     0.06    2.69
 197581.365    40.821     1.58    2.85
 197870.861    41.481     2.28    3.43
 198160.360    42.462     3.39    3.72
 198449.861    43.278     2.82    3.87
 198739.366    44.025     2.58    3.48
 199028.873    44.002    -0.08    4.35
 199318.383    43.297    -2.44    4.76
 199607.896    41.397    -6.56    5.78
 199897.412    39.647    -6.04    6.49
 200186.930    37.114    -8.75    6.43
 200476.452    36.207    -3.13    6.04
 200765.976    34.631    -5.44    6.25
 201055.503    34.589    -0.14    5.97
 201345.033    31.897    -9.30    8.68
 201634.566    28.262   -12.55   11.11
 201924.102    23.720   -15.69   12.73
 202213.640    19.830   -13.44   12.62
 202503.182    16.681   -10.88   10.41
 202792.726    15.282    -4.83    8.71
 203082.273    15.246    -0.12    8.50
 203371.823    16.937     5.84    8.89
 203661.376    19.261     8.03    8.48
 203950.931    20.675     4.88    7.69
 204240.490    20.976     1.04    6.45
 204530.051    20.601    -1.29    6.60
 204819.616    18.931    -5.77    6.89
 205109.183    16.681    -7.77    6.91
 205398.753    14.640    -7.05    7.25
 205688.326    13.008    -5.64    7.04
 205977.901    10.720    -7.90    6.20
 206267.391     9.364    -4.69    5.15
 206556.352     8.537    -2.86    3.41
 206845.315     8.313    -0.77    2.27
 207134.281     8.786     1.64    2.46
 207423.251     9.414     2.17    2.60
 207712.223     9.987     1.98    2.48
 208001.197    11.181     4.13    4.22
 208290.175    12.397     4.21    6.65
 208579.156    13.681     4.44    7.54
 208868.139    15.110     4.95    8.47
 209157.125    16.227     3.86    9.16
 209446.114    18.593     8.19    9.47
 209735.106    18.544    -0.17    8.94
 210024.101    19.312     2.66    8.51
 210313.099    20.514     4.16    8.96
 210602.100    21.597     3.75    8.30
 210891.103    23.654     7.12    8.02
 211180.110    26.364     9.38    7.90
 211469.119    29.997    12.57    9.59
 211758.131    33.727    12.90    9.59
 212047.146    36.716    10.34    9.28
 212336.164    39.097     8.24    7.86
 212625.185    41.451     8.14    6.43
 212914.208    42.101     2.25    5.75
 213203.235    42.964     2.98    4.65
 213492.264    43.468     1.74    4.23
 213781.297    43.520     0.18    3.95
 214070.332    44.140     2.15    4.14
 214359.370    44.593     1.57    4.05
 214648.411    44.778     0.64    3.48
 214937.455    45.381     2.08    3.41
 215226.502    45.571     0.66    3.40
 215515.552    45.381    -0.66    3.16
 215804.604    45.347    -0.12    3.01
 216093.660    45.314    -0.12    3.10
 216382.718    45.216    -0.34    3.28
 216671.780    45.610     1.36    3.22
 216960.844    45.451    -0.55    3.01
 217249.911    45.839     1.34    3.08
 217538.981    45.781    -0.20    3.33
 217828.054    45.921     0.49    3.30
 218117.130    46.296     1.30    3.19
 218406.209    46.447     0.52    2.89
 218695.291    46.485     0.13    2.73
 218984.375    46.714     0.79    2.74
 219273.463    46.737     0.08    2.63
 219562.553    46.551    -0.64    2.50
 219851.647    46.747     0.68    2.65
 220140.743    46.931     0.63    2.57
 220429.842    47.262     1.15    2.70
 220718.944    47.778     1.78    2.73
 221008.049    47.298    -1.66    2.87
 221297.157    46.647    -2.25    3.25
 221586.268    46.470    -0.61    3.42
 221875.382    46.279    -0.66    3.13
 222164.499    46.399     0.41    2.99
 222453.618    46.447     0.17    2.95
 222742.741    46.042    -1.40    3.09
 223031.867    46.296     0.88    3.20
 223320.995    46.089    -0.72    3.10
 223610.126    45.692    -1.37    3.35
 223899.261    45.773     0.28    3.48
 224188.398    45.364    -1.42    4.18
 224477.538    45.170    -0.67    4.42
 224766.682    45.067    -0.36    4.52
 225055.828    44.916    -0.52    5.41
 225344.977    45.313     1.37    5.06
 225634.129    44.882    -1.49    5.33
 225923.284    44.724    -0.54    5.73
 226212.442    44.485    -0.83    6.01
 226501.603    44.227    -0.89    5.66
 226790.766    43.951    -0.95    5.99
 227079.933    43.031    -3.18    6.54
 227369.103    41.970    -3.67    7.55
 227658.275    41.623    -1.20    8.26
 227947.451    40.500    -3.88    8.74
 228236.630    39.296    -4.16    9.82
 228525.811    38.399    -3.10   11.36
 228814.996    38.414     0.05   11.83
 229104.183    39.635     4.22   11.20
 229393.374    39.073    -1.94   11.68
 229682.567    38.151    -3.19   11.68
 229971.763    35.847    -7.97   13.86
 230260.963    33.026    -9.76   14.51
 230550.165    31.799    -4.24   14.50
 230839.370    30.431    -4.73   13.71
 231128.578    30.514     0.29   13.54
 231417.789    30.830     1.09   13.66
 231707.004    31.453     2.15   13.42
 231996.221    32.214     2.63   12.85
 232285.441    32.381     0.58   12.06
 232574.664    32.912     1.83   11.69
 232863.890    32.008    -3.12   12.35
 233153.119    30.812    -4.14   11.91
 233442.351    32.839     7.01   12.29
 233731.586    36.485    12.61   11.85
 234020.824    39.773    11.37   10.52
 234310.065    42.554     9.61    7.72
 234599.309    44.692     7.39    5.35
 234888.556    45.709     3.52    4.41
 235177.806    45.727     0.06    4.45
 235467.059    46.081     1.22    4.44
 235756.315    46.606     1.82    4.27
 236045.574    46.631     0.09    4.44
 236334.835    46.610    -0.07    4.31
 236624.100    45.123    -5.14    6.49
 236913.368    43.747    -4.76    7.66
 237202.639    43.229    -1.79    7.81
 237491.913    42.447    -2.70    8.26
 237781.190    40.347    -7.26    9.19
 238070.470    38.227    -7.33    8.99
 238359.753    36.172    -7.10    8.68
 238649.038    34.790    -4.78    8.24
 238938.327    34.560    -0.79    8.46
 239227.619    33.899    -2.29    8.15
 239516.914    34.313     1.43    8.27
 239806.212    34.571     0.89    8.16
 240095.513    34.864     1.01    8.53
 240384.817    34.181    -2.36    8.45
 240674.124    32.464    -5.93    8.14
 240963.434    31.464    -3.46    7.75
 241252.747    30.899    -1.95    7.31
 241542.063    31.364     1.61    7.34
 241831.382    31.882     1.79    6.97
 242120.704    32.085     0.70    7.12
 242410.029    32.246     0.56    6.85
 242699.357    32.754     1.76    7.06
 242988.688    34.002     4.31    7.41
 243278.022    35.776     6.13    8.07
 243567.360    37.093     4.55    8.67
 243856.700    39.585     8.61    8.89
 244146.043    42.642    10.57    6.56
 244435.389    45.175     8.75    3.92
 244724.739    46.209     3.58    3.43
 245014.091    45.897    -1.08    4.16
 245303.446    45.483    -1.43    5.29
 245592.805    44.528    -3.30    5.87
 245882.166    44.089    -1.52    6.13
 246171.530    42.864    -4.23    6.97
 246460.898    42.502    -1.25    7.35
 246750.269    43.822     4.56    5.85
 247039.642    44.364     1.87    5.04
 247329.019    45.640     4.41    2.44
 247618.398    45.517    -0.43    2.74
 247907.781    45.347    -0.59    3.13
 248197.167    45.914     1.96    3.17
 248486.556    46.234     1.11    3.08
 248775.948    46.181    -0.19    2.81
 249065.343    46.114    -0.23    2.76
 249354.741    46.417     1.05    2.69
 249644.142    46.500     0.28    2.91
 249933.546    46.571     0.25    3.09
 250222.953    45.921    -2.25    3.32
 250512.363    45.686    -0.81    3.58
 250801.776    46.020     1.15    3.57
 251091.193    46.231     0.73    3.51
 251380.612    46.008    -0.77    3.73
 251670.034    45.762    -0.85    3.61
 251959.460    45.942     0.62    3.26
