-347556.256    60.944     0.00    2.05
-347266.713    61.231     0.99    1.99
-346977.173    61.002    -0.79    2.13
-346687.637    61.170     0.58    2.50
-346398.105    61.040    -0.45    2.69
-346108.576    61.498     1.58    2.32
-345819.051    61.895     1.37    2.39
-345529.529    61.929     0.12    2.34
-345240.011    61.849    -0.28    2.16
-344950.497    60.575    -4.40    3.99
-344660.986    58.035    -8.77    6.89
-344371.478    54.088   -13.64    9.17
-344081.974    50.119   -13.71   10.18
-343792.474    46.257   -13.34   10.06
-343502.977    43.954    -7.95    8.84
-343213.484    44.338     1.32    9.78
-342923.995    46.978     9.12   11.79
-342634.508    50.956    13.74   12.21
-342345.026    55.771    16.64   10.99
-342055.547    59.644    13.38    8.38
-341766.072    62.494     9.85    3.50
-341476.600    63.421     3.20    2.69
-341187.132    63.289    -0.45    2.88
-340897.667    63.527     0.82    2.99
-340608.206    62.981    -1.89    3.39
-340318.748    62.754    -0.78    3.34
-340029.294    62.052    -2.43    3.25
-339739.844    62.473     1.46    3.30
-339450.397    63.069     2.06    3.20
-339160.953    63.652     2.01    2.83
-338871.514    64.188     1.85    2.55
-338582.077    64.515     1.13    2.20
-338292.645    64.860     1.19    1.93
-338003.215    64.946     0.30    2.23
-337713.790    64.929    -0.06    2.08
-337424.368    64.808    -0.42    2.10
-337134.949    64.705    -0.36    2.19
-336845.534    64.543    -0.56    2.46
-336556.122    64.154    -1.34    2.76
-336266.714    63.876    -0.96    2.91
-335977.310    64.170     1.02    3.10
-335687.909    64.015    -0.54    3.15
-335398.511    64.054     0.14    3.09
-335109.118    64.138     0.29    3.04
-334819.727    64.038    -0.35    2.68
-334530.340    64.326     1.00    2.55
-334240.957    64.571     0.85    2.53
-333951.577    64.258    -1.08    3.80
-333662.201    63.554    -2.43    4.51
-333372.828    63.138    -1.44    5.11
-333083.459    62.815    -1.12    5.51
-332794.093    62.578    -0.82    5.31
-332504.731    62.554    -0.08    4.96
-332215.372    62.888     1.15    4.76
-331926.017    63.946     3.66    3.66
-331636.665    63.784    -0.56    3.63
-331347.317    63.371    -1.43    3.38
-331057.972    63.591     0.76    3.25
-330768.631    63.340    -0.87    3.37
-330479.294    63.188    -0.53    3.09
-330189.960    62.958    -0.79    2.64
-329900.629    62.374    -2.02    2.26
-329611.302    62.471     0.33    2.14
-329321.978    62.964     1.70    2.44
-329032.658    63.346     1.32    2.36
-328743.341    63.752     1.41    2.34
-328454.028    64.438     2.37    2.05
-328164.718    64.639     0.70    2.03
-327875.412    64.609    -0.11    2.01
-327586.110    64.395    -0.74    2.02
-327296.810    64.538     0.49    1.99
-327007.515    64.578     0.14    2.03
-326718.222    64.434    -0.50    2.15
-326428.934    63.808    -2.16    2.38
-326139.648    63.154    -2.26    2.56
-325850.367    62.925    -0.79    2.83
-325561.088    62.904    -0.07    2.63
-325271.814    62.991     0.30    2.71
-324982.542    62.722    -0.93    2.61
-324693.274    62.404    -1.10    2.96
-324404.010    62.221    -0.63    2.96
-324114.749    62.001    -0.76    3.38
-323825.492    61.984    -0.06    3.55
-323536.238    61.771    -0.74    3.56
-323246.987    62.188     1.44    3.74
-322957.740    62.626     1.52    3.99
-322668.497    63.188     1.94    3.45
-322379.257    63.429     0.83    2.86
-322090.020    63.352    -0.27    2.72
-321800.787    63.038    -1.09    2.76
-321511.557    62.938    -0.35    2.68
-321222.331    62.446    -1.70    2.20
-320933.108    62.033    -1.43    2.28
-320643.889    61.893    -0.48    2.43
-320354.673    62.038     0.50    2.43
-320065.461    62.397     1.24    2.76
-319776.252    62.433     0.12    3.19
-319487.047    62.808     1.30    3.31
-319197.845    63.050     0.83    3.42
-318908.646    62.688    -1.25    3.77
-318619.451    62.663    -0.09    4.13
-318330.259    62.119    -1.88    4.56
-318041.071    61.069    -3.63    4.82
-317751.886    60.601    -1.62    4.67
-317462.705    60.323    -0.96    4.56
-317173.527    60.494     0.59    4.24
-316884.353    60.950     1.58    3.79
-316595.182    61.488     1.86    3.08
-316306.014    62.015     1.82    2.33
-316016.850    62.239     0.77    2.04
-315727.689    62.288     0.17    1.78
-315438.532    62.188    -0.35    1.73
-315149.378    62.026    -0.56    1.87
-314860.228    62.030     0.01    1.84
-314571.081    62.488     1.58    2.04
-314281.937    62.688     0.69    2.17
-313992.797    62.817     0.45    2.43
-313703.660    62.938     0.42    2.53
-313414.527    62.991     0.18    2.67
-313125.397    63.067     0.26    2.53
-312836.271    62.808    -0.89    2.58
-312547.148    62.628    -0.62    2.65
-312258.028    62.515    -0.39    2.66
-311968.912    62.614     0.34    2.42
-311679.800    62.771     0.54    2.35
-311390.690    62.619    -0.53    2.44
-311101.584    62.377    -0.83    2.52
-310812.482    62.584     0.72    2.53
-310523.383    62.598     0.05    2.61
-310234.287    62.308    -1.00    2.63
-309945.195    62.239    -0.24    2.71
-309656.106    61.688    -1.91    3.34
-309367.021    61.357    -1.14    3.67
-309077.939    60.736    -2.15    4.13
-308788.860    60.204    -1.84    4.16
-308499.785    59.614    -2.04    3.84
-308210.713    59.223    -1.35    3.55
-307921.645    59.515     1.01    3.40
-307632.580    60.442     3.21    3.44
-307343.518    60.788     1.20    3.17
-307054.460    60.778    -0.03    3.10
-306765.405    60.998     0.76    2.71
-306476.353    60.121    -3.03    3.55
-306187.305    59.310    -2.80    4.16
-305898.261    58.253    -3.66    4.61
-305609.219    56.838    -4.90    5.15
-305320.182    55.476    -4.71    6.06
-305031.147    55.471    -0.02    6.36
-304742.116    55.688     0.75    7.00
-304453.088    55.781     0.32    7.42
-304164.064    55.653    -0.44    7.17
-303875.043    55.679     0.09    7.02
-303586.025    55.991     1.08    6.84
-303297.011    56.601     2.11    6.24
-303008.000    55.308    -4.47    7.63
-302718.993    53.136    -7.52    8.32
-302429.989    50.888    -7.78    8.95
-302140.988    48.713    -7.52    9.71
-301851.991    47.103    -5.57    9.46
-301562.997    45.653    -5.02    9.20
-301274.006    45.515    -0.48    8.61
-300985.019    46.123     2.10    8.53
-300696.035    46.138     0.05    8.54
-300407.055    47.171     3.58    8.80
-300118.078    47.619     1.55    8.70
-299829.104    48.170     1.91    9.21
-299540.133    47.498    -2.33    8.83
-299251.166    47.967     1.62    9.14
-298962.203    48.270     1.05    9.12
-298673.242    49.377     3.83    8.95
-298384.285    52.357    10.31    8.54
-298095.332    53.973     5.59    7.59
-297806.382    56.054     7.20    6.65
-297517.435    57.446     4.82    6.25
-297228.491    58.321     3.03    6.09
-296939.551    58.871     1.90    5.84
-296650.614    59.688     2.83    4.80
-296361.680    58.798    -3.08    5.76
-296072.750    58.860     0.22    4.62
-295783.823    58.543    -1.10    5.19
-295494.900    57.478    -3.68    6.89
-295205.980    56.791    -2.38    7.53
-294917.063    55.404    -4.80    9.37
-294628.150    55.152    -0.87    9.85
-294339.239    54.720    -1.50   10.49
-294050.333    55.204     1.68   10.30
-293761.429    54.721    -1.67   10.22
-293472.529    53.774    -3.28    9.81
-293183.632    54.688     3.16    8.18
-292894.222    54.238    -1.55    6.73
-292604.610    53.826    -1.42    5.27
-292315.002    53.704    -0.42    4.96
-292025.396    54.338     2.19    5.47
-291735.795    55.515     4.07    5.71
-291446.196    56.205     2.38    5.44
-291156.601    56.998     2.74    4.66
-290867.009    57.860     2.98    3.91
-290577.420    58.429     1.97    2.67
-290287.835    57.521    -3.14    3.03
-289998.253    56.802    -2.48    4.14
-289708.675    54.747    -7.10    7.43
-289419.099    52.897    -6.39    9.25
-289129.528    51.442    -5.03   11.05
-288839.959    48.384   -10.56   12.83
-288550.394    45.714    -9.22   13.33
-288260.832    43.722    -6.88   13.13
-287971.273    42.538    -4.09   12.09
-287681.718    41.254    -4.43   11.69
-287392.166    41.204    -0.17   11.40
-287102.618    40.895    -1.07   11.39
-286813.072    43.204     7.98   11.97
-286523.530    45.468     7.82   12.24
-286233.992    47.450     6.84   11.60
-285944.456    50.306     9.87   10.06
-285654.924    51.630     4.57    9.08
-285365.396    53.205     5.44    8.08
-285075.870    54.644     4.97    7.05
-284786.348    54.854     0.73    5.91
-284496.829    55.395     1.87    4.08
-284207.314    54.679    -2.47    3.97
-283917.802    54.321    -1.24    4.26
-283628.293    53.688    -2.19    4.58
-283338.788    53.860     0.60    5.17
-283049.285    53.205    -2.26    5.69
-282759.786    52.893    -1.08    6.47
-282470.291    52.550    -1.18    7.13
-282180.798    50.888    -5.74    7.59
-281891.309    48.101    -9.63    8.15
-281601.824    45.374    -9.42    8.97
-281312.341    43.123    -7.78    8.05
-281022.862    41.821    -4.50    7.81
-280733.386    41.548    -0.94    8.28
-280443.914    40.574    -3.37    8.81
-280154.444    41.274     2.42   10.23
-279864.978    41.425     0.52   10.42
-279575.516    41.988     1.94   10.90
-279286.056    42.106     0.41   11.82
-278996.600    42.084    -0.07   12.44
-278707.147    42.638     1.91   13.07
-278417.698    43.118     1.66   12.76
-278128.252    43.237     0.41   12.10
-277838.809    44.459     4.22   11.54
-277549.369    44.069    -1.35   11.41
-277259.932    44.662     2.05   11.97
-276970.499    45.354     2.39   12.10
-276681.069    45.671     1.09   12.53
-276391.643    46.774     3.81   12.93
-276102.219    47.024     0.86   13.31
-275812.799    49.421     8.28   12.68
-275523.383    52.653    11.17   10.89
-275233.969    54.255     5.54    9.52
-274944.559    56.481     7.69    6.53
-274655.152    57.827     4.65    3.45
-274365.748    57.188    -2.21    4.42
-274076.347    56.321    -2.99    4.74
-273786.950    56.464     0.49    4.74
-273497.556    56.188    -0.95    4.91
-273208.166    56.010    -0.61    4.77
-272918.778    56.171     0.56    4.43
-272629.394    56.075    -0.33    4.11
-272340.013    56.977     3.12    3.32
-272050.635    57.860     3.05    3.72
-271761.261    58.638     2.69    3.85
-271471.890    59.408     2.66    2.90
-271182.522    59.754     1.20    2.95
-270893.157    59.912     0.54    2.83
-270603.796    60.408     1.71    3.08
-270314.437    59.889    -1.79    4.05
-270025.082    58.271    -5.59    5.60
-269735.731    57.106    -4.03    6.29
-269446.382    56.464    -2.22    6.38
-269157.037    55.938    -1.82    6.09
-268867.695    55.054    -3.05    5.77
-268578.356    54.510    -1.88    5.31
-268289.021    55.052     1.87    5.21
-267999.688    55.788     2.54    4.54
-267710.359    56.588     2.77    4.20
-267421.033    57.574     3.41    3.45
-267131.711    58.204     2.18    2.91
-266842.392    58.636     1.49    2.79
-266553.075    59.007     1.28    2.70
-266263.762    59.038     0.10    2.59
-265974.453    58.306    -2.53    2.94
-265685.146    57.670    -2.20    3.47
-265395.843    57.503    -0.58    3.71
-265106.543    57.302    -0.69    3.92
-264817.246    56.954    -1.20    3.68
-264527.953    56.268    -2.37    3.57
-264238.662    56.486     0.75    3.90
-263949.375    56.860     1.29    3.62
-263660.091    56.476    -1.33    3.98
-263370.810    56.291    -0.64    4.06
-263081.533    56.007    -0.98    4.38
-262792.259    55.050    -3.31    5.24
-262502.987    53.739    -4.53    5.93
-262213.720    52.808    -3.22    6.28
-261924.455    51.788    -3.53    6.78
-261635.193    51.024    -2.64    6.78
-261345.935    50.015    -3.49    7.32
-261056.680    49.323    -2.39    7.55
-260767.428    49.550     0.78    7.32
-260478.179    50.067     1.79    7.36
-260188.934    51.204     3.93    6.60
-259899.692    51.747     1.88    6.16
-259610.453    52.301     1.91    5.25
-259321.217    52.545     0.84    5.26
-259031.984    52.171    -1.29    5.45
-258742.754    51.609    -1.94    5.53
-258453.528    51.043    -1.96    4.96
-258164.305    50.338    -2.44    4.57
-257875.085    50.188    -0.52    4.41
-257585.868    51.050     2.98    3.55
-257296.655    51.293     0.84    3.12
-257007.444    51.138    -0.54    2.98
-256718.237    50.730    -1.41    2.78
-256429.033    50.349    -1.32    2.71
-256139.832    49.967    -1.32    2.44
-255850.634    49.521    -1.54    2.61
-255561.440    49.289    -0.80    2.77
-255272.249    48.688    -2.08    2.92
-254983.060    47.958    -2.52    3.43
-254693.875    46.998    -3.32    3.38
-254404.694    46.412    -2.03    3.49
-254115.515    46.498     0.30    3.72
-253826.340    46.188    -1.07    4.12
-253537.167    45.417    -2.66    4.55
-253247.998    43.628    -6.19    6.48
-252958.832    41.454    -7.52    8.18
-252669.669    38.907    -8.81    8.77
-252380.510    36.567    -8.09    8.79
-252091.353    35.404    -4.02    8.57
-251802.200    34.594    -2.80    8.38
-251513.050    35.778     4.09    9.74
-251223.903    37.670     6.54   10.39
-250934.759    39.933     7.83   10.23
-250645.618    43.030    10.71    9.12
-250356.481    44.871     6.37    7.27
-250067.346    47.319     8.47    4.38
-249778.215    47.808     1.69    4.70
-249489.087    49.306     5.18    4.78
-249199.962    49.628     1.11    4.98
-248910.840    50.688     3.66    5.17
-248621.721    51.988     4.50    4.26
-248332.606    52.581     2.05    4.02
-248043.493    52.421    -0.55    3.88
-247754.384    52.626     0.71    3.49
-247465.278    52.971     1.19    3.39
-247176.175    53.533     1.94    3.01
-246887.075    53.521    -0.04    3.10
-246597.979    53.781     0.90    3.50
-246308.885    54.088     1.06    3.42
-246019.795    54.050    -0.13    3.37
-245730.707    54.293     0.84    3.85
-245441.623    53.804    -1.69    3.90
-245152.542    53.688    -0.40    3.80
-244863.464    53.499    -0.65    3.73
-244574.389    53.205    -1.02    3.14
-244285.318    52.946    -0.89    2.98
-243996.249    52.488    -1.59    3.09
-243707.184    51.895    -2.05    3.12
-243418.121    51.204    -2.39    3.23
-243129.062    50.239    -3.34    3.63
-242840.006    48.670    -5.43    3.77
-242550.953    47.567    -3.82    4.20
-242261.903    45.971    -5.52    5.10
-241972.857    43.106    -9.91    6.71
-241683.813    40.326    -9.62    7.21
-241394.773    37.188   -10.86    8.40
-241105.735    35.598    -5.50    8.44
-240816.701    35.239    -1.24    9.07
-240527.670    34.171    -3.70    9.50
-240238.642    34.289     0.41    9.98
-239949.617    35.729     4.98   11.20
-239660.595    36.902     4.06   11.67
-239371.576    38.638     6.01   11.84
-239082.561    41.240     9.01   10.82
-238793.548    43.010     6.12   10.55
-238504.539    47.138    14.28    7.85
-238215.532    49.704     8.88    4.67
-237926.529    50.425     2.49    3.76
-237637.529    51.065     2.21    3.42
-237348.532    51.138     0.25    3.48
-237059.538    51.476     1.17    3.10
-236770.547    51.107    -1.28    3.35
-236481.559    51.221     0.39    3.35
-236192.574    51.223     0.01    3.21
-235903.593    51.747     1.81    3.48
-235614.614    52.498     2.60    3.44
-235325.639    52.893     1.37    3.28
-235036.666    53.360     1.62    2.91
-234747.697    53.308    -0.18    2.89
-234458.731    53.464     0.54    2.58
-234169.768    53.360    -0.36    2.43
-233880.808    52.821    -1.87    2.26
-233591.851    52.561    -0.90    2.30
-233302.897    52.554    -0.02    2.57
-233013.946    52.819     0.92    2.18
-232724.998    53.188     1.28    2.16
-232436.054    53.338     0.52    2.00
-232147.112    53.408     0.24    2.28
-231858.173    53.838     1.49    2.55
-231569.238    54.015     0.61    2.85
-231280.306    54.136     0.42    2.74
-230991.376    54.084    -0.18    2.85
-230702.143    53.745    -1.17    3.17
-230412.560    53.253    -1.70    3.42
-230122.980    53.257     0.01    3.36
-229833.403    53.001    -0.88    3.33
-229543.829    52.791    -0.73    3.75
-229254.258    52.738    -0.18    3.74
-228964.691    52.438    -1.04    3.70
-228675.126    52.021    -1.44    3.95
-228385.564    52.335     1.09    4.15
-228096.006    52.653     1.10    4.27
-227806.450    52.688     0.12    4.56
-227516.898    52.343    -1.19    5.15
-227227.348    52.138    -0.71    5.44
-226937.802    53.001     2.98    4.69
-226648.259    52.510    -1.70    4.96
-226358.719    51.757    -2.60    5.46
-226069.182    50.598    -4.00    5.32
-225779.647    49.771    -2.86    5.78
-225490.116    49.662    -0.38    5.53
-225200.588    49.352    -1.07    5.68
-224911.064    48.222    -3.90    5.88
-224621.542    47.998    -0.77    5.70
-224332.023    47.671    -1.13    5.74
-224042.507    47.866     0.67    5.54
-223752.994    48.121     0.88    5.68
-223463.485    48.556     1.50    5.64
-223173.978    50.153     5.52    3.75
-222884.474    50.323     0.59    3.57
-222594.974    49.967    -1.23    4.35
-222305.476    50.138     0.59    4.73
-222015.982    50.257     0.41    4.79
-221726.490    50.289     0.11    5.33
-221437.002    50.723     1.50    5.25
-221147.517    50.904     0.63    4.97
-220858.034    51.434     1.83    3.54
-220568.555    50.738    -2.40    3.85
-220279.079    47.071   -12.67    8.32
-219989.605    43.925   -10.87    9.75
-219700.135    41.713    -7.64    9.51
-219410.668    41.464    -0.86   10.23
-219121.204    42.171     2.45   10.39
-218831.743    42.548     1.30   10.12
-218542.284    44.398     6.39    9.59
-218252.829    47.054     9.18    7.37
-217963.377    48.813     6.07    4.75
-217673.928    46.801    -6.95    6.55
-217384.482    44.754    -7.07    7.61
-217095.039    42.104    -9.16    7.72
-216805.599    38.395   -12.82    7.91
-216516.162    35.030   -11.63    7.07
-216226.728    33.504    -5.27    7.13
-215937.297    31.730    -6.13    6.01
-215647.869    31.301    -1.48    6.93
-215358.444    32.272     3.36    7.25
-215069.022    34.533     7.81    9.25
-214779.603    36.360     6.31    9.82
-214490.187    38.688     8.04   10.58
-214200.774    41.516     9.77   11.07
-213911.364    44.274     9.53   10.41
-213621.957    46.425     7.43    8.34
-213332.553    48.429     6.93    5.79
-213043.152    49.849     4.91    3.68
-212753.754    49.930     0.28    3.63
-212464.359    49.747    -0.63    3.60
-212174.967    49.391    -1.23    4.13
-211885.578    48.981    -1.42    4.93
-211596.192    46.912    -7.15    7.80
-211306.809    41.904   -17.30   11.52
-211017.429    36.221   -19.64   14.39
-210728.052    30.252   -20.63   15.30
-210438.678    24.866   -18.61   14.23
-210149.307    18.604   -21.64   11.38
-209859.939    15.065   -12.23    8.54
-209570.574    12.688    -8.22    7.01
-209281.212    10.679    -6.94    4.92
-208991.853     9.388    -4.46    2.92
-208702.496     8.781    -2.10    1.18
-208413.143     8.791     0.04    1.18
-208123.793     8.654    -0.47    1.03
-207834.446     8.561    -0.32    0.93
-207545.101     8.462    -0.34    0.83
-207255.760     8.408    -0.19    0.79
-206966.422     8.259    -0.51    0.53
-206677.086     8.289     0.10    0.58
-206387.754     8.412     0.42    0.75
-206098.425     8.516     0.36    0.89
-205809.098     8.481    -0.12    0.82
-205519.775     8.619     0.48    0.94
-205230.454     8.757     0.48    1.09
-204941.136     9.670     3.16    3.95
-204651.822    10.286     2.13    4.76
-204362.510    10.604     1.10    5.26
-204073.201    11.204     2.07    5.80
-203783.896    10.644    -1.94    4.31
-203494.593    11.257     2.12    5.28
-203205.293    11.521     0.91    5.42
-202915.996    11.544     0.08    5.56
-202626.702    11.904     1.25    5.89
-202337.411    12.033     0.44    5.31
-202048.123    12.360     1.13    4.94
-201758.838    12.360     0.00    4.10
-201469.556    12.958     2.07    4.78
-201180.276    13.516     1.93    5.47
-200891.000    14.515     3.46    6.19
-200601.727    15.255     2.56    6.55
-200312.456    15.964     2.45    6.55
-200023.189    16.304     1.18    7.03
-199733.924    16.604     1.04    6.98
-199444.663    17.638     3.57    7.12
-199155.404    18.647     3.49    6.68
-198866.148    18.688     0.14    6.21
-198576.895    19.421     2.54    5.46
-198287.646    20.429     3.49    5.77
-197998.399    21.745     4.55    5.95
-197709.155    23.408     5.75    6.39
-197419.913    25.408     6.91    6.83
-197130.675    27.481     7.17    6.63
-196841.440    28.777     4.48    5.72
-196552.208    28.621    -0.54    6.07
-196262.978    26.088    -8.76    8.45
-195973.752    24.237    -6.40    9.39
-195684.528    21.946    -7.92    9.08
-195395.307    20.802    -3.96    8.16
-195106.090    19.771    -3.56    7.35
-194816.875    19.429    -1.18    6.31
-194527.663    19.860     1.49    5.52
-194238.454    20.757     3.10    4.13
-193949.248    19.722    -3.58    3.11
-193660.045    18.705    -3.52    2.56
-193370.844    18.103    -2.08    1.74
-193081.647    18.647     1.88    2.39
-192792.452    20.050     4.85    3.62
-192503.261    21.544     5.17    4.95
-192214.072    21.706     0.56    6.23
-191924.886    21.255    -1.56    7.06
-191635.704    21.614     1.24    7.85
-191346.524    21.764     0.52    7.99
-191057.346    21.679    -0.29    7.86
-190768.172    21.509    -0.59    7.18
-190479.001    22.171     2.29    5.79
-190189.833    23.035     2.99    3.92
-189900.667    23.024    -0.04    3.45
-189611.504    23.397     1.29    3.54
-189322.345    23.895     1.72    3.62
-189033.188    23.888    -0.02    3.61
-188744.034    23.402    -1.68    4.25
-188454.883    22.925    -1.65    5.30
-188165.735    22.438    -1.69    6.06
-187876.589    21.975    -1.60    6.54
-187587.447    21.860    -0.40    7.06
-187298.307    22.152     1.01    7.37
-187009.171    22.421     0.93    7.61
-186720.037    22.722     1.04    8.18
-186430.906    22.794     0.25    8.48
-186141.778    22.854     0.21    8.68
-185852.653    22.705    -0.52    9.03
-185563.530    22.205    -1.73    9.45
-185274.411    21.601    -2.09    9.59
-184985.294    21.204    -1.37    9.56
-184696.181    20.998    -0.71    9.50
-184407.070    20.904    -0.32    9.32
-184117.962    21.722     2.83    9.02
-183828.857    23.611     6.54    8.44
-183539.755    25.909     7.95    6.83
-183250.655    27.421     5.23    4.88
-182961.559    28.404     3.40    2.44
-182672.465    28.170    -0.81    2.05
-182383.374    27.550    -2.15    2.55
-182094.286    26.538    -3.50    3.00
-181805.201    25.798    -2.56    3.10
-181516.119    25.438    -1.25    3.23
-181227.040    25.377    -0.21    3.32
-180937.963    25.527     0.52    3.56
-180648.889    25.925     1.38    3.34
-180359.818    26.438     1.78    2.89
-180070.750    26.958     1.80    2.29
-179781.685    27.188     0.79    1.75
-179492.623    27.038    -0.52    1.73
-179203.564    26.821    -0.75    1.67
-178914.507    26.798    -0.08    1.65
-178625.453    26.757    -0.14    1.66
-178336.402    26.893     0.47    1.71
-178047.354    26.904     0.04    1.56
-177758.309    26.714    -0.66    1.63
-177469.266    26.804     0.31    1.68
-177180.227    26.854     0.17    1.70
-176891.190    26.704    -0.52    2.13
-176602.156    26.521    -0.63    2.54
-176313.125    25.838    -2.36    3.64
-176024.097    24.895    -3.26    4.74
-175735.071    24.308    -2.03    5.18
-175446.049    23.538    -2.67    5.44
-175157.029    22.866    -2.33    5.06
-174868.012    22.397    -1.62    5.02
-174578.998    21.550    -2.93    4.97
-174289.986    21.326    -0.78    4.44
-174000.978    20.981    -1.19    4.27
-173711.972    21.136     0.54    3.93
-173422.969    21.007    -0.45    3.74
-173133.969    20.239    -2.66    3.68
-172844.972    19.981    -0.89    3.25
-172555.977    19.946    -0.12    3.00
-172266.986    19.998     0.18    2.79
-171977.997    20.397     1.38    2.88
-171689.011    20.730     1.15    3.16
-171400.028    21.323     2.05    3.12
-171111.047    21.877     1.92    2.76
-170822.069    22.119     0.84    2.55
-170533.095    22.821     2.43    1.90
-170244.123    22.771    -0.17    1.99
-169955.153    22.833     0.21    1.88
-169666.187    22.791    -0.14    1.85
-169377.223    22.721    -0.24    2.10
-169088.263    22.889     0.58    2.20
-168799.305    22.671    -0.76    2.24
-168510.220    22.188    -1.67    2.26
-168220.660    21.967    -0.76    2.47
-167931.102    22.561     2.05    4.06
-167641.547    24.035     5.09    5.47
-167351.994    26.038     6.92    6.78
-167062.445    29.527    12.05    7.51
-166772.898    31.876     8.11    6.84
-166483.354    34.204     8.04    5.42
-166193.813    35.328     3.88    4.35
-165904.275    36.001     2.33    3.64
-165614.739    36.567     1.95    3.07
-165325.207    36.794     0.78    2.76
-165035.677    37.103     1.07    2.22
-164746.150    36.984    -0.41    1.72
-164456.625    36.774    -0.73    1.56
-164167.104    36.925     0.52    1.37
-163877.585    36.871    -0.18    1.47
-163588.069    36.788    -0.29    1.50
-163298.556    36.761    -0.09    1.62
-163009.045    36.591    -0.59    1.80
-162719.538    36.412    -0.62    1.82
-162430.033    36.434     0.08    1.70
-162140.531    35.984    -1.55    1.75
-161851.031    35.745    -0.83    1.63
-161561.535    35.591    -0.53    1.64
-161272.041    35.377    -0.74    1.41
-160982.550    35.120    -0.89    1.47
-160693.062    35.069    -0.18    1.60
-160403.577    34.821    -0.86    1.55
-160114.094    34.653    -0.58    1.74
-159824.614    34.721     0.23    1.94
-159535.137    34.889     0.58    2.06
-159245.662    34.988     0.34    2.15
-158956.191    35.488     1.73    2.23
-158666.722    35.838     1.21    2.13
-158377.256    36.104     0.92    2.01
-158087.793    36.275     0.59    2.15
-157798.332    36.374     0.34    2.12
-157508.874    36.498     0.43    2.33
-157219.419    36.450    -0.17    2.41
-156929.967    36.752     1.04    2.47
-156640.517    37.258     1.75    2.43
-156351.070    37.636     1.31    2.54
-156061.626    37.795     0.55    2.29
-155772.185    37.893     0.34    2.19
-155482.746    37.967     0.26    2.19
-155193.311    38.021     0.19    2.42
-154903.878    38.101     0.28    2.62
-154614.447    37.995    -0.37    2.53
-154325.020    37.554    -1.52    2.46
-154035.595    37.086    -1.62    3.11
-153746.173    36.543    -1.88    3.48
-153456.753    36.069    -1.64    3.63
-153167.337    35.774    -1.02    3.77
-152877.923    35.567    -0.71    3.78
-152588.512    35.688     0.42    3.83
-152299.103    35.811     0.42    3.92
-152009.698    37.033     4.22    3.38
-151720.295    37.764     2.53    3.45
-151430.894    38.101     1.17    3.41
-151141.497    38.832     2.52    3.39
-150852.102    38.865     0.12    3.21
-150562.710    39.137     0.94    2.69
-150273.321    38.611    -1.82    2.38
-149983.934    38.222    -1.35    2.34
-149694.550    37.705    -1.79    2.38
-149405.169    37.338    -1.27    2.40
-149115.791    37.071    -0.92    2.28
-148826.415    36.881    -0.66    2.24
-148537.042    37.063     0.63    2.31
-148247.672    37.388     1.12    2.44
-147958.304    37.960     1.98    2.10
-147668.939    38.575     2.13    2.00
-147379.577    38.205    -1.28    3.69
-147090.218    37.001    -4.16    6.53
-146800.861    34.815    -7.56    8.75
-146511.507    31.100   -12.84   10.47
-146222.155    28.604    -8.63   10.44
-145932.807    25.967    -9.11    9.72
-145643.461    25.565    -1.39    8.85
-145354.118    26.221     2.27    8.67
-145064.777    27.956     5.99    8.95
-144775.439    30.713     9.53    8.71
-144486.104    33.808    10.70    7.61
-144196.772    36.237     8.39    5.64
-143907.442    37.291     3.64    4.00
-143618.115    36.877    -1.43    3.85
-143328.791    36.119    -2.62    4.30
-143039.469    35.929    -0.66    4.20
-142750.150    36.088     0.55    4.49
-142460.834    37.205     3.86    4.25
-142171.520    37.938     2.53    4.39
-141882.209    38.977     3.59    4.30
-141592.901    40.274     4.48    3.58
-141303.595    41.270     3.44    2.38
-141014.293    41.527     0.89    2.23
-140724.992    41.204    -1.11    2.47
-140435.695    40.741    -1.60    2.63
-140146.400    40.877     0.47    2.64
-139857.108    40.832    -0.16    2.61
-139567.818    39.984    -2.93    3.13
-139278.532    39.532    -1.56    3.28
-138989.248    39.429    -0.36    3.22
-138699.966    39.221    -0.72    3.93
-138410.687    36.503    -9.39    7.02
-138121.411    34.304    -7.60    7.52
-137832.138    33.421    -3.05    7.68
-137542.867    33.588     0.58    8.22
-137253.599    33.338    -0.86    8.61
-136964.333    33.877     1.87    8.86
-136675.071    36.239     8.16    8.06
-136385.810    38.446     7.63    6.16
-136096.553    39.745     4.49    5.44
-135807.298    40.270     1.81    5.32
-135518.046    41.047     2.69    4.83
-135228.797    41.929     3.05    4.23
-134939.550    42.723     2.75    4.34
-134650.305    43.565     2.91    3.70
-134361.064    44.052     1.68    3.41
-134071.825    44.354     1.05    3.09
-133782.589    44.688     1.15    2.89
-133493.355    45.012     1.12    2.76
-133204.124    45.371     1.24    2.64
-132914.896    44.722    -2.24    3.25
-132625.670    44.138    -2.02    3.40
-132336.447    44.272     0.46    3.44
-132047.227    44.464     0.66    3.62
-131758.009    45.205     2.56    3.75
-131468.794    45.550     1.19    3.84
-131179.582    45.860     1.07    3.49
-130890.372    46.360     1.73    3.03
-130601.165    46.578     0.75    2.93
-130311.960    46.688     0.38    2.62
-130022.758    46.120    -1.96    2.33
-129733.559    46.430     1.07    2.27
-129444.362    46.391    -0.13    2.45
-129155.168    46.730     1.17    2.34
-128865.977    47.015     0.99    2.41
-128576.788    46.895    -0.42    2.48
-128287.602    46.838    -0.20    2.36
-127998.418    46.421    -1.44    2.64
-127709.237    45.397    -3.54    3.20
-127420.059    45.081    -1.10    3.37
-127130.883    44.454    -2.17    3.62
-126841.710    43.468    -3.41    4.31
-126552.540    42.352    -3.86    4.82
-126263.372    41.900    -1.56    4.82
-125974.207    42.018     0.41    4.87
-125685.044    41.578    -1.52    4.73
-125395.884    41.774     0.68    4.41
-125106.727    42.271     1.72    4.30
-124817.572    42.832     1.94    3.88
-124528.420    43.089     0.89    3.82
-124239.270    43.713     2.16    3.47
-123950.123    44.346     2.19    3.21
-123660.979    44.544     0.68    3.11
-123371.837    44.429    -0.40    3.25
-123082.698    44.138    -1.00    3.19
-122793.562    44.086    -0.18    3.19
-122504.428    43.804    -0.97    3.06
-122215.296    43.705    -0.34    3.09
-121926.168    43.907     0.70    3.00
-121637.041    44.319     1.42    2.75
-121347.918    44.488     0.58    2.85
-121058.797    44.942     1.57    2.87
-120769.678    45.188     0.85    2.70
-120480.563    45.136    -0.18    2.58
-120191.449    44.401    -2.54    3.21
-119902.339    42.679    -5.95    4.39
-119613.231    42.106    -1.98    4.74
-119324.125    41.136    -3.35    4.53
-119035.022    41.015    -0.42    4.55
-118745.922    41.084     0.24    4.62
-118456.824    41.671     2.03    4.69
-118167.729    42.188     1.79    4.58
-117878.637    43.722     5.31    3.39
-117589.547    44.340     2.14    2.95
-117300.459    44.777     1.51    3.04
-117011.374    44.578    -0.69    3.08
-116722.292    44.397    -0.62    3.23
-116433.212    43.771    -2.17    3.31
-116144.135    43.335    -1.51    3.39
-115855.061    42.920    -1.44    3.12
-115565.989    41.493    -4.94    4.25
-115276.919    39.291    -7.62    5.68
-114987.852    36.827    -8.52    7.00
-114698.788    35.139    -5.84    7.48
-114409.726    35.205     0.23    7.56
-114120.667    34.747    -1.58    8.04
-113831.611    36.384     5.66    8.79
-113542.557    38.352     6.81    8.70
-113253.505    40.638     7.91    7.42
-112964.456    42.975     8.08    3.97
-112675.410    43.636     2.29    2.35
-112386.366    43.652     0.06    2.39
-112097.325    43.321    -1.15    2.25
-111808.286    43.291    -0.10    2.79
-111519.250    43.771     1.66    2.92
-111230.216    44.221     1.56    3.12
-110941.185    43.946    -0.95    3.99
-110652.156    43.395    -1.91    4.67
-110363.130    43.050    -1.19    4.65
-110074.107    42.893    -0.54    4.87
-109785.086    42.757    -0.47    4.91
-109496.067    42.866     0.38    5.29
-109207.052    43.550     2.37    5.60
-108918.038    44.929     4.77    5.13
-108629.028    45.614     2.37    4.20
-108340.019    46.021     1.41    3.59
-108051.014    46.254     0.81    3.14
-107762.010    46.223    -0.11    2.52
-107473.010    46.205    -0.06    1.81
-107184.012    45.688    -1.79    1.92
-106895.016    45.001    -2.38    2.10
-106606.023    44.471    -1.83    2.23
-106317.032    43.653    -2.83    2.25
-106027.521    42.764    -3.07    2.06
-105737.994    42.170    -2.05    1.98
-105448.468    41.804    -1.26    2.05
-105158.946    41.893     0.30    2.30
-104869.426    41.912     0.07    2.29
-104579.908    40.604    -4.52    3.91
-104290.393    38.754    -6.39    5.53
-104000.880    36.679    -7.17    7.01
-103711.370    35.052    -5.62    7.72
-103421.862    34.222    -2.87    7.90
-103132.357    31.704    -8.70    7.96
-102842.855    29.626    -7.18    7.75
-102553.355    28.338    -4.45    8.35
-102263.857    27.843    -1.71    8.11
-101974.362    28.286     1.53    8.53
-101684.870    29.838     5.36    8.46
-101395.380    32.713     9.93    8.74
-101105.893    36.239    12.18    7.87
-100816.408    39.591    11.58    5.47
-100526.925    41.220     5.63    3.55
-100237.445    42.071     2.94    2.71
 -99947.968    42.284     0.74    2.60
 -99658.493    42.459     0.60    2.54
 -99369.021    41.998    -1.59    2.76
 -99079.551    41.871    -0.44    2.83
 -98790.083    41.670    -0.69    3.45
 -98500.618    40.761    -3.14    4.21
 -98211.156    40.015    -2.58    5.42
 -97921.696    37.739    -7.86    8.57
 -97632.239    36.291    -5.00   10.06
 -97342.784    35.136    -3.99   11.14
 -97053.332    33.354    -6.16   11.97
 -96763.882    32.308    -3.61   12.72
 -96474.434    30.971    -4.62   12.70
 -96184.989    30.795    -0.61   12.81
 -95895.547    29.912    -3.05   12.33
 -95606.107    29.827    -0.29   11.88
 -95316.669    29.527    -1.04   11.69
 -95027.234    28.729    -2.76   11.28
 -94737.802    28.081    -2.24   10.22
 -94448.372    27.205    -3.03    9.97
 -94158.944    25.454    -6.05    8.90
 -93869.519    25.404    -0.17    8.44
 -93580.097    24.462    -3.26    8.27
 -93290.677    23.964    -1.72    7.94
 -93001.259    23.204    -2.62    7.60
 -92711.844    22.277    -3.20    7.46
 -92422.431    22.893     2.13    7.81
 -92133.021    22.493    -1.38    7.81
 -91843.613    22.438    -0.19    7.74
 -91554.208    22.981     1.88    8.46
 -91264.805    22.381    -2.07    8.16
 -90975.405    22.933     1.91    7.92
 -90686.007    21.774    -4.01    7.58
 -90396.611    21.171    -2.08    6.64
 -90107.219    20.138    -3.57    5.92
 -89817.828    19.030    -3.83    5.53
 -89528.440    18.739    -1.00    4.96
 -89239.054    20.412     5.78    7.06
 -88949.671    22.794     8.23    9.36
 -88660.291    25.446     9.16   10.81
 -88370.912    29.069    12.52   11.66
 -88081.537    32.101    10.48   11.58
 -87792.163    35.188    10.67   10.44
 -87502.793    37.801     9.03    8.73
 -87213.424    40.138     8.08    6.23
 -86924.058    41.548     4.88    3.47
 -86634.695    41.907     1.24    3.37
 -86345.334    41.964     0.20    3.08
 -86055.975    42.561     2.06    2.50
 -85766.619    42.933     1.29    2.27
 -85477.265    42.721    -0.73    3.51
 -85187.914    42.136    -2.02    4.21
 -84898.565    40.101    -7.03    7.60
 -84609.219    38.877    -4.23    9.27
 -84319.875    36.975    -6.58   10.62
 -84030.533    35.040    -6.69   12.02
 -83741.194    34.533    -1.75   11.88
 -83451.857    33.018    -5.23   12.10
 -83162.523    32.960    -0.20   12.16
 -82873.191    31.071    -6.53   12.82
 -82583.862    28.938    -7.37   12.96
 -82294.535    27.104    -6.34   12.81
 -82005.210    23.430   -12.70   11.87
 -81715.888    21.258    -7.51   10.69
 -81426.569    19.288    -6.81    8.45
 -81137.251    17.170    -7.32    5.12
 -80847.936    17.352     0.63    4.66
 -80558.624    19.483     7.37    6.34
 -80269.314    21.912     8.40    7.41
 -79980.006    25.257    11.56    8.51
 -79690.701    27.920     9.21    8.60
 -79401.398    30.975    10.56    9.10
 -79112.098    32.984     6.95    8.63
 -78822.800    35.388     8.31    7.65
 -78533.505    36.533     3.96    7.28
 -78244.211    37.384     2.94    7.15
 -77954.921    37.438     0.19    6.43
 -77665.632    38.015     2.00    5.80
 -77376.347    38.621     2.09    5.24
 -77087.063    39.086     1.61    4.30
 -76797.782    39.412     1.13    4.01
 -76508.503    39.722     1.07    3.94
 -76219.227    39.619    -0.36    4.10
 -75929.953    39.843     0.78    4.49
 -75640.682    40.136     1.01    4.74
 -75351.412    41.493     4.69    4.40
 -75062.146    42.239     2.58    4.20
 -74772.881    42.849     2.11    3.96
 -74483.620    43.381     1.84    3.66
 -74194.360    43.798     1.44    3.24
 -73905.103    43.916     0.41    2.72
 -73615.848    44.661     2.58    2.29
 -73326.596    44.567    -0.33    2.46
 -73037.346    44.054    -1.77    3.06
 -72748.098    43.204    -2.94    4.09
 -72458.853    42.672    -1.84    4.43
 -72169.610    43.101     1.49    4.81
 -71880.370    43.354     0.87    5.14
 -71591.132    44.082     2.52    5.01
 -71301.896    44.904     2.84    4.57
 -71012.663    45.510     2.09    4.10
 -70723.432    45.964     1.57    3.41
 -70434.203    46.052     0.31    2.41
 -70144.977    45.594    -1.58    2.62
 -69855.753    45.304    -1.00    2.55
 -69566.532    45.086    -0.76    2.36
 -69277.312    44.778    -1.07    2.36
 -68988.096    45.338     1.94    2.33
 -68698.881    45.451     0.39    2.42
 -68409.669    45.357    -0.32    2.61
 -68120.460    44.998    -1.24    2.59
 -67831.252    45.021     0.08    2.68
 -67542.048    45.035     0.05    3.03
 -67252.845    44.004    -3.56    3.78
 -66963.645    42.964    -3.60    4.50
 -66674.447    42.661    -1.04    5.03
 -66385.251    42.721     0.21    5.08
 -66096.058    42.121    -2.07    5.34
 -65806.868    41.483    -2.21    5.39
 -65517.679    40.929    -1.91    5.14
 -65228.493    39.653    -4.41    5.45
 -64939.309    39.054    -2.07    5.11
 -64650.128    37.929    -3.89    4.64
 -64360.949    36.548    -4.77    4.50
 -64071.772    35.239    -4.53    4.09
 -63782.598    32.981    -7.81    3.30
 -63493.426    31.584    -4.83    4.39
 -63204.256    30.120    -5.06    4.95
 -62915.089    28.827    -4.47    5.44
 -62625.924    27.843    -3.40    5.93
 -62336.761    26.561    -4.43    5.85
 -62047.601    25.509    -3.64    6.18
 -61758.443    25.594     0.30    6.17
 -61469.287    24.384    -4.18    6.84
 -61180.134    23.255    -3.90    7.05
 -60890.983    23.188    -0.23    8.13
 -60601.835    22.420    -2.66    8.55
 -60312.688    20.900    -5.26    9.48
 -60023.544    18.838    -7.13    9.79
 -59734.403    17.104    -5.99    9.95
 -59445.263    16.220    -3.06   10.89
 -59156.126    14.153    -7.15   10.56
 -58866.992    13.154    -3.45   11.15
 -58577.859    12.134    -3.53   10.61
 -58288.729    11.745    -1.35   11.30
 -57999.601    11.239    -1.75   11.33
 -57710.476     9.888    -4.67   10.09
 -57421.353    10.584     2.41   11.49
 -57132.232    11.153     1.97   12.38
 -56843.114    11.306     0.53   12.85
 -56553.997    10.791    -1.78   12.10
 -56264.884     9.893    -3.11   11.37
 -55975.772     8.404    -5.15   10.29
 -55686.663     6.784    -5.60    8.89
 -55397.556     4.619    -7.49    5.70
 -55108.451     2.929    -5.84    2.66
 -54819.349     2.532    -1.37    2.38
 -54530.249     2.446    -0.30    2.74
 -54241.151     2.938     1.70    3.37
 -53952.056     3.584     2.24    4.23
 -53662.963     4.295     2.46    5.12
 -53373.872     6.397     7.27    8.24
 -53084.783     8.804     8.33   10.80
 -52795.697    12.043    11.20   13.80
 -52506.613    15.451    11.79   15.15
 -52217.531    18.239     9.65   16.09
 -51928.452    21.888    12.62   16.58
 -51639.375    25.860    13.74   16.62
 -51350.300    28.057     7.60   16.87
 -51061.228    30.791     9.46   15.98
 -50772.157    34.722    13.60   13.43
 -50483.089    36.872     7.44   10.75
 -50194.024    37.713     2.91    7.37
 -49904.960    36.975    -2.55    7.27
 -49615.899    36.084    -3.08    7.65
 -49326.841    34.781    -4.51    7.62
 -49037.784    33.813    -3.35    7.64
 -48748.730    33.205    -2.10    7.48
 -48459.678    34.628     4.92    7.54
 -48170.628    36.421     6.20    6.97
 -47881.581    38.811     8.27    4.84
 -47592.536    40.563     6.06    3.73
 -47303.493    41.654     3.78    3.30
 -47014.452    42.291     2.20    2.83
 -46725.414    42.494     0.70    2.71
 -46436.378    42.302    -0.66    3.36
 -46147.344    40.645    -5.73    5.24
 -45858.312    40.374    -0.94    4.97
 -45569.283    39.991    -1.32    5.16
 -45280.256    39.958    -0.11    5.24
 -44991.231    39.154    -2.78    5.83
 -44702.209    38.270    -3.06    6.75
 -44413.188    38.866     2.06    6.97
 -44124.170    38.652    -0.74    6.98
 -43834.804    39.138     1.68    6.94
 -43545.301    39.739     2.08    7.00
 -43255.799    40.371     2.18    6.41
 -42966.300    42.021     5.70    5.02
 -42676.802    42.033     0.04    4.72
 -42387.308    43.084     3.63    4.49
 -42097.815    43.601     1.79    4.49
 -41808.325    44.024     1.46    4.47
 -41518.837    43.826    -0.68    4.61
 -41229.351    42.171    -5.72    5.67
 -40939.867    41.981    -0.66    5.54
 -40650.386    41.722    -0.89    5.47
 -40360.907    42.913     4.12    5.02
 -40071.430    43.288     1.29    5.22
 -39781.955    44.007     2.49    5.29
 -39492.483    44.749     2.56    4.79
 -39203.013    44.964     0.74    4.42
 -38913.545    45.018     0.19    4.48
 -38624.079    45.004    -0.05    4.33
 -38334.616    44.838    -0.58    4.58
 -38045.155    43.998    -2.90    4.73
 -37755.696    43.883    -0.40    4.31
 -37466.239    43.977     0.33    4.05
 -37176.785    43.654    -1.12    4.28
 -36887.333    43.925     0.94    4.36
 -36597.883    44.498     1.98    4.33
 -36308.435    45.594     3.79    3.80
 -36018.989    46.021     1.47    3.71
 -35729.546    46.804     2.71    3.52
 -35440.105    47.205     1.38    3.28
 -35150.666    47.771     1.96    2.92
 -34861.230    48.054     0.98    2.83
 -34571.795    47.653    -1.39    2.80
 -34282.363    47.588    -0.23    2.91
 -33992.933    47.239    -1.20    3.18
 -33703.505    47.007    -0.80    3.35
 -33414.080    46.538    -1.62    3.64
 -33124.656    46.515    -0.08    3.83
 -32835.235    46.360    -0.54    4.17
 -32545.816    45.938    -1.46    4.94
 -32256.400    44.821    -3.86    5.40
 -31966.985    42.671    -7.43    6.55
 -31677.573    40.254    -8.35    7.14
 -31388.163    38.619    -5.65    7.40
 -31098.755    37.331    -4.45    7.80
 -30809.349    37.354     0.08    7.64
 -30519.946    36.998    -1.23    7.80
 -30230.545    36.088    -3.15    8.05
 -29941.146    35.739    -1.20    8.00
 -29651.749    36.136     1.37    8.06
 -29362.354    36.670     1.85    7.95
 -29072.962    37.274     2.09    7.80
 -28783.571    37.975     2.42    7.34
 -28494.183    39.170     4.13    7.19
 -28204.798    39.730     1.93    6.68
 -27915.414    39.777     0.16    6.64
 -27626.032    40.338     1.94    6.18
 -27336.653    40.204    -0.46    6.09
 -27047.276    39.764    -1.52    5.51
 -26757.901    39.578    -0.64    5.13
 -26468.528    39.398    -0.62    4.53
 -26179.158    39.653     0.88    3.85
 -25889.789    40.121     1.62    2.96
 -25600.423    40.454     1.15    2.56
 -25311.059    40.446    -0.03    2.48
 -25021.697    40.973     1.82    2.40
 -24732.338    41.171     0.68    2.20
 -24442.980    41.363     0.66    2.32
 -24153.625    41.397     0.12    2.21
 -23864.272    41.628     0.80    2.04
 -23574.921    41.544    -0.29    1.95
 -23285.572    41.069    -1.64    2.18
 -22996.225    40.433    -2.20    2.37
 -22706.881    39.621    -2.81    2.65
 -22417.539    39.018    -2.08    2.90
 -22128.199    38.302    -2.47    3.58
 -21838.861    37.035    -4.38    4.23
 -21549.525    36.545    -1.69    4.53
 -21260.191    36.357    -0.65    4.95
 -20970.860    36.412     0.19    5.13
 -20681.530    36.761     1.21    5.03
 -20392.203    37.255     1.71    4.49
 -20102.878    38.391     3.92    3.95
 -19813.555    38.395     0.01    3.84
 -19524.235    38.240    -0.53    4.09
 -19234.916    39.221     3.39    3.91
 -18945.600    39.544     1.12    3.71
 -18656.286    39.647     0.36    3.50
 -18366.973    40.136     1.69    3.37
 -18077.664    40.446     1.07    3.41
 -17788.356    40.548     0.35    3.26
 -17499.050    40.832     0.98    3.53
 -17209.747    40.954     0.42    3.47
 -16920.445    41.574     2.14    3.59
 -16631.146    41.636     0.22    3.62
 -16341.849    41.713     0.27    3.71
 -16052.554    41.442    -0.94    3.75
 -15763.261    40.155    -4.45    5.89
 -15473.971    39.653    -1.73    6.15
 -15184.682    38.950    -2.43    5.99
 -14895.396    38.813    -0.48    5.39
 -14606.111    38.205    -2.10    5.22
 -14316.829    37.817    -1.34    4.99
 -14027.549    37.272    -1.88    6.26
 -13738.271    36.688    -2.02    6.02
 -13448.996    36.328    -1.24    6.22
 -13159.722    35.086    -4.29    7.28
 -12870.450    33.561    -5.27    8.18
 -12581.181    32.815    -2.58    8.21
 -12291.914    32.333    -1.67    7.79
 -12002.649    30.626    -5.90    7.78
 -11713.386    29.188    -4.97    7.39
 -11424.125    26.938    -7.78    6.36
 -11134.866    24.768    -7.50    5.53
 -10845.609    23.254    -5.23    4.75
 -10556.355    21.771    -5.13    3.95
 -10267.102    21.119    -2.26    3.38
  -9977.852    21.503     1.33    3.55
  -9688.604    22.205     2.42    4.35
  -9399.358    23.781     5.45    5.24
  -9110.114    25.575     6.20    5.83
  -8820.872    26.086     1.77    5.44
  -8531.632    26.152     0.23    5.66
  -8242.394    25.832    -1.11    5.41
  -7953.159    25.464    -1.27    5.62
  -7663.925    24.204    -4.35    4.63
  -7374.694    24.136    -0.24    5.00
  -7085.464    24.584     1.55    5.44
  -6796.237    26.050     5.07    6.17
  -6507.012    27.084     3.58    7.44
  -6217.789    26.604    -1.66    7.82
  -5928.568    26.153    -1.56    8.00
  -5639.349    25.604    -1.90    8.26
  -5350.133    26.188     2.02    7.39
  -5060.918    24.429    -6.08    9.42
  -4771.705    19.871   -15.76   12.47
  -4482.495    15.916   -13.67   13.95
  -4193.287    11.871   -13.99   15.02
  -3904.080     6.241   -19.47   13.62
  -3614.876     1.533   -16.28    8.75
  -3325.674     0.306    -4.24    5.39
  -3036.474     2.730     8.38    7.16
  -2747.276     5.604     9.94    8.20
  -2458.080     8.808    11.08    8.52
  -2168.886    13.120    14.91    7.75
  -1879.695    14.574     5.03    6.18
  -1590.505    14.421    -0.53    6.25
  -1301.317    11.221   -11.07    8.59
  -1012.132     8.138   -10.66    9.10
   -722.948     4.671   -11.99    8.74
   -433.767     2.539    -7.37    7.70
   -144.588     0.950    -5.49    4.85
    144.590     2.343     4.82    6.02
    433.765     4.371     7.01    6.56
    722.938     6.488     7.32    6.15
   1012.109     8.275     6.18    5.11
   1301.278     9.321     3.62    3.48
   1590.445     8.509    -2.81    3.36
   1879.610     7.043    -5.07    3.87
   2168.773     5.154    -6.53    3.90
   2457.933     3.538    -5.59    3.90
   2747.092     2.015    -5.26    3.84
   3036.249     0.705    -4.53    3.44
   3325.403    -0.117    -2.84    2.70
   3614.556    -0.965    -2.93    1.95
   3903.707    -1.699    -2.54    1.46
   4192.855    -1.880    -0.62    1.38
   4482.001    -2.243    -1.26    1.55
   4771.146    -2.623    -1.31    1.54
   5060.288    -2.726    -0.36    1.68
   5349.428    -2.730    -0.01    1.75
   5638.567    -2.847    -0.40    2.01
   5927.703    -2.881    -0.12    2.11
   6216.837    -2.450     1.49    2.22
   6505.969    -1.192     4.35    4.15
   6795.099     1.888    10.65    9.39
   7084.227     6.395    15.59   12.61
   7373.353    11.254    16.81   14.23
   7662.477    16.027    16.51   14.86
   7951.599    21.412    18.62   14.85
   8240.719    27.371    20.61   13.12
   8529.837    32.730    18.54   10.40
   8818.953    36.738    13.86    7.67
   9108.067    39.348     9.03    6.06
   9397.179    40.981     5.65    3.87
   9686.288    41.784     2.78    3.41
   9975.396    41.713    -0.25    3.54
  10264.502    41.621    -0.32    3.86
  10553.606    41.239    -1.32    3.76
  10842.707    40.671    -1.97    4.05
  11131.807    40.791     0.42    3.98
  11420.905    40.374    -1.44    4.03
  11710.000    40.188    -0.64    4.05
  11999.094    40.071    -0.40    3.97
  12288.186    39.321    -2.59    4.75
  12577.275    38.877    -1.53    5.25
  12866.363    38.120    -2.62    5.62
  13155.449    35.395    -9.43    8.29
  13444.532    32.909    -8.60   10.75
  13733.614    29.421   -12.07   12.21
  14022.693    26.626    -9.67   12.92
  14311.771    23.860    -9.57   12.30
  14600.847    20.509   -11.59   10.53
  14889.920    18.057    -8.48    7.68
  15178.992    15.645    -8.34    4.61
  15468.061    14.538    -3.83    4.53
  15757.129    14.033    -1.75    4.92
  16046.195    13.854    -0.62    4.98
  16335.258    13.754    -0.35    4.97
  16624.320    13.476    -0.96    4.79
  16913.379    13.478     0.01    4.62
  17202.437    14.688     4.18    4.40
  17491.493    15.705     3.52    4.41
  17780.546    15.912     0.72    4.61
  18069.598    16.033     0.42    4.53
  18358.848    15.794    -0.82    4.66
  18648.325    15.205    -2.04    4.61
  18937.800    14.222    -3.39    5.01
  19227.272    13.291    -3.22    5.39
  19516.743    11.412    -6.49    5.58
  19806.212    10.639    -2.67    5.52
  20095.679     8.679    -6.77    5.03
  20385.144     6.554    -7.34    3.83
  20674.607     5.784    -2.66    4.01
  20964.068     5.860     0.26    4.59
  21253.527     7.104     4.30    6.10
  21542.984     8.272     4.04    6.97
  21832.438     9.450     4.07    7.80
  22121.892    11.866     8.35    7.34
  22411.343    13.653     6.17    6.01
  22700.792    14.438     2.71    4.40
  22990.239    14.446     0.03    3.61
  23279.684    14.499     0.18    3.78
  23569.127    14.601     0.35    3.83
  23858.568    14.971     1.28    3.89
  24148.007    15.539     1.96    3.78
  24437.445    16.354     2.82    3.85
  24726.880    17.788     4.95    3.55
  25016.313    17.838     0.17    3.42
  25305.745    17.821    -0.06    3.78
  25595.174    17.239    -2.01    4.18
  25884.602    16.611    -2.17    4.69
  26174.027    16.239    -1.29    4.65
  26463.451    14.991    -4.31    4.75
  26752.872    13.471    -5.25    4.30
  27042.292    12.047    -4.92    4.69
  27331.709    11.067    -3.39    4.69
  27621.125    10.343    -2.50    4.53
  27910.539    10.788     1.54    4.80
  28199.951    10.984     0.68    5.04
  28489.361    11.832     2.93    5.17
  28778.769    13.119     4.45    5.27
  29068.175    14.398     4.42    4.88
  29357.579    14.571     0.60    4.57
  29646.981    15.321     2.59    3.81
  29936.381    15.317    -0.01    3.88
  30225.779    15.135    -0.63    3.70
  30515.176    14.722    -1.43    3.90
  30804.570    14.815     0.32    3.94
  31093.962    14.170    -2.23    4.06
  31383.353    14.565     1.36    4.10
  31672.741    14.308    -0.89    3.77
  31962.128    14.929     2.14    3.98
  32251.513    15.153     0.77    3.97
  32540.896    15.304     0.52    3.94
  32830.276    15.938     2.19    3.80
  33119.655    15.601    -1.16    4.23
  33409.032    15.671     0.24    4.44
  33698.407    16.152     1.66    4.60
  33987.781    16.515     1.26    4.68
  34277.152    16.421    -0.33    4.80
  34566.521    16.391    -0.10    4.78
  34855.889    17.204     2.81    4.59
  35145.254    18.277     3.71    4.13
  35434.618    19.052     2.68    3.45
  35723.979    18.188    -2.99    3.52
  36013.339    17.220    -3.34    3.65
  36302.697    16.155    -3.68    3.98
  36592.053    15.377    -2.69    4.24
  36881.407    13.921    -5.03    3.57
  37170.759    12.777    -3.95    3.17
  37460.109    12.188    -2.04    2.42
  37749.457    11.713    -1.64    2.03
  38038.804    11.425    -1.00    1.63
  38328.148    11.619     0.67    1.81
  38617.491    11.749     0.45    1.74
  38906.831    11.628    -0.42    1.63
  39196.170    12.084     1.58    2.19
  39485.507    12.532     1.55    2.64
  39774.842    12.471    -0.21    2.99
  40064.175    11.977    -1.71    3.98
  40353.506    11.636    -1.18    4.52
  40642.836    11.274    -1.25    4.98
  40932.163    11.089    -0.64    5.06
  41221.489     9.981    -3.83    4.98
  41510.812    10.004     0.08    5.46
  41800.134    10.067     0.22    5.66
  42089.454    10.398     1.14    5.82
  42378.772    11.155     2.62    5.90
  42668.088    11.854     2.42    6.06
  42957.402    12.647     2.74    6.10
  43246.715    14.416     6.11    5.24
  43536.025    14.912     1.71    4.45
  43825.334    15.154     0.84    3.85
  44114.640    15.459     1.05    3.07
  44403.945    14.679    -2.69    3.55
  44693.248    13.791    -3.07    3.47
  44982.549    13.067    -2.50    3.35
  45271.848    12.442    -2.16    3.38
  45561.146    11.171    -4.39    4.72
  45850.441     8.888    -7.89    6.20
  46139.735     7.084    -6.23    7.21
  46429.027     5.137    -6.73    7.85
  46718.316     3.009    -7.35    7.23
  47007.604     1.425    -5.48    6.48
  47296.891     1.188    -0.82    7.23
  47586.175     2.588     4.84    8.31
  47875.457     4.754     7.49    8.47
  48164.738     5.670     3.16    8.35
  48454.017     8.086     8.35    7.93
  48743.293    10.050     6.79    7.37
  49032.568    11.671     5.60    6.50
  49321.842    12.073     1.39    5.82
  49611.113    13.067     3.44    4.65
  49900.382    13.538     1.63    4.27
  50189.650    14.188     2.25    3.49
  50478.916    14.575     1.34    3.53
  50768.180    14.871     1.02    3.71
  51057.442    15.138     0.92    3.33
  51346.702    15.170     0.11    3.30
  51635.960    14.486    -2.37    3.58
  51925.217    13.544    -3.26    3.85
  52214.471    11.998    -5.34    4.61
  52503.724     9.975    -7.00    4.58
  52792.975     8.121    -6.41    3.78
  53082.224     7.030    -3.77    3.57
  53371.472     7.084     0.19    4.33
  53660.717     6.705    -1.31    4.78
  53949.961     7.286     2.01    5.67
  54239.203     8.515     4.25    5.87
  54528.443     9.670     3.99    5.77
  54817.681    10.464     2.74    5.64
  55106.917    11.757     4.47    5.44
  55396.152    13.794     7.04    5.48
  55685.384    15.404     5.57    5.00
  55974.615    17.237     6.34    3.92
  56263.844    17.802     1.95    3.46
  56553.071    17.533    -0.93    3.20
  56842.297    17.121    -1.42    3.28
  57131.520    15.561    -5.40    5.91
  57420.742    14.721    -2.90    7.65
  57709.962    14.837     0.40    8.48
  57999.180    14.739    -0.34    8.47
  58288.397    15.412     2.32    8.11
  58577.611    15.510     0.34    8.20
  58866.824    16.103     2.05    6.69
  59156.035    16.395     1.01    5.39
  59445.244    15.696    -2.41    5.20
  59734.451    14.293    -4.85    5.84
  60023.656    14.205    -0.31    6.21
  60312.860    13.104    -3.80    6.90
  60602.062    12.488    -2.13    7.07
  60891.262    11.871    -2.13    7.05
  61180.460    11.591    -0.97    7.82
  61469.657    11.442    -0.52    8.81
  61758.851    11.774     1.15    9.67
  62048.044    12.788     3.51    9.51
  62337.235    13.253     1.61    9.76
  62626.424    12.784    -1.62   10.24
  62915.612    12.871     0.30   10.03
  63204.798    13.813     3.26    9.91
  63493.982    14.333     1.80    9.62
  63783.164    15.354     3.53    9.50
  64072.344    16.238     3.05    8.52
  64361.522    17.429     4.12    7.32
  64650.699    15.567    -6.44    8.95
  64939.874    14.357    -4.18    9.55
  65229.047    14.222    -0.47    8.99
  65518.219    13.672    -1.90    8.53
  65807.388    14.272     2.08    7.20
  66096.556    14.732     1.59    6.17
  66385.722    14.567    -0.57    5.77
  66674.886    15.377     2.80    3.71
  66964.049    15.384     0.02    4.34
  67253.210    15.205    -0.62    5.57
  67542.369    14.636    -1.97    6.57
  67831.526    14.033    -2.09    7.04
  68120.681    13.464    -1.97    6.50
  68409.835    13.438    -0.09    5.99
  68698.987    13.121    -1.10    5.99
  68988.137    12.804    -1.10    5.83
  69277.285    11.872    -3.22    5.94
  69566.432    10.739    -3.92    6.05
  69855.577     9.354    -4.79    6.29
  70144.720     7.594    -6.09    6.78
  70433.861     5.188    -8.32    6.34
  70723.000     3.960    -4.25    5.51
  71012.138     2.429    -5.29    4.68
  71301.274     1.998    -1.49    4.58
  71590.408     3.408     4.88    5.09
  71879.541     5.340     6.68    6.15
  72168.672     7.239     6.57    6.13
  72457.801    10.255    10.43    7.01
  72746.928    12.837     8.93    7.99
  73036.054    15.804    10.26    8.96
  73325.177    18.171     8.19    8.46
  73614.299    19.588     4.90    7.82
  73903.420    21.488     6.57    7.71
  74192.538    21.925     1.51    7.76
  74481.655    22.018     0.32    8.27
  74770.770    23.326     4.52    8.18
  75059.883    24.321     3.44    8.35
  75348.995    25.761     4.98    8.01
  75638.105    27.363     5.54    6.80
  75927.213    29.571     7.64    3.71
  76216.319    30.723     3.99    3.10
  76505.424    31.075     1.22    3.02
  76794.527    31.154     0.28    2.70
  77083.628    31.069    -0.30    2.74
  77372.727    31.153     0.29    2.73
  77661.825    30.860    -1.01    3.20
  77950.921    30.222    -2.21    3.70
  78240.015    29.408    -2.81    3.81
  78529.108    27.978    -4.95    4.67
  78818.199    27.323    -2.26    5.11
  79107.288    27.223    -0.35    5.37
  79396.375    26.964    -0.90    5.69
  79685.461    26.757    -0.72    5.25
  79974.545    26.679    -0.27    5.18
  80263.627    27.429     2.59    4.60
  80552.789    28.170     2.56    4.16
  80842.240    28.360     0.66    4.16
  81131.690    27.826    -1.85    4.02
  81421.138    27.688    -0.48    3.69
  81710.584    27.594    -0.32    3.42
  82000.028    28.054     1.59    3.32
  82289.471    28.277     0.77    2.89
  82578.912    28.670     1.36    2.38
  82868.352    29.288     2.13    2.41
  83157.789    29.069    -0.76    2.87
  83447.225    28.821    -0.86    3.08
  83736.659    28.545    -0.95    3.33
  84026.092    28.601     0.20    3.39
  84315.523    28.860     0.89    3.55
  84604.952    28.645    -0.74    3.79
  84894.379    28.988     1.18    3.39
  85183.805    29.308     1.11    3.31
  85473.229    29.323     0.05    3.34
  85762.651    29.258    -0.23    3.49
  86052.072    29.425     0.58    3.22
  86341.490    29.288    -0.47    3.09
  86630.908    28.781    -1.75    3.03
  86920.323    28.371    -1.42    3.28
  87209.737    28.323    -0.16    3.42
  87499.149    28.069    -0.88    3.85
  87788.560    28.395     1.12    3.85
  88077.968    28.510     0.40    3.78
  88367.375    28.704     0.67    3.64
  88656.781    29.521     2.82    3.28
  88946.185    30.154     2.19    3.59
  89235.587    30.946     2.74    2.78
  89524.987    30.909    -0.13    2.69
  89814.386    31.304     1.37    2.31
  90103.783    31.764     1.59    2.28
  90393.178    31.567    -0.68    2.30
  90682.572    31.275    -1.01    2.29
  90971.964    31.221    -0.19    2.14
  91261.354    31.188    -0.12    2.53
  91550.742    31.333     0.50    2.46
  91840.129    31.578     0.85    2.45
  92129.515    31.956     1.31    2.64
  92418.898    31.888    -0.23    2.49
  92708.280    32.136     0.86    2.38
  92997.661    32.319     0.63    2.58
  93287.039    32.050    -0.93    2.84
  93576.416    30.533    -5.24    5.18
  93865.791    29.653    -3.04    5.31
  94155.165    28.119    -5.30    7.21
  94444.537    27.319    -2.76    7.26
  94733.907    27.015    -1.05    8.22
  95023.276    27.038     0.08    8.56
  95312.643    25.331    -5.90    9.24
  95602.008    20.459   -16.84   13.16
  95891.372    14.333   -21.17   15.01
  96180.734     9.821   -15.59   15.64
  96470.095     5.368   -15.39   15.04
  96759.453     0.696   -16.14   11.87
  97048.810    -2.778   -12.01    6.76
  97338.166    -4.399    -5.60    2.32
  97627.520    -4.779    -1.31    0.26
  97916.872    -4.812    -0.12    0.00
  98206.222    -4.812     0.00    0.00
  98495.571    -4.812     0.00    0.00
  98784.919    -4.321     1.70    1.96
  99074.264    -1.446     9.94    7.79
  99363.608     1.188     9.10    9.62
  99652.950     4.119    10.13   10.50
  99942.291     9.578    18.87   11.48
 100231.630    14.054    15.47   11.93
 100520.968    18.254    14.52   11.70
 100810.304    21.998    12.94   10.46
 101099.638    24.488     8.60   10.55
 101388.970    28.721    14.63    8.01
 101678.301    31.960    11.19    6.66
 101967.631    34.271     7.99    4.13
 102256.958    34.964     2.39    3.71
 102546.284    34.988     0.08    3.94
 102835.609    35.221     0.81    3.99
 103124.932    34.722    -1.72    4.63
 103414.253    34.929     0.72    4.57
 103703.572    35.027     0.34    3.83
 103992.890    35.438     1.42    3.41
 104282.207    35.754     1.09    2.97
 104571.521    35.838     0.29    3.19
 104860.834    35.308    -1.83    3.84
 105150.146    35.277    -0.11    3.90
 105439.456    35.071    -0.71    3.59
 105728.764    35.119     0.16    3.67
 106018.071    35.088    -0.11    3.43
 106307.376    35.527     1.52    3.29
 106596.679    36.481     3.30    2.14
 106885.981    36.653     0.60    2.20
 107175.282    36.343    -1.07    2.84
 107464.580    35.516    -2.86    3.78
 107753.877    35.291    -0.78    4.15
 108043.173    34.900    -1.35    4.23
 108332.467    35.134     0.81    4.51
 108621.759    35.222     0.30    4.64
 108911.050    35.478     0.89    4.57
 109200.339    36.459     3.39    3.91
 109489.626    36.900     1.52    3.26
 109778.912    37.481     2.01    3.04
 110068.196    37.912     1.49    2.62
 110357.479    38.321     1.41    2.37
 110646.760    38.904     2.02    1.93
 110936.040    39.236     1.15    1.89
 111225.318    39.420     0.64    2.02
 111514.594    39.454     0.12    2.02
 111803.869    39.942     1.69    1.86
 112093.142    40.121     0.62    1.90
 112382.414    40.204     0.29    1.89
 112671.684    40.257     0.18    1.67
 112960.953    39.747    -1.76    1.77
 113250.219    39.205    -1.87    2.12
 113539.485    38.804    -1.39    2.37
 113828.749    38.421    -1.33    3.26
 114118.011    38.088    -1.15    3.35
 114407.271    37.838    -0.86    3.29
 114696.530    37.503    -1.16    3.13
 114985.788    37.754     0.87    2.95
 115275.044    38.222     1.62    2.79
 115564.298    38.561     1.17    2.48
 115853.551    38.628     0.23    2.60
 116142.802    38.739     0.38    2.54
 116432.052    38.722    -0.06    2.36
 116721.300    38.438    -0.98    2.57
 117010.547    37.404    -3.57    3.92
 117299.792    35.832    -5.44    5.08
 117589.035    34.454    -4.76    5.77
 117878.277    32.946    -5.21    5.86
 118167.517    31.784    -4.02    5.84
 118456.756    30.771    -3.50    5.55
 118745.993    31.288     1.79    5.45
 119035.229    32.286     3.45    5.08
 119324.463    33.326     3.59    4.55
 119613.696    34.222     3.10    3.55
 119902.927    34.826     2.09    2.93
 120192.156    35.619     2.74    2.20
 120481.384    35.991     1.29    1.93
 120770.611    36.170     0.62    1.88
 121059.835    36.653     1.67    2.05
 121349.059    36.360    -1.01    2.49
 121638.281    36.153    -0.72    2.57
 121927.501    35.712    -1.52    2.74
 122216.720    35.033    -2.35    2.78
 122505.937    34.239    -2.75    3.09
 122795.152    33.872    -1.27    3.16
 123084.367    33.791    -0.28    3.35
 123373.579    33.321    -1.63    3.32
 123662.790    33.158    -0.56    3.21
