-254290.233    69.757     0.00    5.27
-254000.657    70.500     2.57    5.50
-253711.084    71.492     3.42    5.86
-253421.514    72.647     3.99    6.40
-253131.947    73.849     4.15    6.41
-252842.383    76.151     7.95    5.77
-252552.822    77.438     4.44    4.87
-252263.264    77.664     0.78    4.88
-251973.710    78.190     1.81    5.05
-251684.158    78.275     0.29    5.03
-251394.609    78.059    -0.75    4.94
-251105.064    76.783    -4.41    5.82
-250815.521    76.962     0.62    5.97
-250525.982    77.733     2.66    6.23
-250236.445    80.324     8.95    6.10
-249946.912    81.716     4.81    5.64
-249657.381    82.183     1.61    5.65
-249367.854    82.976     2.74    5.41
-249078.330    84.478     5.19    6.62
-248788.809    85.697     4.21    7.05
-248499.291    86.504     2.79    6.96
-248209.776    86.193    -1.08    7.10
-247920.264    87.204     3.49    6.94
-247630.755    87.466     0.91    7.03
-247341.249    87.319    -0.51    6.77
-247051.746    87.122    -0.68    6.58
-246762.246    86.850    -0.94    6.52
-246472.749    86.600    -0.86    6.11
-246183.255    86.283    -1.09    6.15
-245893.765    85.344    -3.24    6.39
-245604.277    83.883    -5.05    6.45
-245314.792    82.495    -4.80    6.70
-245025.311    81.541    -3.30    6.14
-244735.832    80.834    -2.44    6.09
-244446.356    80.249    -2.02    6.83
-244156.884    77.955    -7.92    7.51
-243867.414    75.111    -9.83    7.23
-243577.948    74.144    -3.34    6.86
-243288.484    73.559    -2.02    6.13
-242999.024    72.495    -3.68    6.09
-242709.566    72.559     0.22    6.17
-242420.112    73.953     4.81    6.76
-242130.660    74.509     1.92    7.16
-241841.212    75.614     3.82    7.27
-241551.767    76.478     2.99    7.05
-241262.324    76.542     0.22    6.41
-240972.885    77.231     2.38    4.93
-240683.448    76.333    -3.10    4.71
-240394.015    76.333     0.00    4.32
-240104.585    75.299    -3.57    4.76
-239815.157    74.354    -3.26    5.32
-239525.733    72.750    -5.54    5.15
-239236.312    72.087    -2.29    4.88
-238946.894    72.638     1.90    5.04
-238657.478    72.933     1.02    5.11
-238368.066    73.400     1.61    5.20
-238078.657    74.180     2.69    5.26
-237789.250    75.283     3.81    5.03
-237499.847    76.516     4.26    5.50
-237210.447    78.580     7.13    5.13
-236921.049    80.089     5.22    4.54
-236631.655    81.478     4.80    4.80
-236342.264    83.194     5.93    5.09
-236052.875    84.597     4.85    5.35
-235763.490    85.404     2.79    6.11
-235474.107    86.291     3.07    6.27
-235184.728    87.611     4.56    5.47
-234895.352    88.921     4.53    5.82
-234605.978    89.628     2.44    5.37
-234316.608    90.490     2.98    5.20
-234027.240    91.033     1.88    5.25
-233737.876    91.783     2.59    5.52
-233448.514    93.516     5.99    5.20
-233159.156    94.537     3.53    5.12
-232869.800    95.680     3.95    5.45
-232580.448    97.650     6.81    5.35
-232291.098    99.054     4.85    6.35
-232001.751   100.683     5.63    5.80
-231712.408   101.908     4.23    5.94
-231423.067   102.680     2.67    5.77
-231133.729   103.116     1.51    5.58
-230844.395   102.849    -0.93    5.47
-230555.063   101.308    -5.33    5.95
-230265.734    99.973    -4.61    5.76
-229976.408    99.224    -2.59    5.24
-229687.085    98.714    -1.76    5.72
-229397.765    98.233    -1.66    5.41
-229108.448    98.166    -0.23    5.49
-228819.134    98.433     0.92    5.19
-228529.823    98.500     0.23    5.27
-228240.515    98.467    -0.11    5.00
-227951.210    98.516     0.17    4.81
-227661.907    98.404    -0.39    5.22
-227372.608    98.160    -0.84    5.65
-227083.312    97.969    -0.66    6.36
-226794.018    97.969     0.00    7.37
-226504.728    97.852    -0.41    7.43
-226215.440    96.676    -4.07    6.58
-225926.156    94.207    -8.54    7.23
-225636.874    92.088    -7.32    6.52
-225347.596    90.439    -5.70    6.29
-225058.320    89.197    -4.29    5.63
-224769.047    88.645    -1.91    5.26
-224479.777    89.066     1.46    5.90
-224190.510    89.359     1.01    6.43
-223901.246    89.914     1.92    6.65
-223611.985    91.886     6.82    7.85
-223322.727    94.818    10.13    8.46
-223033.472    96.869     7.09    8.51
-222744.220    98.681     6.27    8.73
-222454.970   100.652     6.81    8.71
-222165.724   101.576     3.20    7.83
-221876.481   103.580     6.93    6.11
-221587.240   103.408    -0.59    6.43
-221298.002   103.100    -1.07    6.63
-221008.768   102.702    -1.37    6.63
-220719.536   102.316    -1.33    6.41
-220430.307   101.100    -4.21    5.94
-220141.081   100.640    -1.59    5.90
-219851.858   100.190    -1.56    5.75
-219562.638    99.180    -3.49    6.45
-219273.421    98.111    -3.70    6.58
-218984.206    96.439    -5.78    5.82
-218694.995    95.111    -4.59    5.55
-218405.786    94.500    -2.11    6.18
-218116.581    93.229    -4.39    6.33
-217827.378    92.073    -4.00    5.75
-217538.178    90.233    -6.36    5.46
-217248.982    88.516    -5.94    4.58
-216959.788    87.421    -3.79    4.26
-216670.596    86.712    -2.45    4.37
-216381.408    86.516    -0.68    4.86
-216092.223    86.076    -1.52    4.73
-215803.041    86.111     0.12    5.07
-215513.861    86.200     0.31    5.11
-215224.685    85.507    -2.39    5.24
-214935.511    84.318    -4.11    5.64
-214646.340    83.162    -3.99    5.62
-214357.172    82.832    -1.14    5.48
-214068.007    82.576    -0.89    5.01
-213778.845    81.716    -2.97    4.80
-213489.686    81.386    -1.14    4.71
-213200.530    81.020    -1.27    4.71
-212911.376    80.702    -1.10    5.01
-212622.226    79.466    -4.27    4.73
-212333.078    78.144    -4.57    4.39
-212043.933    77.046    -3.80    4.07
-211754.791    77.059     0.04    4.34
-211465.652    77.359     1.04    4.66
-211176.516    77.666     1.06    5.50
-210887.382    79.160     5.17    6.53
-210598.252    79.766     2.10    6.94
-210309.124    80.566     2.77    7.58
-210020.000    80.611     0.15    7.48
-209730.878    82.050     4.98    7.26
-209441.759    83.427     4.76    6.47
-209152.643    85.207     6.16    6.74
-208863.530    85.866     2.28    6.05
-208574.419    86.483     2.13    5.48
-208285.312    87.359     3.03    5.13
-207996.207    88.231     3.02    4.66
-207707.105    87.668    -1.95    5.02
-207418.006    86.600    -3.70    4.82
-207128.910    85.257    -4.65    4.79
-206839.817    85.037    -0.76    4.73
-206550.727    85.714     2.34    4.84
-206261.639    85.316    -1.38    4.74
-205972.555    85.100    -0.75    4.84
-205683.473    85.647     1.89    4.54
-205394.394    86.093     1.54    4.39
-205105.318    86.059    -0.12    4.28
-204816.245    85.717    -1.18    4.23
-204527.174    84.966    -2.60    4.26
-204238.107    84.864    -0.36    4.29
-203949.042    84.888     0.09    4.38
-203659.980    85.404     1.78    5.23
-203370.921    85.681     0.96    5.70
-203081.865    85.438    -0.84    5.71
-202792.811    84.390    -3.63    6.35
-202503.761    83.421    -3.35    5.88
-202214.713    82.421    -3.46    6.18
-201925.668    82.214    -0.72    6.11
-201636.626    80.683    -5.30    6.04
-201347.587    79.849    -2.89    5.68
-201058.551    80.335     1.68    5.48
-200769.517    81.224     3.08    5.52
-200480.487    82.714     5.16    4.58
-200191.459    82.628    -0.30    4.50
-199902.434    83.400     2.67    4.31
-199613.411    83.916     1.79    4.15
-199324.392    83.186    -2.53    4.97
-199035.375    82.729    -1.58    5.20
-198746.362    81.466    -4.37    6.42
-198457.351    80.099    -4.73    7.09
-198168.343    78.960    -3.94    7.38
-197879.337    77.936    -3.55    7.66
-197590.335    76.969    -3.34    7.33
-197301.335    75.986    -3.40    7.28
-197012.338    75.467    -1.80    7.54
-196723.344    74.883    -2.02    7.36
-196434.353    74.241    -2.22    6.96
-196145.365    74.243     0.01    6.67
-195856.379    73.495    -2.59    6.80
-195567.396    72.390    -3.82    6.98
-195278.416    71.241    -3.98    7.10
-194988.941    70.059    -4.08    6.89
-194699.360    69.176    -3.05    7.43
-194409.781    68.576    -2.07    7.94
-194120.205    66.714    -6.43    7.93
-193830.633    65.662    -3.63    8.58
-193541.062    63.576    -7.20    8.65
-193251.495    60.500   -10.62    9.34
-192961.930    58.800    -5.87    8.33
-192672.369    57.166    -5.64    9.01
-192382.810    56.502    -2.29    8.34
-192093.254    54.007    -8.62    8.50
-191803.700    52.716    -4.46    8.78
-191514.150    51.664    -3.63    9.33
-191224.602    49.416    -7.76    9.19
-190935.057    46.390   -10.45    8.32
-190645.515    44.180    -7.64    7.82
-190355.976    42.852    -4.59    6.36
-190066.439    40.783    -7.15    6.02
-189776.905    39.701    -3.74    5.96
-189487.374    39.628    -0.25    5.93
-189197.846    40.300     2.32    5.75
-188908.321    40.145    -0.53    6.10
-188618.798    40.717     1.98    5.69
-188329.278    40.800     0.28    5.18
-188039.761    41.816     3.51    3.15
-187750.247    41.666    -0.52    3.09
-187460.736    41.576    -0.31    2.86
-187171.227    41.292    -0.98    3.25
-186881.721    40.766    -1.82    2.98
-186592.218    40.455    -1.07    2.89
-186302.718    40.685     0.79    2.47
-186013.220    40.093    -2.04    2.62
-185723.725    39.973    -0.42    2.60
-185434.233    40.169     0.68    2.79
-185144.744    40.700     1.83    2.70
-184855.257    40.868     0.58    2.45
-184565.774    41.216     1.20    2.61
-184276.293    41.662     1.54    2.95
-183986.814    42.765     3.81    3.74
-183697.339    43.865     3.80    5.53
-183407.866    44.233     1.27    5.56
-183118.396    44.455     0.77    6.21
-182828.929    44.923     1.62    6.73
-182539.465    44.559    -1.26    6.25
-182250.003    43.559    -3.45    5.76
-181960.544    42.300    -4.35    4.39
-181671.088    42.144    -0.54    4.17
-181381.635    41.818    -1.13    4.13
-181092.184    41.681    -0.47    4.59
-180802.736    40.432    -4.32    3.81
-180513.291    40.266    -0.57    4.85
-180223.849    39.670    -2.06    4.85
-179934.409    38.369    -4.49    4.37
-179644.972    38.050    -1.10    3.90
-179355.538    37.869    -0.62    3.59
-179066.107    37.680    -0.66    3.39
-178776.678    37.733     0.18    3.09
-178487.252    37.546    -0.65    3.95
-178197.829    37.654     0.37    4.19
-177908.409    37.134    -1.80    4.81
-177618.991    36.600    -1.85    5.81
-177329.576    36.660     0.21    5.37
-177040.164    36.541    -0.41    5.94
-176750.754    36.900     1.24    5.60
-176461.348    36.416    -1.67    6.03
-176171.944    36.818     1.39    6.09
-175882.542    36.344    -1.63    6.29
-175593.144    37.054     2.45    6.56
-175303.748    37.800     2.58    6.92
-175014.355    37.364    -1.51    6.96
-174724.964    37.516     0.53    7.13
-174435.577    37.979     1.60    6.57
-174146.192    38.563     2.02    6.06
-173856.809    38.524    -0.13    5.13
-173567.430    38.635     0.38    3.99
-173278.053    38.783     0.51    2.38
-172988.679    38.714    -0.24    1.85
-172699.308    38.455    -0.89    1.70
-172409.939    38.224    -0.80    2.77
-172120.573    38.150    -0.26    2.85
-171831.210    38.404     0.88    3.02
-171541.849    38.733     1.14    3.35
-171252.491    38.622    -0.38    3.59
-170963.136    38.576    -0.16    3.40
-170673.784    37.933    -2.22    3.30
-170384.434    37.033    -3.11    3.71
-170095.087    37.144     0.38    4.60
-169805.743    36.962    -0.63    5.16
-169516.401    37.214     0.87    6.75
-169227.062    37.421     0.72    7.27
-168937.726    38.300     3.04    7.50
-168648.393    38.963     2.29    8.51
-168359.062    38.973     0.03    8.85
-168069.734    38.933    -0.14    9.67
-167780.408    39.116     0.63    9.39
-167491.085    39.477     1.25    9.86
-167201.765    39.533     0.20    9.85
-166912.448    40.300     2.65    9.57
-166623.133    40.166    -0.46    9.41
-166333.821    40.059    -0.37    8.83
-166044.512    39.630    -1.48    8.65
-165755.205    38.852    -2.69    8.99
-165465.901    39.373     1.80    8.73
-165176.600    38.816    -1.93    7.85
-164887.302    38.438    -1.31    7.43
-164598.006    37.835    -2.09    6.85
-164308.712    37.024    -2.80    6.02
-164019.422    36.033    -3.43    5.18
-163730.134    34.037    -6.90    3.86
-163440.849    33.088    -3.28    3.43
-163151.566    33.300     0.73    4.94
-162862.286    33.958     2.28    5.78
-162573.009    35.324     4.72    6.33
-162283.735    35.783     1.59    5.88
-161994.463    36.176     1.36    5.84
-161705.194    36.888     2.46    5.49
-161415.927    37.835     3.27    4.79
-161126.663    38.145     1.07    4.72
-160837.402    39.421     4.41    5.40
-160548.143    40.865     4.99    6.86
-160258.887    41.904     3.59    7.13
-159969.634    42.969     3.68    6.31
-159680.384    43.319     1.21    5.97
-159391.136    44.366     3.62    5.74
-159101.890    44.783     1.44    5.97
-158812.648    46.042     4.35    5.69
-158523.408    47.283     4.29    6.60
-158234.170    48.818     5.31    6.00
-157944.936    50.818     6.91    5.10
-157655.704    52.600     6.16    5.02
-157366.474    54.190     5.50    4.63
-157077.247    54.928     2.55    5.11
-156788.023    55.354     1.47    5.38
-156498.802    55.383     0.10    5.51
-156209.583    57.344     6.78    5.53
-155920.367    58.025     2.35    6.56
-155631.153    59.083     3.66    6.24
-155341.942    59.700     2.13    6.63
-155052.734    60.473     2.67    6.44
-154763.528    59.941    -1.84    6.32
-154474.325    58.783    -4.00    6.72
-154185.125    56.732    -7.09    5.32
-153895.927    56.686    -0.16    5.59
-153606.732    56.166    -1.80    5.25
-153317.539    56.819     2.26    5.66
-153028.349    56.902     0.29    5.56
-152739.162    58.318     4.90    5.77
-152449.978    59.685     4.73    5.60
-152160.795    60.714     3.56    5.04
-151871.616    61.576     2.98    4.85
-151582.439    62.145     1.97    5.15
-151293.265    62.955     2.80    6.03
-151004.094    63.083     0.44    6.30
-150714.925    62.835    -0.86    6.13
-150425.758    62.800    -0.12    6.32
-150136.595    63.622     2.84    5.79
-149847.433    63.059    -1.95    5.40
-149558.275    63.550     1.70    4.47
-149269.119    63.919     1.28    3.94
-148979.966    63.666    -0.87    4.12
-148690.815    62.354    -4.54    4.34
-148401.667    60.731    -5.61    4.70
-148112.522    60.093    -2.21    4.57
-147823.379    59.986    -0.37    4.95
-147534.238    59.433    -1.91    5.47
-147245.101    59.507     0.26    5.55
-146955.966    59.416    -0.31    5.65
-146666.833    59.835     1.45    5.24
-146377.703    59.050    -2.72    5.04
-146088.576    57.666    -4.78    5.50
-145799.451    55.916    -6.05    6.35
-145510.329    53.683    -7.72    6.97
-145221.210    52.335    -4.66    6.63
-144932.093    51.122    -4.19    6.36
-144642.978    51.766     2.23    6.69
-144353.867    51.799     0.12    7.24
-144064.757    53.570     6.12    8.12
-143775.651    54.587     3.52    8.21
-143486.547    56.231     5.69    7.78
-143197.445    57.408     4.07    6.86
-142908.347    58.062     2.26    6.11
-142619.250    58.258     0.68    5.78
-142330.157    58.666     1.41    5.57
-142041.065    60.180     5.23    5.53
-141751.977    61.204     3.54    5.97
-141462.891    62.516     4.54    6.04
-141173.808    64.180     5.75    5.88
-140884.727    65.150     3.36    5.71
-140595.648    66.292     3.95    5.41
-140306.573    67.249     3.31    5.30
-140017.500    68.490     4.29    4.83
-139728.429    69.283     2.74    4.62
-139439.361    69.931     2.24    4.41
-139150.296    70.404     1.64    4.32
-138861.233    70.139    -0.92    4.55
-138572.172    70.128    -0.04    4.63
-138283.115    70.071    -0.20    4.54
-137994.059    69.654    -1.44    4.84
-137705.007    68.969    -2.37    5.06
-137415.957    68.020    -3.28    5.23
-137126.909    67.573    -1.55    5.35
-136837.864    67.438    -0.46    5.41
-136548.822    67.400    -0.13    5.44
-136259.782    67.250    -0.52    5.33
-135970.745    68.041     2.74    5.48
-135681.710    68.766     2.51    5.49
-135392.678    70.266     5.19    5.19
-135103.648    71.134     3.00    4.52
-134814.621    71.966     2.88    4.94
-134525.596    72.224     0.89    4.90
-134236.574    73.580     4.69    5.94
-133947.554    75.003     4.93    6.28
-133658.537    75.816     2.81    6.35
-133369.523    76.750     3.23    6.29
-133080.511    78.611     6.44    6.30
-132791.180    79.652     3.60    6.41
-132501.627    80.216     1.95    6.28
-132212.076    80.485     0.93    5.44
-131922.528    79.868    -2.13    5.88
-131632.983    79.714    -0.53    5.80
-131343.440    79.366    -1.20    5.76
-131053.899    79.139    -0.79    5.38
-130764.361    80.100     3.32    5.40
-130474.826    81.800     5.87    5.85
-130185.293    83.537     6.00    6.36
-129895.762    85.733     7.58    6.28
-129606.234    86.766     3.57    5.98
-129316.709    88.209     4.98    5.35
-129027.186    89.093     3.05    4.97
-128737.666    89.214     0.42    5.00
-128448.148    89.226     0.04    5.10
-128158.633    89.359     0.46    5.46
-127869.120    88.717    -2.22    6.05
-127579.610    89.145     1.48    5.89
-127290.102    89.214     0.24    6.11
-127000.597    89.714     1.73    6.00
-126711.094    89.681    -0.11    5.54
-126421.594    89.366    -1.09    5.61
-126132.096    89.093    -0.94    5.44
-125842.601    89.292     0.68    5.48
-125553.109    88.926    -1.26    5.44
-125263.619    88.207    -2.48    5.68
-124974.131    87.537    -2.31    5.76
-124684.646    86.583    -3.30    6.02
-124395.163    85.750    -2.88    6.27
-124105.683    85.265    -1.67    6.30
-123816.206    84.732    -1.84    6.16
-123526.731    83.731    -3.46    6.58
-123237.258    82.500    -4.25    6.21
-122947.788    80.963    -5.31    5.62
-122658.320    79.432    -5.29    5.51
-122368.855    78.133    -4.49    5.16
-122079.393    76.694    -4.97    4.74
-121789.933    76.767     0.25    4.93
-121500.475    76.733    -0.12    5.26
-121211.020    77.083     1.21    6.07
-120921.567    77.714     2.18    6.37
-120632.117    78.836     3.88    6.48
-120342.670    79.919     3.74    5.81
-120053.224    79.495    -1.46    5.12
-119763.782    79.428    -0.23    4.76
-119474.342    79.283    -0.50    5.18
-119184.904    78.473    -2.80    5.23
-118895.469    77.973    -1.73    5.34
-118606.036    77.542    -1.49    5.11
-118316.606    76.963    -2.00    5.19
-118027.178    76.749    -0.74    5.00
-117737.753    76.542    -0.71    5.07
-117448.330    76.680     0.48    5.40
-117158.910    77.524     2.92    5.30
-116869.492    77.106    -1.45    5.09
-116580.076    77.834     2.52    5.27
-116290.663    78.366     1.84    5.10
-116001.253    78.432     0.23    5.27
-115711.845    78.266    -0.57    5.05
-115422.439    76.833    -4.95    5.41
-115133.036    75.630    -4.16    5.36
-114843.636    75.013    -2.14    5.33
-114554.237    73.658    -4.68    4.82
-114264.842    73.393    -0.92    4.69
-113975.449    72.608    -2.71    4.23
-113686.058    72.816     0.72    4.93
-113396.669    72.504    -1.08    5.09
-113107.284    71.800    -2.43    5.39
-112817.900    70.614    -4.10    5.52
-112528.519    68.941    -5.78    5.89
-112239.141    68.066    -3.02    5.89
-111949.765    66.550    -5.24    5.81
-111660.391    64.766    -6.16    5.15
-111371.020    63.614    -3.98    4.55
-111081.651    63.309    -1.05    4.74
-110792.285    63.083    -0.78    4.90
-110502.921    63.593     1.76    5.55
-110213.560    63.478    -0.40    5.90
-109924.201    63.866     1.34    5.82
-109634.844    64.071     0.71    5.59
-109345.490    64.524     1.57    5.16
-109056.139    65.134     2.11    4.72
-108766.789    65.350     0.75    5.57
-108477.443    64.800    -1.90    5.71
-108188.098    64.733    -0.23    5.78
-107898.757    64.507    -0.78    5.77
-107609.417    64.573     0.23    5.60
-107320.080    64.045    -1.82    4.51
-107030.745    63.333    -2.46    3.86
-106741.413    62.980    -1.22    3.85
-106452.084    62.765    -0.74    4.22
-106162.756    62.731    -0.12    4.45
-105873.431    62.628    -0.36    4.61
-105584.109    62.749     0.42    4.60
-105294.789    62.619    -0.45    4.28
-105005.471    62.524    -0.33    4.53
-104716.156    62.105    -1.45    4.50
-104426.843    62.462     1.23    4.68
-104137.533    62.597     0.47    4.95
-103848.225    62.057    -1.86    4.59
-103558.919    62.461     1.40    4.70
-103269.616    62.333    -0.44    4.94
-102980.315    62.076    -0.89    4.95
-102691.017    61.352    -2.50    4.95
-102401.721    60.292    -3.67    4.95
-102112.427    59.902    -1.35    5.20
-101823.136    59.348    -1.92    5.25
-101533.848    58.344    -3.47    4.84
-101244.561    57.550    -2.75    5.40
-100955.277    56.362    -4.11    5.31
-100665.996    55.799    -1.95    5.27
-100376.717    55.833     0.12    5.34
-100087.440    55.200    -2.19    5.46
 -99798.166    53.835    -4.72    5.56
 -99508.894    52.274    -5.39    5.95
 -99219.624    51.495    -2.69    5.93
 -98930.357    50.817    -2.34    5.32
 -98641.092    50.428    -1.34    5.06
 -98351.830    49.966    -1.60    5.13
 -98062.570    49.176    -2.73    5.37
 -97773.312    48.817    -1.24    6.08
 -97484.057    47.680    -3.93    5.81
 -97194.804    46.357    -4.57    5.69
 -96905.554    45.645    -2.46    5.92
 -96616.306    44.628    -3.52    5.22
 -96327.060    43.766    -2.98    5.31
 -96037.817    43.292    -1.64    5.26
 -95748.576    42.650    -2.22    5.04
 -95459.337    41.886    -2.64    4.93
 -95170.101    40.016    -6.47    4.98
 -94880.867    38.604    -4.88    4.64
 -94591.636    36.921    -5.82    4.49
 -94302.407    35.750    -4.05    4.35
 -94013.180    34.953    -2.76    4.39
 -93723.956    35.054     0.35    5.52
 -93434.734    36.729     5.79    7.30
 -93145.514    38.955     7.70    8.16
 -92856.297    40.590     5.65    7.87
 -92567.082    41.902     4.54    7.45
 -92277.870    42.947     3.61    7.22
 -91988.660    43.593     2.24    5.88
 -91699.452    43.416    -0.61    5.67
 -91410.246    43.783     1.27    5.57
 -91121.043    45.233     5.01    6.40
 -90831.843    47.333     7.26    6.70
 -90542.644    48.633     4.50    6.73
 -90253.448    50.583     6.74    6.81
 -89964.255    51.645     3.67    6.05
 -89675.063    52.495     2.94    5.06
 -89385.874    51.990    -1.75    4.66
 -89096.688    51.554    -1.51    5.01
 -88807.503    49.666    -6.53    5.24
 -88518.322    47.643    -7.00    5.49
 -88229.142    45.614    -7.02    5.64
 -87939.965    43.712    -6.58    5.42
 -87650.790    42.045    -5.76    5.02
 -87361.617    40.066    -6.84    4.73
 -87072.447    39.016    -3.63    4.91
 -86783.279    38.007    -3.49    4.72
 -86494.114    37.432    -1.99    4.81
 -86204.950    37.495     0.22    5.02
 -85915.789    36.919    -1.99    5.14
 -85626.631    36.428    -1.70    5.59
 -85337.475    35.749    -2.35    5.37
 -85048.321    34.490    -4.35    4.28
 -84759.169    33.559    -3.22    3.48
 -84470.020    33.369    -0.66    4.32
 -84180.873    35.193     6.31    6.13
 -83891.729    36.800     5.56    6.58
 -83602.586    39.197     8.29    7.05
 -83313.446    39.869     2.33    6.69
 -83024.309    40.904     3.58    6.01
 -82735.173    41.816     3.15    4.87
 -82446.040    41.180    -2.20    4.50
 -82156.910    39.800    -4.77    4.60
 -81867.781    39.713    -0.30    4.34
 -81578.655    39.386    -1.13    4.22
 -81289.532    39.066    -1.11    4.40
 -81000.410    39.275     0.72    4.89
 -80711.291    40.062     2.72    5.45
 -80422.174    41.444     4.78    5.86
 -80133.060    41.869     1.47    6.09
 -79843.948    41.783    -0.30    6.95
 -79554.838    40.200    -5.48    8.69
 -79265.730    37.750    -8.47   11.24
 -78976.625    34.473   -11.34   12.59
 -78687.522    30.342   -14.29   12.77
 -78398.421    27.214   -10.82   12.07
 -78109.323    24.083   -10.83   11.02
 -77820.227    20.933   -10.90    8.65
 -77531.133    20.150    -2.71    6.86
 -77242.041    20.700     1.90    5.89
 -76952.952    20.976     0.96    6.06
 -76663.865    20.950    -0.09    5.87
 -76374.781    21.766     2.82    5.37
 -76085.698    22.521     2.61    4.28
 -75796.618    22.800     0.97    3.38
 -75507.541    22.151    -2.24    2.98
 -75218.465    21.662    -1.69    3.06
 -74929.392    21.765     0.36    3.32
 -74640.321    21.950     0.64    3.51
 -74351.252    21.834    -0.40    3.69
 -74062.186    21.966     0.46    3.86
 -73773.122    23.059     3.78    4.46
 -73484.060    25.569     8.68    6.66
 -73195.001    27.733     7.49    7.12
 -72905.943    30.404     9.24    7.66
 -72616.888    32.366     6.79    7.62
 -72327.836    34.698     8.07    7.06
 -72038.785    36.455     6.08    5.60
 -71749.737    37.162     2.45    5.10
 -71460.691    37.766     2.09    4.11
 -71171.648    37.504    -0.90    4.07
 -70882.606    37.266    -0.83    4.08
 -70593.392    36.834    -1.49    4.19
 -70303.863    37.265     1.49    3.91
 -70014.336    37.868     2.08    4.06
 -69724.812    38.428     1.94    3.96
 -69435.289    38.715     0.99    4.13
 -69145.769    39.410     2.40    4.39
 -68856.252    39.888     1.65    4.39
 -68566.736    41.318     4.94    4.18
 -68277.223    42.150     2.87    3.89
 -67987.712    42.983     2.88    4.19
 -67698.203    43.428     1.54    4.29
 -67408.697    43.444     0.05    4.68
 -67119.192    43.683     0.83    4.44
 -66829.691    44.836     3.98    4.48
 -66540.191    45.702     2.99    4.76
 -66250.693    47.359     5.72    4.85
 -65961.198    48.003     2.22    4.81
 -65671.705    48.902     3.10    5.27
 -65382.215    49.187     0.98    4.95
 -65092.726    49.400     0.74    5.15
 -64803.240    49.580     0.62    4.93
 -64513.756    50.025     1.54    5.21
 -64224.274    50.583     1.93    5.53
 -63934.795    51.694     3.84    5.69
 -63645.318    53.088     4.82    5.61
 -63355.843    54.869     6.15    5.74
 -63066.370    57.045     7.52    5.64
 -62776.899    57.936     3.08    4.66
 -62487.431    58.335     1.38    4.34
 -62197.965    57.800    -1.85    4.40
 -61908.501    57.404    -1.37    4.45
 -61619.040    55.650    -6.06    5.20
 -61329.581    54.003    -5.69    5.20
 -61040.123    52.250    -6.06    4.67
 -60750.669    50.990    -4.35    4.66
 -60461.216    49.886    -3.81    4.17
 -60171.765    48.340    -5.34    4.03
 -59882.317    46.833    -5.21    4.41
 -59592.871    45.953    -3.04    4.16
 -59303.428    45.818    -0.46    4.09
 -59013.986    45.386    -1.49    3.96
 -58724.547    44.733    -2.26    3.74
 -58435.110    43.342    -4.80    4.56
 -58145.675    42.533    -2.80    4.91
 -57856.242    42.455    -0.27    4.73
 -57566.812    42.037    -1.44    4.84
 -57277.383    42.801     2.64    4.87
 -56987.957    44.033     4.26    5.16
 -56698.534    45.127     3.78    5.12
 -56409.112    46.180     3.64    4.70
 -56119.693    47.200     3.52    4.19
 -55830.275    47.750     1.90    4.35
 -55540.861    48.037     0.99    4.32
 -55251.448    48.512     1.64    4.37
 -54962.037    49.546     3.57    4.65
 -54672.629    50.816     4.39    4.49
 -54383.223    51.573     2.61    4.37
 -54093.819    52.433     2.97    4.26
 -53804.417    52.938     1.75    4.06
 -53515.017    53.603     2.30    4.30
 -53225.620    54.166     1.95    4.04
 -52936.225    54.190     0.08    4.02
 -52646.832    54.680     1.69    3.75
 -52357.441    55.029     1.21    4.48
 -52068.052    55.308     0.96    4.53
 -51778.666    55.733     1.47    4.40
 -51489.282    55.412    -1.11    4.74
 -51199.900    54.359    -3.64    5.30
 -50910.520    53.944    -1.44    4.82
 -50621.142    53.233    -2.46    4.67
 -50331.767    53.731     1.72    4.44
 -50042.393    54.226     1.71    4.61
 -49753.022    55.404     4.07    5.07
 -49463.653    56.645     4.29    4.15
 -49174.286    57.455     2.80    4.26
 -48884.922    57.800     1.19    4.36
 -48595.559    57.766    -0.12    4.24
 -48306.199    57.645    -0.42    4.52
 -48016.841    57.500    -0.50    4.53
 -47727.485    57.337    -0.56    4.34
 -47438.131    57.300    -0.13    4.09
 -47148.780    57.000    -1.04    4.03
 -46859.430    56.450    -1.90    4.79
 -46570.083    56.078    -1.28    5.10
 -46280.738    56.319     0.83    5.30
 -45991.395    56.542     0.77    5.64
 -45702.054    58.473     6.67    6.76
 -45412.716    60.216     6.03    7.50
 -45123.379    61.799     5.47    7.21
 -44834.045    62.886     3.76    7.23
 -44544.713    64.583     5.86    6.49
 -44255.383    66.204     5.60    5.49
 -43966.055    66.504     1.04    5.21
 -43676.729    66.969     1.61    5.03
 -43387.406    67.224     0.88    5.47
 -43098.084    66.732    -1.70    5.95
 -42808.765    66.800     0.23    6.30
 -42519.448    66.516    -0.98    6.42
 -42230.133    66.628     0.39    5.98
 -41940.820    66.652     0.08    6.23
 -41651.510    66.316    -1.16    5.52
 -41362.201    66.257    -0.21    5.22
 -41072.895    65.563    -2.40    5.01
 -40783.591    64.180    -4.78    4.12
 -40494.289    62.950    -4.25    4.27
 -40204.989    61.749    -4.15    4.30
 -39915.691    60.563    -4.10    3.80
 -39626.395    60.007    -1.92    3.65
 -39337.102    59.537    -1.62    3.59
 -39047.810    59.650     0.39    3.89
 -38758.521    60.700     3.63    4.89
 -38469.234    62.472     6.12    5.49
 -38179.949    64.421     6.74    5.69
 -37890.666    65.783     4.71    5.03
 -37601.385    65.868     0.29    5.07
 -37312.106    66.680     2.81    4.46
 -37022.830    67.045     1.26    4.12
 -36733.555    66.680    -1.26    3.87
 -36444.283    66.093    -2.03    3.98
 -36155.013    66.180     0.30    4.01
 -35865.745    66.800     2.14    4.10
 -35576.479    66.716    -0.29    4.13
 -35287.215    66.662    -0.19    4.27
 -34997.953    66.433    -0.79    3.88
 -34708.694    66.140    -1.01    3.65
 -34419.436    65.681    -1.59    3.68
 -34130.181    64.635    -3.62    3.75
 -33840.928    63.258    -4.76    3.70
 -33551.676    61.865    -4.81    3.91
 -33262.427    61.015    -2.94    3.71
 -32973.180    59.461    -5.37    3.65
 -32683.936    58.580    -3.05    3.37
 -32394.693    58.483    -0.33    3.42
 -32105.452    58.735     0.87    3.54
 -31816.214    58.749     0.05    3.57
 -31526.977    58.583    -0.57    4.32
 -31237.743    58.104    -1.65    4.40
 -30948.511    57.865    -0.83    4.96
 -30659.280    57.342    -1.81    5.45
 -30370.052    56.600    -2.57    5.63
 -30080.826    56.628     0.10    6.09
 -29791.602    57.415     2.72    5.55
 -29502.381    58.173     2.62    4.90
 -29213.161    58.628     1.57    4.60
 -28923.943    58.455    -0.60    4.19
 -28634.728    58.533     0.27    3.97
 -28345.514    58.301    -0.80    4.31
 -28056.303    58.139    -0.56    4.10
 -27767.094    57.524    -2.12    3.77
 -27477.886    56.242    -4.43    3.81
 -27188.681    55.042    -4.15    4.12
 -26899.478    54.283    -2.62    4.20
 -26610.277    53.662    -2.15    4.54
 -26321.078    52.257    -4.86    4.49
 -26031.881    51.603    -2.26    5.02
 -25742.687    50.783    -2.83    5.23
 -25453.494    50.258    -1.81    5.44
 -25164.303    50.502     0.84    5.60
 -24875.115    50.421    -0.28    5.68
 -24585.928    50.416    -0.02    5.53
 -24296.744    50.614     0.68    5.12
 -24007.562    50.504    -0.38    4.79
 -23718.381    50.886     1.32    4.60
 -23429.203    50.955     0.24    4.54
 -23140.027    51.576     2.15    4.56
 -22850.853    53.116     5.33    4.17
 -22561.681    54.050     3.23    4.52
 -22272.511    55.197     3.97    3.97
 -21983.343    55.376     0.62    4.00
 -21694.177    55.301    -0.26    3.86
 -21405.013    54.681    -2.14    4.64
 -21115.851    53.316    -4.72    4.91
 -20826.691    52.500    -2.82    5.38
 -20537.534    51.226    -4.41    5.38
 -20248.378    50.944    -0.97    5.40
 -19959.225    50.902    -0.15    5.91
 -19670.073    50.404    -1.72    5.51
 -19380.923    49.406    -3.45    5.39
 -19091.776    48.963    -1.53    5.19
 -18802.631    47.455    -5.22    4.74
 -18513.487    46.969    -1.68    4.55
 -18224.346    46.408    -1.94    4.50
 -17935.207    46.928     1.80    5.17
 -17646.069    47.308     1.32    5.62
 -17356.934    48.045     2.55    5.23
 -17067.801    49.369     4.58    4.69
 -16778.670    50.372     3.47    5.29
 -16489.540    50.393     0.07    5.56
 -16200.413    50.731     1.17    5.61
 -15911.288    50.947     0.75    5.39
 -15622.165    51.664     2.48    5.02
 -15333.044    52.318     2.26    5.29
 -15043.925    53.455     3.94    5.40
 -14754.808    55.490     7.04    5.45
 -14465.693    56.799     4.53    5.50
 -14176.580    57.938     3.94    5.28
 -13887.469    59.224     4.45    4.85
 -13598.360    59.455     0.80    4.56
 -13309.254    59.087    -1.28    4.88
 -13020.149    58.154    -3.23    4.96
 -12731.046    57.533    -2.15    4.73
 -12441.945    56.980    -1.91    4.62
 -12152.846    56.608    -1.29    4.74
 -11863.749    55.990    -2.14    4.30
 -11574.655    54.716    -4.41    4.14
 -11285.562    54.156    -1.94    4.40
 -10996.471    53.400    -2.62    4.71
 -10707.382    52.318    -3.74    4.88
 -10418.295    50.904    -4.89    4.69
 -10129.211    49.093    -6.26    3.95
  -9840.128    47.783    -4.53    3.84
  -9551.047    46.883    -3.11    3.80
  -9261.968    46.283    -2.08    3.81
  -8972.891    45.283    -3.46    3.98
  -8683.817    44.604    -2.35    4.30
  -8394.690    43.936    -2.31    4.79
  -8105.190    42.851    -3.75    5.18
  -7815.692    41.900    -3.29    5.39
  -7526.196    41.340    -1.93    5.17
  -7236.702    40.695    -2.23    4.86
  -6947.210    40.316    -1.31    3.96
  -6657.720    41.197     3.04    4.39
  -6368.232    42.200     3.46    4.89
  -6078.746    43.488     4.45    4.46
  -5789.262    44.404     3.16    3.64
  -5499.780    44.421     0.06    3.60
  -5210.300    43.479    -3.25    3.82
  -4920.822    42.106    -4.75    4.49
  -4631.346    40.444    -5.74    4.87
  -4341.872    38.333    -7.29    5.30
  -4052.400    37.249    -3.75    5.29
  -3762.930    36.390    -2.97    5.49
  -3473.462    35.450    -3.25    6.14
  -3183.995    33.766    -5.82    6.18
  -2894.531    33.275    -1.70    6.49
  -2605.069    31.766    -5.21    6.74
  -2315.609    30.042    -5.96    7.85
  -2026.151    26.818   -11.14    9.81
  -1736.694    20.783   -20.85   12.36
  -1447.240    16.062   -16.31   13.29
  -1157.788    11.266   -16.57   12.98
   -868.337     6.576   -16.20   10.78
   -578.889     3.542   -10.48    8.01
   -289.442     1.404    -7.39    3.96
      0.002     1.783     1.31    4.91
    289.445     3.325     5.33    6.64
    578.885     5.166     6.36    7.75
    868.324     6.625     5.04    8.18
   1157.760     8.507     6.50    8.69
   1447.195     9.983     5.10    8.62
   1736.628    10.241     0.89    8.20
   2026.058    10.095    -0.50    7.95
   2315.487    10.069    -0.09    7.62
   2604.914    10.386     1.10    7.30
   2894.339    11.051     2.30    7.26
   3183.762    12.029     3.38    7.63
   3473.183    13.127     3.80    8.15
   3762.602    15.576     8.46    7.71
   4052.019    17.207     5.63    6.48
   4341.434    17.369     0.56    6.44
   4630.848    17.416     0.16    6.60
   4920.259    16.833    -2.02    6.98
   5209.668    16.666    -0.58    7.10
   5499.076    14.850    -6.28    7.51
   5788.481    14.576    -0.95    7.70
   6077.885    14.664     0.30    7.59
   6367.286    14.938     0.95    7.59
   6656.686    15.062     0.43    7.61
   6946.084    14.881    -0.62    7.61
   7235.479    14.979     0.34    7.24
   7524.873    15.455     1.64    6.79
   7814.265    16.386     3.22    6.08
   8103.655    17.216     2.87    5.40
   8393.043    16.902    -1.09    4.84
   8682.429    17.100     0.68    4.55
   8971.814    17.645     1.88    3.02
   9261.196    17.537    -0.37    3.02
   9550.576    17.275    -0.91    3.03
   9839.955    16.700    -1.99    3.32
  10129.331    16.331    -1.27    3.14
  10418.706    16.573     0.83    3.22
  10708.079    16.886     1.09    3.15
  10997.449    17.145     0.89    3.13
  11286.818    17.749     2.09    2.87
  11576.185    18.324     1.99    2.35
  11865.550    18.662     1.17    1.90
  12154.914    18.421    -0.83    1.91
  12444.275    18.231    -0.66    1.89
  12733.634    17.916    -1.09    1.87
  13022.992    17.685    -0.80    1.99
  13312.347    17.352    -1.15    1.92
  13601.701    16.800    -1.91    2.16
  13891.052    16.301    -1.72    2.40
  14180.402    16.076    -0.78    2.33
  14469.750    16.133     0.20    2.49
  14759.096    16.037    -0.33    2.57
  15048.440    16.219     0.63    2.39
  15337.783    16.408     0.65    2.46
  15627.123    16.681     0.94    2.29
  15916.461    16.783     0.35    2.21
  16205.798    16.422    -1.25    2.35
  16495.133    15.914    -1.76    2.16
  16784.465    15.473    -1.53    2.11
  17073.796    15.166    -1.06    2.01
  17363.125    14.923    -0.84    2.06
  17652.452    14.849    -0.26    2.20
  17941.778    14.783    -0.23    2.34
  18231.101    15.037     0.88    2.51
  18520.422    15.461     1.46    2.73
  18809.742    15.979     1.79    2.78
  19099.060    16.300     1.11    2.72
  19388.375    16.524     0.78    2.43
  19677.689    16.950     1.47    2.12
  19967.001    17.100     0.52    1.98
  20256.312    17.231     0.45    1.87
  20545.620    16.938    -1.01    2.03
  20834.926    16.249    -2.38    2.54
  21124.231    15.554    -2.40    2.83
  21413.534    14.800    -2.60    2.67
  21702.835    14.350    -1.56    2.47
  21992.134    14.128    -0.77    2.56
  22281.431    14.676     1.89    3.33
  22570.726    15.373     2.41    3.48
  22860.019    16.283     3.15    3.52
  23149.311    17.057     2.68    3.45
  23438.601    18.081     3.54    3.11
  23727.888    18.593     1.77    2.89
  24017.174    18.698     0.36    2.77
  24306.458    19.180     1.66    2.71
  24595.741    19.635     1.58    2.58
  24885.021    20.352     2.48    2.33
  25174.300    21.180     2.86    2.25
  25463.576    21.576     1.37    2.31
  25752.851    21.683     0.37    2.36
  26042.124    21.633    -0.17    2.63
  26331.395    21.593    -0.14    2.84
  26620.665    21.600     0.02    2.99
  26909.932    21.390    -0.72    2.86
  27199.198    21.628     0.82    3.03
  27488.462    21.980     1.22    3.68
  27777.723    21.953    -0.09    3.75
  28066.984    23.866     6.62    5.87
  28356.242    25.872     6.93    7.74
  28645.498    28.715     9.83    9.57
  28934.753    32.749    13.94   11.49
  29224.006    35.472     9.41   11.74
  29513.256    39.193    12.87   10.23
  29802.506    42.042     9.85    8.38
  30091.753    44.300     7.81    7.38
  30380.998    44.676     1.30    7.00
  30670.242    46.258     5.47    6.80
  30959.484    47.512     4.33    6.71
  31248.724    48.283     2.67    6.70
  31537.962    49.593     4.53    6.57
  31827.198    51.257     5.75    5.96
  32116.433    52.749     5.16    5.30
  32405.665    53.231     1.67    4.69
  32694.896    52.554    -2.34    5.15
  32984.125    51.683    -3.01    5.76
  33273.352    50.941    -2.57    5.82
  33562.578    50.783    -0.55    5.70
  33851.801    49.731    -3.64    5.41
  34141.023    49.799     0.24    5.38
  34430.243    50.921     3.88    5.12
  34719.461    52.325     4.86    4.68
  35008.678    53.318     3.43    3.93
  35297.892    53.836     1.79    3.29
  35587.105    54.226     1.35    3.01
  35876.316    54.366     0.49    2.62
  36165.525    54.799     1.50    2.31
  36454.732    54.380    -1.45    2.22
  36743.938    53.783    -2.06    2.59
  37033.141    53.200    -2.02    3.04
  37322.343    52.461    -2.55    3.13
  37611.543    51.898    -1.95    3.19
  37900.742    51.421    -1.65    2.90
  38189.938    50.611    -2.80    3.64
  38479.133    50.128    -1.67    4.00
  38768.326    48.866    -4.36    5.87
  39057.517    48.166    -2.42    6.22
  39346.707    48.059    -0.37    5.86
  39635.894    48.207     0.51    5.75
  39925.080    48.122    -0.29    5.76
  40214.264    48.698     1.99    5.82
  40503.446    49.242     1.88    5.58
  40792.627    49.783     1.87    5.43
  41081.805    50.373     2.04    5.26
  41370.982    50.622     0.86    5.21
  41660.157    50.969     1.20    4.85
  41949.331    51.300     1.14    4.92
  42238.502    51.357     0.20    4.82
  42527.672    52.078     2.49    4.53
  42816.840    53.007     3.21    4.93
  43106.006    53.300     1.01    4.74
  43395.171    54.033     2.54    5.00
  43684.333    55.380     4.66    5.69
  43973.494    56.800     4.91    5.89
  44262.654    58.250     5.01    6.15
  44551.811    59.680     4.94    7.10
  44840.967    60.678     3.45    6.81
  45130.120    62.986     7.98    6.44
  45419.273    65.404     8.36    6.74
  45708.423    67.078     5.79    7.59
  45997.571    68.366     4.46    8.47
  46286.718    70.836     8.54    9.33
  46575.863    73.093     7.81    9.41
  46865.007    76.421    11.51    8.68
  47154.148    78.275     6.41    6.77
  47443.288    79.559     4.44    6.17
  47732.426    80.003     1.54    5.74
  48021.562    79.973    -0.11    5.98
  48310.697    78.204    -6.12    6.85
  48599.830    75.160   -10.53    8.42
  48888.961    72.766    -8.28    9.21
  49178.090    70.685    -7.20    9.40
  49467.218    68.397    -7.91    9.57
  49756.344    64.904   -12.08    9.63
  50045.468    61.466   -11.89   10.79
  50334.590    57.292   -14.44   11.75
  50623.711    54.160   -10.83   11.46
  50912.829    50.783   -11.68   10.08
  51201.947    46.749   -13.95    5.73
  51491.062    45.955    -2.74    4.78
  51780.176    46.083     0.44    4.33
  52069.288    46.116     0.12    4.42
  52358.398    47.007     3.08    4.66
  52647.506    48.207     4.15    4.69
  52936.613    48.229     0.08    4.92
  53225.718    48.885     2.27    5.39
  53514.821    49.428     1.88    5.96
  53803.923    49.495     0.23    5.97
  54093.359    50.258     2.64    6.56
  54382.832    51.247     3.42    6.87
  54672.304    51.868     2.14    6.82
  54961.774    54.559     9.30    6.71
  55251.242    56.275     5.93    6.81
  55540.708    58.537     7.82    5.93
  55830.173    59.542     3.47    5.86
  56119.636    60.783     4.29    4.62
  56409.098    61.408     2.16    4.20
  56698.557    60.799    -2.10    4.02
  56988.015    59.433    -4.72    4.71
  57277.471    58.583    -2.94    5.10
  57566.926    57.783    -2.76    5.27
  57856.379    56.283    -5.18    5.08
  58145.830    55.054    -4.25    5.15
  58435.279    53.936    -3.86    4.45
  58724.727    53.267    -2.31    4.96
  59014.173    53.071    -0.68    4.82
  59303.617    52.783    -1.00    4.82
  59593.059    52.936     0.53    4.57
  59882.500    53.421     1.68    4.39
  60171.939    53.127    -1.01    4.27
  60461.377    52.938    -0.65    4.46
  60750.812    53.007     0.24    4.07
  61040.247    53.300     1.01    4.02
  61329.679    53.628     1.13    4.31
  61619.109    53.233    -1.36    4.28
  61908.538    53.490     0.89    4.19
  62197.966    54.016     1.82    4.31
  62487.391    53.747    -0.93    3.67
  62776.815    53.800     0.18    3.90
  63066.237    54.583     2.70    4.08
  63355.658    54.953     1.28    3.46
  63645.077    55.953     3.46    3.64
  63934.494    56.676     2.50    4.14
  64223.909    58.042     4.72    4.90
  64513.323    59.512     5.08    5.17
  64802.735    62.105     8.96    5.79
  65092.145    64.116     6.95    5.77
  65381.554    66.042     6.65    5.56
  65670.961    67.630     5.49    4.77
  65960.366    68.906     4.41    4.55
  66249.770    69.433     1.82    4.74
  66539.172    69.816     1.32    5.14
  66828.572    70.868     3.63    4.81
  67117.971    71.250     1.32    5.32
  67407.368    71.550     1.04    5.96
  67696.763    71.139    -1.42    6.08
  67986.157    70.662    -1.65    6.12
  68275.549    70.597    -0.23    6.32
  68564.939    70.116    -1.66    5.59
  68854.328    70.537     1.45    5.53
  69143.715    71.516     3.38    5.71
  69433.101    74.197     9.26    6.35
  69722.484    75.340     3.95    5.77
  70011.866    76.066     2.51    5.38
  70301.247    76.749     2.36    5.55
  70590.625    76.886     0.47    5.40
  70880.002    76.836    -0.18    5.49
  71169.378    76.603    -0.81    5.44
  71458.752    75.953    -2.25    5.10
  71748.124    76.493     1.87    4.89
  72037.494    76.817     1.12    5.35
  72326.863    76.979     0.56    5.57
  72616.230    77.266     0.99    5.34
  72905.596    77.231    -0.12    5.03
  73194.959    77.734     1.74    4.69
  73484.322    78.042     1.06    4.45
  73773.682    78.576     1.85    4.01
  74063.041    78.869     1.01    4.08
  74352.399    79.283     1.43    3.95
  74641.754    79.898     2.12    3.75
  74931.108    79.955     0.20    3.73
  75220.461    81.083     3.90    4.48
  75509.811    81.747     2.30    4.74
  75799.161    82.512     2.64    4.37
  76088.508    83.348     2.89    4.16
  76377.854    83.583     0.81    4.10
  76667.198    83.291    -1.01    4.09
  76956.541    83.046    -0.85    3.70
  77245.882    82.007    -3.59    4.46
  77535.221    80.647    -4.70    4.73
  77824.559    78.550    -7.25    5.33
  78113.895    76.733    -6.28    5.52
  78403.230    75.576    -4.00    5.66
  78692.563    74.630    -3.27    5.21
  78981.894    73.515    -3.85    5.09
  79271.223    73.066    -1.55    4.60
  79560.551    73.000    -0.23    4.33
  79849.878    73.128     0.44    4.28
  80139.203    72.512    -2.13    4.16
  80428.526    71.600    -3.15    4.37
  80717.847    70.516    -3.74    4.69
  81007.167    69.088    -4.94    5.36
  81296.486    67.666    -4.91    5.32
  81585.803    66.016    -5.70    4.88
  81875.118    64.473    -5.34    4.64
  82164.431    63.816    -2.27    4.33
  82453.743    62.524    -4.47    3.44
  82743.054    61.783    -2.56    4.32
  83032.362    61.600    -0.63    4.20
  83321.669    60.749    -2.94    4.03
  83610.975    59.886    -2.98    4.83
  83900.279    58.765    -3.88    4.60
  84189.581    58.250    -1.78    4.78
  84478.882    57.783    -1.61    5.10
  84768.181    57.550    -0.81    4.87
  85057.479    57.628     0.27    5.53
  85346.775    58.426     2.76    5.88
  85636.069    59.666     4.29    5.82
  85925.362    61.231     5.41    5.33
  86214.653    62.966     6.00    4.31
  86503.943    64.817     6.40    4.51
  86793.231    65.835     3.52    4.42
  87082.517    66.421     2.03    4.36
  87371.802    66.697     0.95    4.38
  87661.086    66.849     0.52    4.47
  87950.367    66.818    -0.11    4.56
  88239.647    66.749    -0.24    4.30
  88528.926    67.369     2.15    4.65
  88818.203    68.593     4.23    4.38
  89107.478    69.525     3.22    4.98
  89396.752    70.258     2.53    5.16
  89686.025    70.698     1.52    5.25
  89975.295    71.524     2.86    4.94
  90264.565    71.524     0.00    4.84
  90553.832    70.833    -2.39    4.68
  90843.098    70.350    -1.67    4.73
  91132.363    68.947    -4.85    4.43
  91421.625    67.962    -3.41    4.20
  91710.887    67.427    -1.85    4.39
  92000.147    66.520    -3.14    4.08
  92289.405    65.800    -2.49    3.57
  92578.661    65.127    -2.32    3.59
  92867.916    65.145     0.06    3.62
  93157.170    64.630    -1.78    3.94
  93446.422    64.283    -1.20    3.97
  93735.672    63.466    -2.82    4.27
  94024.921    62.700    -2.65    4.24
  94314.169    62.000    -2.42    4.22
  94603.414    61.461    -1.86    4.10
  94892.659    60.871    -2.04    3.87
  95181.901    59.900    -3.36    4.14
  95471.142    59.886    -0.05    4.34
  95760.382    60.016     0.45    4.30
  96049.620    59.500    -1.79    4.37
  96338.857    58.994    -1.75    4.67
  96628.092    58.783    -0.73    4.50
  96917.325    59.212     1.48    4.60
  97206.557    59.916     2.44    4.46
  97495.787    60.156     0.83    4.52
  97785.016    60.533     1.30    4.55
  98074.243    61.800     4.38    4.83
  98363.469    62.467     2.31    4.91
  98652.693    63.516     3.63    5.18
  98941.916    64.241     2.50    5.31
  99231.137    64.767     1.82    5.31
  99520.357    65.502     2.54    4.82
  99809.575    64.938    -1.95    4.80
 100098.791    63.852    -3.76    5.08
 100388.007    62.386    -5.07    4.71
 100677.220    61.914    -1.63    4.76
 100966.432    61.283    -2.18    4.82
 101255.643    60.300    -3.40    4.92
 101544.852    60.180    -0.42    5.37
 101834.059    60.093    -0.30    5.29
 102123.265    60.324     0.80    4.86
 102412.469    60.249    -0.26    5.08
 102701.672    60.133    -0.40    5.17
 102990.874    60.397     0.91    5.11
 103280.074    59.507    -3.08    5.32
 103569.272    59.000    -1.75    5.59
 103858.469    58.580    -1.45    5.80
 104147.664    57.881    -2.41    5.76
 104436.858    57.408    -1.64    5.50
 104726.050    57.266    -0.49    5.60
 105015.241    56.194    -3.71    4.89
 105304.431    56.025    -0.58    5.12
 105593.618    55.400    -2.16    5.15
 105882.805    55.438     0.13    5.13
 106171.990    54.966    -1.63    5.13
 106461.173    55.187     0.76    5.64
 106750.355    55.439     0.87    5.39
 107039.535    54.450    -3.42    5.40
 107328.714    53.600    -2.94    4.99
 107617.891    52.633    -3.34    5.19
 107907.067    51.645    -3.42    5.02
 108196.242    50.529    -3.86    4.65
 108485.415    49.904    -2.16    4.42
 108774.586    49.340    -1.95    4.57
 109063.756    48.166    -4.06    4.57
 109352.925    47.444    -2.50    4.43
 109642.091    46.955    -1.69    4.51
 109931.257    47.593     2.21    4.95
 110220.421    48.066     1.64    4.86
 110509.583    48.376     1.07    4.75
 110798.745    48.216    -0.55    4.82
 111087.904    48.007    -0.72    4.72
 111377.062    46.695    -4.54    4.99
 111666.219    45.071    -5.62    4.51
 111955.374    43.633    -4.97    4.06
 112244.528    42.283    -4.67    3.89
 112533.680    40.697    -5.49    4.60
 112822.831    38.973    -5.96    5.04
 113111.980    37.593    -4.77    5.63
 113401.128    35.921    -5.78    6.42
 113690.274    34.275    -5.69    6.21
 113979.419    32.766    -5.22    5.50
 114268.562    31.731    -3.58    5.47
 114557.704    31.214    -1.79    5.31
 114846.845    30.241    -3.37    5.29
 115135.984    30.183    -0.20    4.80
 115425.121    30.197     0.05    4.99
 115714.258    31.033     2.89    5.93
 116003.392    31.604     1.98    6.66
 116292.735    33.042     4.97    6.90
 116582.181    34.400     4.69    6.94
 116871.626    35.283     3.05    6.66
 117161.069    36.016     2.53    6.31
 117450.511    36.587     1.97    5.95
 117739.951    35.576    -3.49    6.58
 118029.390    34.886    -2.38    7.13
 118318.828    35.050     0.56    8.78
 118608.264    35.717     2.31    8.97
 118897.698    36.852     3.92    9.03
 119187.131    37.950     3.79    9.04
 119476.563    39.976     7.00    8.60
 119765.993    42.266     7.91    7.00
 120055.422    43.969     5.88    4.84
 120344.850    43.715    -0.88    5.34
 120634.276    43.416    -1.03    5.65
 120923.700    43.666     0.86    5.98
 121213.123    43.300    -1.27    6.23
 121502.545    42.214    -3.75    6.22
 121791.965    40.533    -5.81    7.19
 122081.384    38.916    -5.59    7.45
 122370.801    37.116    -6.22    7.44
 122660.217    34.342    -9.58    7.76
 122949.631    32.386    -6.76    6.80
 123239.044    30.516    -6.46    6.21
 123528.456    29.200    -4.55    5.34
 123817.866    27.054    -7.41    5.40
 124107.275    25.162    -6.54    5.28
 124396.682    23.467    -5.86    5.29
 124686.088    22.291    -4.06    5.45
 124975.493    21.883    -1.41    7.01
 125264.896    22.160     0.96    8.07
 125554.298    23.731     5.43    9.53
 125843.698    26.015     7.89   10.55
 126133.097    29.600    12.39   11.38
 126422.494    33.318    12.85   11.62
 126711.890    37.783    15.43   10.03
 127001.285    41.214    11.86    7.18
 127290.678    43.731     8.70    5.43
 127580.070    44.438     2.44    5.24
 127869.460    44.990     1.91    4.73
 128158.849    45.062     0.25    4.41
 128448.237    44.369    -2.39    4.16
 128737.623    43.258    -3.84    4.43
 129027.008    42.408    -2.94    4.81
 129316.391    40.953    -5.03    5.44
 129605.773    38.960    -6.88    6.02
 129895.154    37.071    -6.53    5.94
 130184.533    35.868    -4.16    5.49
 130473.911    35.292    -1.99    5.41
 130763.287    36.766     5.09    6.70
 131052.662    38.868     7.26    7.20
 131342.036    41.733     9.90    8.08
 131631.408    45.057    11.49    7.20
 131920.779    47.783     9.42    5.53
 132210.148    49.833     7.08    4.53
 132499.516    50.871     3.59    3.85
 132788.883    50.685    -0.64    4.40
 133078.248    50.410    -0.95    4.77
 133367.612    49.214    -4.13    4.85
 133656.975    48.173    -3.60    5.41
 133946.336    47.432    -2.56    5.37
 134235.696    47.016    -1.44    5.19
 134525.054    48.495     5.11    5.72
 134814.411    49.100     2.09    6.10
 135103.767    50.366     4.38    6.03
 135393.121    52.099     5.99    5.38
 135682.474    53.224     3.89    4.86
 135971.825    54.869     5.69    5.51
 136261.176    56.003     3.92    5.34
 136550.524    57.529     5.27    5.60
 136839.872    59.266     6.00    6.00
 137129.218    61.162     6.55    6.61
 137418.563    63.853     9.30    7.10
 137707.906    67.233    11.68    8.16
 137997.248    70.715    12.03   10.34
 138286.589    73.816    10.72   10.50
 138575.928    75.921     7.27    9.97
 138865.266    76.643     2.49    9.80
 139154.602    77.816     4.05   10.15
 139443.938    77.733    -0.29   10.18
 139733.271    77.750     0.06   10.28
 140022.604    79.194     4.99    9.77
 140311.935    82.783    12.41    9.61
 140601.265    84.800     6.97    8.78
 140890.593    87.421     9.06    7.78
 141179.920    87.275    -0.51    7.36
 141469.246    86.818    -1.58    8.47
 141758.570    84.007    -9.71    9.75
 142047.894    81.455    -8.82    9.95
 142337.215    79.647    -6.25    9.88
 142626.536    77.849    -6.22    9.53
 142915.855    75.162    -9.28    9.26
 143205.172    73.000    -7.47    8.28
 143494.489    71.872    -3.90    8.93
 143783.804    70.145    -5.97    8.46
 144073.117    66.883   -11.28    8.25
 144362.430    63.800   -10.66    8.32
 144651.741    61.089    -9.37    7.07
 144941.050    59.104    -6.86    6.28
 145230.359    57.352    -6.06    6.31
 145519.666    55.955    -4.83    5.85
 145808.972    54.439    -5.24    5.55
 146098.276    53.912    -1.82    5.76
 146387.579    53.473    -1.52    5.79
 146676.881    54.616     3.95    7.19
 146966.181    56.362     6.03    7.56
 147255.480    57.849     5.14    7.63
 147544.778    59.716     6.46    6.91
 147834.074    61.105     4.80    6.10
 148123.370    62.003     3.11    5.70
 148412.663    62.069     0.23    5.45
 148701.956    62.483     1.43    5.45
 148991.247    62.835     1.22    5.65
 149280.537    64.516     5.81    6.45
 149569.826    66.166     5.70    6.91
 149859.113    67.151     3.41    6.82
 150148.399    68.868     5.93    6.99
 150437.683    69.973     3.82    7.43
 150726.967    71.166     4.13    7.30
 151016.249    71.766     2.07    7.21
 151305.530    73.156     4.80    7.39
 151594.809    74.697     5.33    7.88
 151884.087    76.485     6.18    8.55
 152173.364    78.200     5.93    8.48
 152462.640    80.016     6.28    8.29
 152751.914    82.160     7.41    7.54
 153041.187    83.421     4.36    6.24
 153330.458    84.162     2.56    5.79
 153619.729    85.444     4.43    5.04
 153908.998    85.938     1.71    5.18
 154198.266    85.668    -0.93    5.19
 154487.532    84.524    -3.95    6.28
 154776.797    82.973    -5.36    6.74
 155066.061    81.783    -4.11    7.08
 155355.324    78.438   -11.56    8.29
 155644.585    74.800   -12.58    8.84
 155933.845    72.714    -7.21    8.19
 156223.104    71.850    -2.99    7.98
 156512.362    71.962     0.39    9.25
 156801.618    72.550     2.03    9.12
 157090.873    73.963     4.89    9.26
 157380.126    75.698     6.00    7.93
 157669.379    76.666     3.35    6.86
 157958.630    76.533    -0.46    7.10
 158247.880    75.404    -3.90    7.62
 158537.128    73.516    -6.52    7.41
 158826.376    72.283    -4.26    7.41
 159115.622    69.848    -8.42    6.64
 159404.866    68.852    -3.44    6.62
 159694.110    66.200    -9.17    6.22
 159983.352    64.783    -4.90    5.95
 160272.593    63.150    -5.65    6.31
 160561.833    61.410    -6.01    6.30
 160851.071    60.524    -3.06    6.59
 161140.309    58.139    -8.25    6.66
 161429.544    56.869    -4.39    6.39
 161718.779    56.800    -0.24    6.72
 162008.013    56.139    -2.28    6.89
 162297.245    55.635    -1.74    6.51
 162586.476    55.716     0.28    6.43
 162875.705    55.169    -1.89    6.10
 163164.934    54.478    -2.39    5.77
 163454.161    54.197    -0.97    6.00
 163743.387    53.450    -2.58    5.82
 164032.612    52.461    -3.42    5.75
 164321.835    51.563    -3.11    5.50
 164611.057    52.369     2.79    6.40
 164900.278    53.372     3.47    7.12
 165189.498    54.732     4.70    7.57
 165478.716    55.308     1.99    7.33
 165767.933    56.083     2.68    6.90
 166057.149    56.611     1.82    5.97
 166346.364    57.372     2.63    5.13
 166635.578    56.400    -3.36    4.81
 166924.790    55.955    -1.54    4.34
 167214.001    56.016     0.21    4.16
 167503.211    55.249    -2.65    4.07
 167792.419    54.386    -2.98    4.08
 168081.627    53.800    -2.03    3.95
 168370.833    53.024    -2.68    3.84
 168660.038    52.668    -1.23    3.66
 168949.241    52.507    -0.56    3.35
 169238.444    52.275    -0.80    3.16
 169527.645    51.944    -1.14    3.01
 169816.845    51.732    -0.73    2.79
 170106.044    51.122    -2.11    2.94
 170395.241    50.563    -1.93    3.46
 170684.438    49.749    -2.81    3.52
 170973.633    49.283    -1.61    3.35
 171262.827    48.731    -1.91    3.43
 171552.020    48.300    -1.49    3.33
 171841.211    47.366    -3.23    3.46
 172130.401    46.331    -3.58    3.84
 172419.590    45.658    -2.33    4.30
 172708.778    44.333    -4.58    4.59
 172997.965    43.415    -3.18    4.60
 173287.150    42.226    -4.11    4.28
 173576.335    41.266    -3.32    4.16
 173865.518    40.059    -4.18    4.19
 174154.699    39.393    -2.30    3.98
 174443.880    38.573    -2.84    3.86
 174733.059    38.066    -1.75    4.15
 175022.238    36.833    -4.26    4.62
 175311.415    35.883    -3.29    4.11
 175600.591    34.444    -4.98    3.80
 175889.765    33.994    -1.56    3.73
 176178.939    33.283    -2.46    3.37
 176468.111    32.783    -1.73    3.30
 176757.282    32.283    -1.73    3.30
 177046.452    32.166    -0.40    3.22
 177335.621    31.533    -2.19    3.43
 177624.788    31.162    -1.28    4.03
 177913.954    30.783    -1.31    4.43
 178203.119    30.416    -1.27    4.50
 178492.395    29.766    -2.25    4.33
 178781.814    28.000    -6.10    4.55
 179071.232    26.542    -5.04    4.24
 179360.648    25.660    -3.05    3.99
 179650.063    24.563    -3.79    3.88
 179939.477    23.366    -4.13    4.80
 180228.890    22.751    -2.13    6.17
 180518.301    22.214    -1.85    6.31
 180807.712    21.697    -1.79    6.66
 181097.121    21.231    -1.61    6.49
 181386.529    20.783    -1.55    5.84
 181675.936    21.554     2.66    5.11
 181965.342    22.473     3.18    3.80
 182254.747    22.886     1.43    3.74
 182544.150    23.714     2.86    3.68
 182833.552    24.516     2.77    3.55
 183122.953    24.600     0.29    3.62
 183412.353    25.007     1.41    3.42
 183701.752    24.966    -0.14    3.77
 183991.150    24.747    -0.76    3.86
 184280.546    24.507    -0.83    3.72
 184569.941    24.016    -1.70    4.10
 184859.336    23.900    -0.40    4.40
 185148.728    23.600    -1.04    4.40
 185438.120    23.729     0.45    3.91
 185727.511    23.628    -0.35    3.71
 186016.900    23.800     0.60    3.77
 186306.289    24.083     0.98    3.70
 186595.676    24.291     0.72    3.28
 186885.062    24.007    -0.98    3.80
 187174.447    22.216    -6.19    6.12
 187463.831    19.257   -10.23    7.73
 187753.213    17.100    -7.45    8.33
 188042.595    15.342    -6.07    8.43
 188331.975    14.427    -3.16    8.19
 188621.354    13.800    -2.17    7.81
 188910.732    14.383     2.01    8.18
 189200.109    15.716     4.61    7.86
 189489.485    15.266    -1.56    7.23
 189778.860    15.683     1.44    6.84
 190068.233    17.200     5.24    5.90
 190357.606    17.748     1.89    4.82
 190646.977    18.020     0.94    3.47
 190936.347    18.611     2.04    4.30
 191225.716    20.616     6.93    8.42
 191515.084    24.936    14.93   12.54
 191804.451    29.597    16.11   14.03
 192093.816    34.335    16.37   13.78
 192383.181    39.462    17.72   11.01
 192672.544    43.071    12.47    7.17
 192961.906    43.133     0.21    5.62
 193251.267    42.390    -2.57    5.75
 193540.627    41.593    -2.75    5.64
 193829.986    41.569    -0.09    5.56
 194119.344    42.466     3.10    5.76
 194408.700    43.059     2.05    6.09
 194698.056    44.566     5.21    6.34
 194987.410    47.283     9.39    5.39
 195276.764    48.231     3.28    5.18
 195566.116    49.300     3.69    4.86
 195855.467    49.749     1.55    4.76
 196144.817    49.635    -0.39    5.27
 196434.166    50.249     2.12    5.31
 196723.514    50.241    -0.03    5.38
 197012.860    50.676     1.50    5.67
 197302.206    52.020     4.65    5.58
 197591.550    52.493     1.63    6.30
 197880.894    53.885     4.81    6.32
 198170.236    54.529     2.23    6.33
 198459.577    55.093     1.95    6.37
 198748.917    56.197     3.81    6.42
 199038.256    56.766     1.97    5.78
 199327.594    57.200     1.50    5.85
 199616.931    58.009     2.80    5.06
 199906.266    58.497     1.69    4.51
 200195.601    58.033    -1.60    4.33
 200484.934    57.450    -2.02    4.14
 200774.267    57.193    -0.89    4.08
 201063.598    56.966    -0.78    4.29
 201352.928    56.145    -2.84    4.60
 201642.257    56.173     0.10    4.55
 201931.586    55.467    -2.44    4.59
 202220.913    55.366    -0.35    4.63
 202510.238    54.316    -3.63    4.87
 202799.563    53.816    -1.73    5.00
 203088.887    53.647    -0.58    5.58
 203378.210    53.836     0.65    5.59
 203667.531    53.400    -1.51    5.59
 203956.852    53.507     0.37    5.07
 204246.171    53.580     0.25    4.96
 204535.490    53.300    -0.97    5.06
 204824.807    52.029    -4.39    5.36
 205114.123    50.955    -3.71    5.17
 205403.438    50.300    -2.26    5.34
 205692.752    49.300    -3.46    5.79
 205982.066    48.851    -1.55    5.84
 206271.378    47.233    -5.59    5.71
 206560.688    45.990    -4.30    5.63
 206849.998    45.274    -2.47    5.47
 207139.307    44.400    -3.02    5.45
 207428.615    42.600    -6.22    5.52
 207717.922    40.831    -6.11    4.76
 208007.227    39.397    -4.96    3.35
 208296.532    38.438    -3.31    3.07
 208585.835    37.783    -2.26    2.86
 208875.138    36.904    -3.04    2.55
 209164.439    35.488    -4.89    3.82
 209453.739    33.731    -6.07    5.56
 209743.039    31.869    -6.44    6.19
 210032.337    30.680    -4.11    6.14
 210321.634    29.416    -4.37    5.99
 210610.930    28.333    -3.74    5.57
 210900.226    27.714    -2.14    4.99
 211189.520    29.083     4.73    4.58
 211478.813    29.872     2.73    4.66
 211768.105    30.749     3.03    5.05
 212057.396    31.766     3.52    5.39
 212346.686    33.383     5.59    5.28
 212635.975    34.050     2.30    5.21
 212925.262    34.765     2.47    5.43
 213214.549    35.524     2.62    4.43
 213503.835    35.559     0.12    3.85
 213793.120    35.300    -0.90    3.33
 214082.404    35.226    -0.26    3.69
 214371.686    34.973    -0.87    3.54
 214660.968    35.166     0.67    4.06
 214950.249    35.169     0.01    4.07
 215239.528    35.566     1.37    4.00
 215528.807    36.817     4.32    4.86
 215818.084    37.766     3.28    4.91
 216107.361    39.098     4.60    5.44
 216396.637    40.022     3.20    5.70
 216685.911    41.388     4.72    5.42
