-140881.374    67.714     0.00   11.34
-140592.086    67.419    -1.02   11.35
-140302.797    66.277    -3.95   11.30
-140013.509    67.876     5.53   10.15
-139724.220    67.589    -0.99   10.57
-139434.932    66.294    -4.48   11.15
-139145.643    64.671    -5.61   11.63
-138856.355    62.505    -7.49   12.22
-138567.067    59.495   -10.41   11.75
-138277.778    56.794    -9.34   11.14
-137988.490    54.478    -8.01   10.62
-137699.201    53.305    -4.05   10.27
-137409.913    52.868    -1.51   10.14
-137120.624    52.139    -2.52    9.61
-136831.336    51.794    -1.19    9.78
-136542.047    51.246    -1.89    9.59
-136252.759    51.972     2.51    9.76
-135963.470    52.259     0.99    9.49
-135674.182    53.322     3.67    9.10
-135384.893    52.466    -2.96    8.81
-135095.604    49.104   -11.62   11.47
-134806.316    47.639    -5.07   11.64
-134517.027    46.415    -4.23   10.32
-134227.739    44.958    -5.03    9.89
-133938.450    44.915    -0.15    8.91
-133649.161    45.579     2.30    8.14
-133359.872    45.156    -1.46    8.71
-133070.584    44.552    -2.09    8.45
-132781.295    40.848   -12.80   12.78
-132492.006    37.339   -12.13   14.57
-132202.717    34.689    -9.16   14.49
-131913.428    33.192    -5.17   13.69
-131624.139    32.259    -3.22   13.68
-131334.850    33.562     4.50   14.23
-131045.561    36.596    10.49   13.82
-130756.272    40.439    13.28   11.47
-130466.983    43.035     8.98    8.60
-130177.694    45.156     7.33    8.00
-129888.404    44.788    -1.27    8.20
-129599.115    44.834     0.16    8.33
-129309.826    43.672    -4.02    8.65
-129020.537    42.001    -5.78    9.18
-128731.247    38.725   -11.32   11.63
-128441.958    36.585    -7.40   12.94
-128152.668    34.291    -7.93   12.28
-127863.379    33.389    -3.12   13.09
-127574.089    34.289     3.11   12.60
-127284.799    34.991     2.43   12.50
-126995.510    33.442    -5.35   13.75
-126706.220    32.274    -4.04   14.49
-126416.930    27.552   -16.32   15.92
-126127.640    24.918    -9.11   15.27
-125838.350    21.237   -12.73   13.82
-125549.060    19.742    -5.17   12.47
-125259.770    21.205     5.06   12.45
-124970.480    24.853    12.61   11.46
-124681.190    28.929    14.09    9.18
-124391.900    30.817     6.53    8.58
-124102.609    32.422     5.55    7.68
-123813.319    33.897     5.10    5.97
-123524.028    31.949    -6.73    7.49
-123234.738    29.969    -6.84    8.19
-122945.447    26.986   -10.31    8.47
-122656.156    23.929   -10.57    9.29
-122366.866    21.664    -7.83    9.60
-122077.575    18.157   -12.12   10.46
-121788.284    17.054    -3.81    9.85
-121498.993    16.139    -3.16    9.29
-121209.702    16.483     1.19    8.85
-120920.410    16.432    -0.18    7.71
-120631.119    17.001     1.97    6.94
-120341.828    17.208     0.72    6.68
-120052.536    16.788    -1.45    6.72
-119763.245    17.139     1.21    5.95
-119473.953    16.003    -3.93    6.21
-119184.662    13.483    -8.71    6.52
-118895.370    12.552    -3.22    6.55
-118606.078    12.086    -1.61    6.33
-118316.786    10.631    -5.03    6.47
-118027.494     9.901    -2.52    6.27
-117738.202     8.889    -3.50    5.61
-117448.909     8.788    -0.35    5.78
-117159.617     8.639    -0.52    6.05
-116870.324     8.518    -0.42    6.27
-116581.032     8.035    -1.67    6.11
-116291.739     8.499     1.60    6.40
-116002.446     7.915    -2.02    6.44
-115713.153     9.478     5.40    9.28
-115423.860    10.907     4.94   10.88
-115134.567    12.272     4.72   11.24
-114845.274    13.926     5.72   11.30
-114555.981    14.139     0.74   10.82
-114266.687    13.495    -2.23   10.65
-113977.394    13.718     0.77   10.45
-113688.100    12.156    -5.40    9.72
-113398.806    10.839    -4.55    8.84
-113109.512    11.037     0.69    9.22
-112820.218    10.090    -3.27    9.18
-112530.924    10.067    -0.08    9.26
-112241.630    11.037     3.35    9.78
-111952.336    11.419     1.32   10.01
-111663.041    10.221    -4.14    9.82
-111373.746     8.647    -5.44    8.88
-111084.452     8.311    -1.16    8.46
-110795.157     8.342     0.11    8.55
-110505.862     7.907    -1.51    7.61
-110216.567     8.958     3.64    8.74
-109927.271     9.339     1.31    8.69
-109637.976     9.596     0.89    8.23
-109348.680     9.969     1.29    7.85
-109059.385    10.978     3.49    7.55
-108770.089    10.613    -1.26    7.34
-108480.793     9.415    -4.14    6.34
-108191.497     9.055    -1.24    6.39
-107902.201     8.545    -1.76    6.77
-107612.904     8.542    -0.01    7.04
-107323.608     7.897    -2.23    7.07
-107034.311     8.311     1.43    7.88
-106745.014     8.189    -0.42    7.85
-106455.717     6.984    -4.17    7.49
-106166.420     5.722    -4.36    6.70
-105877.123     4.484    -4.28    5.51
-105587.825     3.226    -4.35    4.22
-105298.528     2.455    -2.67    2.97
-105009.230     2.222    -0.81    2.35
-104719.932     2.073    -0.51    2.25
-104430.634     1.518    -1.92    1.17
-104141.336     1.501    -0.06    1.17
-103852.038     1.512     0.04    1.17
-103562.739     1.673     0.56    1.19
-103273.441     1.598    -0.26    1.19
-102984.142     1.673     0.26    1.13
-102694.843     1.552    -0.42    1.16
-102405.544     1.518    -0.12    1.12
-102116.245     1.535     0.06    1.23
-101826.945     1.860     1.12    2.31
-101537.646     2.708     2.93    4.48
-101248.346     3.647     3.25    5.41
-100959.046     5.014     4.72    6.99
-100669.746     6.122     3.83    7.38
-100380.445     7.237     3.85    7.91
-100091.145     9.223     6.87    8.78
 -99801.844     9.952     2.52    8.84
 -99512.543    10.226     0.95    8.27
 -99223.268     9.604    -2.15    8.29
 -98934.006     9.105    -1.73    7.54
 -98644.744     8.805    -1.04    7.51
 -98355.482     7.090    -5.93    6.91
 -98066.220     5.384    -5.90    5.85
 -97776.957     3.705    -5.80    4.18
 -97487.694     3.086    -2.14    3.78
 -97198.431     2.805    -0.97    3.18
 -96909.168     2.325    -1.66    2.07
 -96619.905     2.518     0.67    2.78
 -96330.641     3.868     4.67    5.07
 -96041.377     4.349     1.67    5.58
 -95752.113     5.439     3.77    6.42
 -95462.849     5.935     1.72    6.36
 -95173.585     5.955     0.07    6.35
 -94884.320     6.672     2.48    6.55
 -94595.056     7.805     3.92    6.93
 -94305.791     8.681     3.03    7.24
 -94016.525     9.190     1.76    7.15
 -93727.260    10.206     3.51    7.60
 -93437.995    11.562     4.69    7.39
 -93148.729    12.314     2.60    8.33
 -92859.463    12.501     0.65    8.43
 -92570.197    13.710     4.18    9.05
 -92280.930    15.139     4.94    9.99
 -91991.664    15.461     1.11   10.09
 -91702.397    16.939     5.11    9.87
 -91413.130    19.121     7.55    8.96
 -91123.863    19.542     1.45    8.28
 -90834.595    19.989     1.54    7.15
 -90545.328    19.529    -1.59    5.93
 -90256.060    18.977    -1.91    5.32
 -89966.792    19.587     2.11    4.37
 -89677.524    20.087     1.73    3.68
 -89388.255    20.018    -0.24    4.30
 -89098.986    20.052     0.12    4.20
 -88809.717    19.171    -3.05    4.79
 -88520.448    19.035    -0.47    4.44
 -88231.179    18.846    -0.66    4.48
 -87941.909    18.966     0.42    4.63
 -87652.639    18.952    -0.05    4.60
 -87363.369    18.905    -0.16    4.53
 -87074.099    19.949     3.61    4.14
 -86784.828    20.889     3.25    4.18
 -86495.557    20.764    -0.43    4.44
 -86206.286    20.932     0.58    4.40
 -85917.015    21.039     0.37    4.30
 -85627.744    20.855    -0.63    4.00
 -85338.472    21.122     0.92    3.59
 -85049.200    21.353     0.80    3.36
 -84759.928    21.501     0.51    3.75
 -84470.655    21.966     1.61    3.61
 -84181.383    23.005     3.59    3.28
 -83892.110    23.680     2.33    3.41
 -83602.837    24.397     2.48    3.21
 -83313.563    24.405     0.03    4.17
 -83024.289    23.507    -3.11    5.30
 -82735.015    22.655    -2.94    5.81
 -82445.741    21.986    -2.31    6.17
 -82156.467    21.190    -2.75    6.00
 -81867.192    20.922    -0.93    5.37
 -81577.917    20.939     0.06    5.35
 -81288.642    22.223     4.44    3.37
 -80999.367    22.173    -0.17    3.48
 -80710.091    21.156    -3.52    5.47
 -80420.815    20.489    -2.31    5.48
 -80131.539    19.840    -2.24    5.87
 -79842.262    19.989     0.51    6.48
 -79552.985    18.604    -4.79    7.97
 -79263.708    18.286    -1.10    8.18
 -78974.431    16.989    -4.49    9.00
 -78685.154    15.966    -3.53    9.44
 -78395.876    14.984    -3.40    9.56
 -78106.598    13.621    -4.71    9.65
 -77817.319    12.893    -2.52    9.53
 -77528.041    11.089    -6.24    9.75
 -77238.762     8.755    -8.07    9.62
 -76949.483     6.518    -7.73    9.28
 -76660.203     4.960    -5.39    8.71
 -76370.923     3.222    -6.01    7.62
 -76081.643     0.690    -8.75    4.75
 -75792.363    -0.661    -4.67    1.55
 -75503.083    -0.861    -0.69    0.00
 -75213.802    -0.861     0.00    0.00
 -74924.521    -0.861     0.00    0.00
 -74635.239    -0.861     0.00    0.00
 -74345.957    -0.861     0.00    0.00
 -74056.675    -0.861     0.00    0.00
 -73767.393    -0.861     0.00    0.00
 -73478.111    -0.861     0.00    0.00
 -73188.828    -0.861     0.00    0.00
 -72899.544    -0.861     0.00    0.00
 -72610.261    -0.861     0.00    0.00
 -72320.977     0.089     3.28    4.54
 -72031.693     2.525     8.42    8.16
 -71742.409     6.449    13.57   10.80
 -71453.124     9.489    10.51   11.30
 -71163.839    10.461     3.36   11.38
 -70874.554    10.755     1.02   11.38
 -70585.269    11.225     1.62   11.27
 -70295.983    12.415     4.11   11.88
 -70006.697    12.419     0.02   12.44
 -69717.410    14.105     5.83   12.94
 -69428.123    16.935     9.78   12.76
 -69138.836    20.742    13.16   10.50
 -68849.549    23.439     9.32    6.43
 -68560.261    23.595     0.54    4.24
 -68270.973    22.257    -4.62    4.71
 -67981.685    21.089    -4.04    4.85
 -67692.396    19.839    -4.32    4.14
 -67403.107    19.105    -2.53    3.83
 -67113.818    18.595    -1.76    3.76
 -66824.528    18.512    -0.29    4.00
 -66535.239    19.346     2.88    3.87
 -66245.948    20.122     2.68    3.98
 -65956.658    20.794     2.33    4.12
 -65667.367    21.946     3.98    3.92
 -65378.076    23.205     4.35    3.21
 -65088.784    23.960     2.61    3.09
 -64799.492    24.219     0.90    3.26
 -64510.200    24.572     1.22    3.29
 -64220.908    24.851     0.96    3.14
 -63931.615    24.690    -0.55    2.96
 -63642.322    24.402    -1.00    2.83
 -63353.028    23.749    -2.26    3.11
 -63063.734    22.732    -3.52    2.69
 -62774.440    21.913    -2.83    2.83
 -62485.146    21.410    -1.74    2.52
 -62195.851    20.389    -3.53    2.71
 -61906.555    19.766    -2.15    2.53
 -61617.260    19.104    -2.29    2.30
 -61327.964    18.581    -1.81    2.33
 -61038.668    18.190    -1.35    2.13
 -60749.371    17.863    -1.13    1.99
 -60460.074    17.484    -1.31    1.76
 -60170.777    17.501     0.06    1.63
 -59881.479    17.505     0.02    1.74
 -59592.181    17.380    -0.43    1.92
 -59302.883    17.139    -0.83    1.95
 -59013.584    17.070    -0.24    1.86
 -58724.285    16.840    -0.79    1.75
 -58434.986    16.729    -0.39    1.78
 -58145.686    16.655    -0.25    1.64
 -57856.386    16.955     1.04    2.49
 -57567.086    17.297     1.18    2.61
 -57277.785    17.535     0.82    2.78
 -56988.484    18.172     2.20    3.30
 -56699.182    18.880     2.45    3.40
 -56409.880    20.255     4.75    3.68
 -56120.578    21.346     3.77    3.43
 -55831.275    21.783     1.51    3.07
 -55541.972    21.507    -0.95    3.12
 -55252.669    21.155    -1.22    3.13
 -54963.365    20.455    -2.42    3.06
 -54674.061    20.173    -0.98    2.71
 -54384.757    20.206     0.12    2.41
 -54095.452    20.728     1.80    2.81
 -53806.147    21.811     3.74    3.91
 -53516.841    23.529     5.94    4.27
 -53227.535    24.705     4.07    4.15
 -52938.229    25.844     3.93    3.59
 -52648.922    26.728     3.06    3.11
 -52359.615    27.376     2.24    2.79
 -52070.307    27.518     0.49    2.29
 -51780.999    27.355    -0.56    1.91
 -51491.691    26.368    -3.41    3.04
 -51202.382    25.596    -2.67    3.54
 -50913.073    24.427    -4.04    3.93
 -50623.764    23.496    -3.22    4.11
 -50334.454    22.590    -3.13    4.44
 -50045.144    21.223    -4.72    4.41
 -49755.833    20.223    -3.46    3.99
 -49466.522    19.604    -2.14    3.77
 -49177.211    18.595    -3.49    3.46
 -48887.899    17.952    -2.22    3.08
 -48598.587    16.673    -4.42    2.83
 -48309.274    15.811    -2.98    3.70
 -48019.961    14.664    -3.96    3.25
 -47730.648    14.157    -1.75    3.07
 -47441.334    13.690    -1.61    2.96
 -47152.020    13.242    -1.55    2.89
 -46862.705    12.942    -1.04    3.22
 -46573.390    13.001     0.20    3.27
 -46284.075    13.311     1.07    3.12
 -45994.759    13.173    -0.48    3.33
 -45705.442    13.016    -0.54    3.37
 -45416.126    12.712    -1.05    3.39
 -45126.809    12.305    -1.41    2.81
 -44837.491    13.024     2.48    3.50
 -44548.173    13.353     1.14    3.40
 -44258.855    13.346    -0.03    3.42
 -43969.536    13.555     0.73    3.64
 -43680.217    13.190    -1.26    3.55
 -43390.897    13.522     1.15    3.46
 -43101.577    13.033    -1.69    3.15
 -42812.257    12.725    -1.07    3.15
 -42522.936    12.328    -1.37    3.17
 -42233.615    11.346    -3.40    3.44
 -41944.293    10.844    -1.74    3.83
 -41654.971    11.052     0.72    4.20
 -41365.648    11.952     3.11    4.98
 -41076.325    13.317     4.72    5.05
 -40787.002    13.613     1.02    5.25
 -40497.678    14.106     1.70    5.20
 -40208.354    15.698     5.50    4.82
 -39919.029    16.647     3.28    4.62
 -39629.704    16.846     0.69    4.91
 -39340.378    17.690     2.92    5.36
 -39051.052    19.222     5.29    5.40
 -38761.726    20.969     6.04    4.00
 -38472.399    22.026     3.65    3.24
 -38183.071    22.389     1.25    2.68
 -37893.743    22.422     0.12    2.70
 -37604.415    22.209    -0.74    2.61
 -37315.086    22.319     0.38    2.66
 -37025.796    21.922    -1.37    2.83
 -36736.564    22.001     0.27    2.87
 -36447.331    21.647    -1.22    2.91
 -36158.098    21.960     1.08    3.09
 -35868.865    21.855    -0.36    3.14
 -35579.631    21.240    -2.13    3.40
 -35290.397    20.855    -1.33    3.35
 -35001.162    19.410    -5.00    4.35
 -34711.927    18.014    -4.83    4.50
 -34422.691    17.071    -3.26    4.66
 -34133.455    16.121    -3.28    3.89
 -33844.219    16.173     0.18    4.00
 -33554.982    16.139    -0.12    3.40
 -33265.744    16.242     0.36    3.50
 -32976.506    16.449     0.72    3.50
 -32687.268    15.777    -2.32    3.45
 -32398.029    15.989     0.73    3.24
 -32108.789    16.054     0.23    3.42
 -31819.549    16.122     0.23    3.58
 -31530.309    16.190     0.24    3.72
 -31241.068    16.753     1.94    3.84
 -30951.827    17.255     1.74    3.90
 -30662.585    17.922     2.30    3.98
 -30373.343    17.945     0.08    4.02
 -30084.100    18.871     3.20    3.94
 -29794.857    19.449     2.00    3.93
 -29505.613    20.173     2.50    3.86
 -29216.369    21.018     2.92    3.48
 -28927.125    21.926     3.14    3.12
 -28637.880    22.156     0.80    2.85
 -28348.634    22.225     0.24    2.92
 -28059.388    22.415     0.66    2.76
 -27770.141    22.122    -1.01    3.07
 -27480.894    21.489    -2.19    3.90
 -27191.647    20.277    -4.19    5.59
 -26902.399    18.889    -4.80    6.54
 -26613.150    17.210    -5.80    7.20
 -26323.901    16.294    -3.17    7.48
 -26034.651    14.839    -5.03    8.04
 -25745.401    12.749    -7.22    7.80
 -25456.151    12.355    -1.36    7.63
 -25166.900    12.424     0.24    7.12
 -24877.648    12.535     0.38    6.91
 -24588.396    12.901     1.27    5.92
 -24299.144    12.622    -0.97    5.66
 -24009.891    13.574     3.29    5.72
 -23720.637    14.018     1.53    5.52
 -23431.383    15.055     3.59    5.96
 -23142.128    15.630     1.99    6.01
 -22852.873    16.204     1.99    6.34
 -22563.618    17.901     5.87    5.79
 -22274.362    18.664     2.64    5.63
 -21985.105    20.240     5.45    5.05
 -21695.848    21.828     5.49    3.92
 -21406.590    22.322     1.71    3.53
 -21117.332    23.173     2.94    2.80
 -20828.073    23.389     0.75    2.99
 -20538.814    23.789     1.38    2.96
 -20249.554    24.191     1.39    2.78
 -19960.294    24.105    -0.30    2.77
 -19671.033    24.656     1.91    2.28
 -19381.772    24.672     0.06    2.42
 -19092.510    24.681     0.03    2.24
 -18803.248    24.777     0.33    2.04
 -18513.985    24.466    -1.07    2.18
 -18224.721    23.639    -2.86    3.07
 -17935.457    23.223    -1.44    3.21
 -17646.193    22.705    -1.79    3.53
 -17356.928    21.105    -5.53    5.95
 -17067.662    19.121    -6.86    8.58
 -16778.396    16.532    -8.95   10.45
 -16489.130    13.555   -10.29   11.72
 -16199.862    10.121   -11.87   11.75
 -15910.595     6.705   -11.81   10.97
 -15621.327     3.122   -12.39    8.54
 -15332.058     0.777    -8.11    5.48
 -15042.788    -0.603    -4.77    1.72
 -14753.518    -0.861    -0.89    0.00
 -14464.248    -0.861     0.00    0.00
 -14174.977    -0.861     0.00    0.00
 -13885.706    -0.861     0.00    0.00
 -13596.433    -0.861     0.00    0.00
 -13307.161    -0.861     0.00    0.00
 -13017.888    -0.861     0.00    0.00
 -12728.614    -0.861     0.00    0.00
 -12439.340    -0.675     0.64    1.11
 -12150.065     0.770     5.00    5.88
 -11860.789     3.984    11.11    9.38
 -11571.513     6.939    10.22   10.39
 -11282.237     8.868     6.67   10.18
 -10992.960    11.499     9.10    9.29
 -10703.682    13.299     6.22    7.29
 -10414.404    13.725     1.47    5.61
 -10125.125    12.853    -3.01    4.43
  -9835.846    11.955    -3.10    3.14
  -9546.566    12.008     0.18    2.74
  -9257.285    12.656     2.24    2.92
  -8968.004    13.495     2.90    3.18
  -8678.723    14.535     3.60    3.36
  -8389.440    15.839     4.51    3.38
  -8100.158    17.222     4.78    2.87
  -7810.874    18.139     3.17    2.44
  -7521.590    18.939     2.77    1.92
  -7232.306    19.225     0.99    1.92
  -6943.021    19.003    -0.77    1.99
  -6653.735    18.725    -0.96    2.14
  -6364.449    18.729     0.01    2.30
  -6075.162    18.705    -0.08    2.29
  -5785.875    18.924     0.76    2.37
  -5496.587    19.427     1.74    2.38
  -5207.298    19.484     0.20    2.42
  -4918.009    19.339    -0.50    2.46
  -4628.719    19.274    -0.22    2.43
  -4339.429    19.105    -0.58    2.57
  -4050.138    18.759    -1.20    2.55
  -3760.846    18.262    -1.72    2.44
  -3471.554    17.800    -1.60    2.38
  -3182.261    17.545    -0.88    2.44
  -2892.968    17.300    -0.85    2.44
  -2603.674    17.277    -0.08    2.40
  -2314.379    17.532     0.88    2.70
  -2025.084    17.889     1.23    3.08
  -1735.788    16.587    -4.50    5.87
  -1446.492    14.253    -8.07    8.19
  -1157.195    11.277   -10.29    9.70
   -867.898     7.346   -13.59    9.91
   -578.599     4.294   -10.55    8.74
   -289.301     0.863   -11.86    5.38
     -0.001    -0.861    -5.96    0.00
    289.299    -0.741     0.42    0.65
    578.599    -0.428     1.08    1.41
    867.901     0.407     2.88    3.19
   1157.202     0.759     1.22    3.50
   1446.505     1.253     1.71    3.75
   1735.808     2.005     2.60    4.09
   2025.112     3.253     4.31    4.63
   2314.416     4.542     4.45    5.24
   2603.721     4.759     0.75    5.17
   2893.026     4.579    -0.62    5.45
   3182.333     5.255     2.34    6.26
   3471.639     7.922     9.22    8.11
   3760.947    10.346     8.38    9.80
   4050.255    13.291    10.18   10.49
   4339.564    15.963     9.24    9.56
   4628.873    19.239    11.32    6.64
   4918.183    21.172     6.68    3.24
   5207.493    21.346     0.60    2.64
   5496.805    20.562    -2.71    2.00
   5786.116    20.240    -1.11    1.81
   6075.429    20.305     0.22    1.60
   6364.742    20.698     1.36    1.77
   6654.056    21.372     2.33    2.04
   6943.370    21.922     1.90    2.08
   7232.685    22.314     1.36    2.05
   7522.001    22.905     2.04    1.93
   7811.317    22.984     0.27    1.77
   8100.634    22.893    -0.31    1.97
   8389.952    22.455    -1.51    1.94
   8679.270    21.981    -1.64    1.65
   8968.589    21.639    -1.18    1.89
   9257.909    21.157    -1.67    1.82
   9547.229    20.549    -2.10    1.99
   9836.550    19.884    -2.30    1.92
  10125.871    19.855    -0.10    1.86
  10415.193    19.759    -0.33    1.87
  10704.516    19.907     0.51    1.90
  10993.840    20.172     0.92    1.86
  11283.164    20.087    -0.29    1.92
  11572.489    20.040    -0.16    1.90
  11861.814    19.461    -2.00    2.32
  12151.140    19.070    -1.35    2.37
  12440.467    18.397    -2.32    2.20
  12729.795    17.656    -2.56    1.91
  13019.123    17.434    -0.77    1.87
  13308.452    17.380    -0.19    1.89
  13597.781    17.121    -0.89    2.28
  13887.111    17.242     0.42    2.18
  14176.442    17.001    -0.83    2.36
  14465.774    16.631    -1.28    2.95
  14755.106    16.427    -0.70    3.62
  15044.439    15.855    -1.98    3.55
  15333.772    15.911     0.19    3.65
  15623.106    16.156     0.85    4.11
  15912.441    16.289     0.46    3.89
  16201.777    16.613     1.12    3.91
  16491.113    17.105     1.70    3.59
  16780.450    17.442     1.16    3.47
  17069.788    16.656    -2.72    3.60
  17359.126    16.121    -1.85    3.63
  17648.465    15.952    -0.58    3.62
  17937.805    17.472     5.25    5.20
  18227.145    18.690     4.21    5.75
  18516.486    19.766     3.72    6.64
  18805.828    19.928     0.56    6.85
  19095.170    21.800     6.47    6.90
  19384.513    22.655     2.96    6.68
  19673.857    23.291     2.20    6.64
  19963.202    23.039    -0.87    6.56
  20252.547    23.104     0.23    6.75
  20541.893    23.664     1.94    6.60
  20831.239    23.777     0.39    6.44
  21120.587    24.478     2.42    6.67
  21409.935    25.172     2.40    6.38
  21699.283    26.525     4.67    6.20
  21988.633    27.439     3.16    6.05
  22277.983    28.828     4.80    4.26
  22567.334    29.381     1.91    3.92
  22856.685    30.239     2.97    3.23
  23146.038    30.562     1.12    2.72
  23435.391    30.587     0.08    2.54
  23724.744    30.353    -0.81    2.42
  24014.099    30.272    -0.28    2.33
  24303.454    30.325     0.18    2.34
  24592.810    30.237    -0.30    2.06
  24882.166    30.328     0.32    1.99
  25171.504    30.424     0.33    1.78
  25460.708    30.139    -0.99    2.21
  25749.913    29.001    -3.93    3.72
  26039.119    27.672    -4.59    4.20
  26328.325    26.777    -3.10    4.15
  26617.533    25.449    -4.59    4.59
  26906.740    23.949    -5.19    5.40
  27195.949    22.777    -4.05    5.62
  27485.158    21.417    -4.70    6.14
  27774.369    20.328    -3.77    6.18
  28063.579    19.783    -1.89    5.88
  28352.791    19.656    -0.44    5.71
  28642.003    19.604    -0.18    5.40
  28931.216    20.139     1.85    5.02
  29220.430    20.655     1.79    4.74
  29509.645    20.889     0.81    4.18
  29798.860    20.156    -2.53    4.02
  30088.076    19.328    -2.86    4.11
  30377.293    19.223    -0.36    4.05
  30666.510    19.427     0.70    4.29
  30955.728    20.355     3.21    4.89
  31244.947    20.552     0.68    5.24
  31534.167    21.070     1.79    5.15
  31823.387    22.069     3.45    5.12
  32112.609    23.190     3.88    4.83
  32401.831    23.539     1.21    4.81
  32691.053    22.949    -2.04    5.14
  32980.277    23.105     0.54    5.23
  33269.501    22.924    -0.62    5.87
  33558.726    22.461    -1.60    5.91
  33847.952    21.461    -3.46    6.67
  34137.178    20.105    -4.69    7.40
  34426.405    19.532    -1.98    7.40
  34715.633    18.907    -2.16    7.38
  35004.862    18.630    -0.96    7.22
  35294.092    16.846    -6.17    6.62
  35583.322    17.253     1.41    6.79
  35872.553    18.975     5.95    6.91
  36161.785    19.621     2.24    6.34
  36451.018    20.003     1.32    5.69
  36740.251    20.657     2.26    4.81
  37029.485    20.268    -1.34    4.65
  37318.720    20.240    -0.09    4.24
  37607.956    19.005    -4.27    3.82
  37897.192    18.156    -2.94    3.00
  38186.429    18.033    -0.42    2.93
  38475.667    18.122     0.31    2.90
  38764.906    17.604    -1.79    2.57
  39054.146    17.860     0.88    2.82
  39343.386    17.839    -0.07    2.88
  39632.627    18.532     2.40    3.48
  39921.869    18.966     1.50    4.36
  40211.112    20.639     5.78    4.86
  40500.355    21.106     1.62    4.80
  40789.600    21.397     1.01    4.80
  41078.845    21.708     1.07    5.07
  41368.091    20.742    -3.34    5.93
  41657.337    19.156    -5.48    6.81
  41946.585    18.289    -3.00    7.41
  42235.833    17.272    -3.51    7.48
  42525.082    17.024    -0.86    7.37
  42814.332    17.262     0.82    7.73
  43103.582    17.311     0.17    7.38
  43392.834    18.405     3.78    7.51
  43682.086    20.478     7.16    6.82
  43971.339    22.722     7.76    5.38
  44260.593    22.612    -0.38    6.12
  44549.847    20.535    -7.18    7.52
  44839.103    18.725    -6.26    8.18
  45128.359    18.001    -2.50    8.78
  45417.616    17.614    -1.34    9.20
  45706.874    16.949    -2.30    9.28
  45996.133    16.461    -1.69    9.78
  46285.392    18.585     7.34    9.38
  46574.653    20.884     7.95    9.05
  46863.914    22.335     5.02    8.93
  47153.176    22.749     1.43    8.52
  47442.438    23.630     3.05    7.45
  47731.702    24.139     1.76    6.72
  48020.966    24.656     1.79    6.25
  48310.231    24.705     0.17    6.24
  48599.497    24.851     0.50    6.03
  48888.764    25.526     2.33    5.21
  49178.032    27.067     5.33    2.70
  49467.300    27.205     0.48    3.27
  49756.570    27.567     1.25    3.06
  50045.840    27.352    -0.74    3.40
  50335.111    26.851    -1.73    3.96
  50624.383    27.052     0.70    3.97
  50913.655    26.868    -0.64    4.22
  51202.929    26.853    -0.05    3.95
  51492.203    26.522    -1.14    4.08
  51781.478    26.240    -0.97    4.44
  52070.754    25.483    -2.62    5.06
  52360.031    24.918    -1.95    5.27
  52649.309    24.764    -0.53    5.50
  52938.587    25.173     1.41    5.59
  53227.866    25.363     0.66    5.36
  53517.147    25.698     1.16    5.03
  53806.428    26.342     2.23    4.81
  54095.710    25.777    -1.95    5.20
  54384.992    24.518    -4.35    6.05
  54674.276    23.277    -4.29    6.02
  54963.560    22.489    -2.72    6.02
  55252.845    22.308    -0.62    5.74
  55542.132    22.545     0.82    5.37
  55831.419    23.811     4.38    5.13
  56120.706    25.823     6.95    3.83
  56409.995    26.889     3.68    3.66
  56699.285    27.522     2.19    3.80
  56988.575    28.483     3.32    3.79
  57277.866    29.817     4.61    3.48
  57567.158    30.621     2.78    2.62
  57856.451    30.918     1.03    2.36
  58145.745    30.501    -1.44    2.65
  58435.040    29.844    -2.27    3.05
  58724.335    29.294    -1.90    2.98
  59013.632    28.828    -1.61    2.89
  59302.929    28.570    -0.89    2.82
  59592.227    28.901     1.15    2.98
  59881.526    29.222     1.11    3.04
  60170.826    30.121     3.11    2.95
  60460.127    30.189     0.23    2.97
  60749.429    29.889    -1.04    3.41
  61038.731    29.604    -0.98    3.43
  61328.035    28.822    -2.70    4.07
  61617.339    27.715    -3.83    4.97
  61906.644    26.839    -3.03    4.58
  62195.950    25.960    -3.04    4.27
  62485.257    24.518    -4.98    4.87
  62774.565    22.325    -7.58    6.13
  63063.874    20.322    -6.92    7.01
  63353.183    16.639   -12.73    8.74
  63642.494    13.777    -9.89    8.70
  63931.805    11.889    -6.53    8.21
  64221.117    11.735    -0.53    8.91
  64510.430    13.598     6.44   10.01
  64799.745    16.325     9.43   10.71
  65089.059    17.562     4.28   10.78
  65378.375    20.984    11.82    9.34
  65667.692    23.725     9.48    6.84
  65957.010    24.322     2.06    6.05
  66246.328    25.259     3.24    4.48
  66535.648    24.712    -1.89    4.47
  66824.968    23.889    -2.85    4.73
  67114.289    23.542    -1.20    4.58
  67403.611    24.156     2.12    4.61
  67692.934    24.397     0.84    5.36
  67982.258    24.855     1.58    5.51
  68271.583    25.587     2.53    5.45
  68560.909    25.972     1.33    5.44
  68850.236    26.346     1.29    5.00
  69139.563    26.560     0.74    4.34
  69428.892    26.139    -1.46    4.20
  69718.221    25.105    -3.57    4.87
  70007.551    24.057    -3.62    5.10
  70296.883    23.380    -2.34    5.34
  70586.215    22.104    -4.41    5.94
  70875.548    21.455    -2.24    6.64
  71164.882    19.501    -6.76    6.46
  71454.217    18.522    -3.38    6.41
  71743.553    17.984    -1.86    6.65
  72032.889    15.552    -8.40    7.54
  72322.227    13.639    -6.61    8.33
  72611.566    11.759    -6.50    9.04
  72900.905    11.024    -2.54    9.00
  73190.246    10.035    -3.42    8.94
  73479.587    10.308     0.94    9.71
  73768.929    13.192     9.97   10.07
  74058.273    16.647    11.94    9.33
  74347.617    19.074     8.39    8.58
  74636.962    21.173     7.25    6.99
  74926.308    22.071     3.10    7.10
  75215.655    22.828     2.62    6.57
  75505.003    24.035     4.17    6.44
  75794.352    25.376     4.63    5.32
  76083.702    26.289     3.15    4.23
  76373.052    26.252    -0.13    4.01
  76662.404    25.960    -1.01    4.33
  76951.757    25.505    -1.57    4.26
  77241.110    25.507     0.01    3.88
  77530.465    25.614     0.37    3.82
  77819.821    25.855     0.83    3.74
  78109.177    26.294     1.52    3.49
  78398.534    26.834     1.87    3.44
  78687.893    27.353     1.79    2.56
  78977.252    27.755     1.39    2.04
  79266.612    27.539    -0.75    2.76
  79555.974    26.322    -4.20    5.00
  79845.336    23.952    -8.19    7.19
  80134.699    23.407    -1.89    7.40
  80424.063    22.969    -1.51    7.52
  80713.428    21.570    -4.84    7.95
  81002.794    21.834     0.91    7.58
  81292.161    21.672    -0.56    7.39
  81581.529    20.966    -2.44    7.67
  81870.898    21.328     1.25    7.55
  82160.268    22.259     3.22    7.50
  82449.639    23.522     4.36    6.87
  82739.011    24.952     4.94    6.39
  83028.383    26.003     3.63    5.60
  83317.757    26.570     1.96    4.59
  83607.132    26.086    -1.67    5.38
  83896.508    25.422    -2.29    5.53
  84185.885    24.489    -3.23    6.34
  84475.262    24.639     0.52    6.66
  84764.641    24.924     0.99    6.29
  85054.021    25.725     2.77    5.72
  85343.401    26.698     3.36    4.70
  85632.783    27.708     3.49    3.65
  85922.165    28.335     2.17    2.74
  86211.549    28.001    -1.16    2.93
  86500.934    27.208    -2.74    3.34
  86790.319    27.173    -0.12    3.41
  87079.706    27.472     1.03    2.67
  87369.093    27.689     0.75    2.51
  87658.296    28.104     1.44    2.10
  87947.470    27.855    -0.86    2.23
  88236.646    27.192    -2.29    4.18
  88525.822    26.104    -3.76    5.46
  88815.000    23.422    -9.28    7.68
  89104.178    20.868    -8.83    8.19
  89393.358    18.172    -9.32    8.05
  89682.538    16.085    -7.22    8.31
  89971.720    14.380    -5.90    7.65
  90260.902    13.889    -1.70    7.24
  90550.085    14.322     1.50    7.47
  90839.270    14.590     0.93    7.94
  91128.455    14.552    -0.13    8.25
  91417.642    12.672    -6.50    8.67
  91706.829    13.226     1.92    8.12
  91996.018    12.939    -0.99    7.84
  92285.207    13.190     0.87    7.67
  92574.398    14.630     4.98    7.35
  92863.589    15.783     3.99    7.57
  93152.782    17.311     5.28    7.52
  93441.975    18.705     4.82    7.14
  93731.170    19.432     2.51    8.21
  94020.365    20.389     3.31    8.16
  94309.562    21.789     4.84    8.07
  94598.760    21.472    -1.09    8.29
  94887.958    22.732     4.36    7.21
  95177.158    23.587     2.96    5.89
  95466.359    23.272    -1.09    5.81
  95755.560    23.239    -0.12    4.92
  96044.763    23.342     0.36    4.75
  96333.967    23.690     1.20    4.97
  96623.172    24.496     2.78    5.39
  96912.378    24.489    -0.02    5.77
  97201.585    24.955     1.61    5.77
  97490.792    25.872     3.17    5.38
  97780.001    26.415     1.88    5.25
  98069.211    26.710     1.02    4.82
  98358.422    26.872     0.56    4.69
  98647.634    26.708    -0.57    4.39
  98936.848    25.855    -2.95    4.97
  99226.062    24.639    -4.21    5.36
  99515.277    23.432    -4.17    6.10
  99804.493    23.001    -1.49    6.61
 100093.710    22.484    -1.79    6.83
 100382.929    22.040    -1.53    7.30
 100672.148    22.777     2.55    7.29
 100961.369    22.393    -1.33    7.48
 101250.590    21.996    -1.37    7.48
 101539.813    20.749    -4.31    7.29
 101829.036    20.187    -1.94    7.58
 102118.261    19.529    -2.28    8.29
 102407.486    17.020    -8.67    9.25
 102696.713    15.016    -6.93    9.68
 102985.941    13.380    -5.66   10.17
 103275.170    12.305    -3.72   10.54
 103564.400    11.372    -3.23   10.52
 103853.631     9.844    -5.28   10.26
 104142.863     9.490    -1.22   10.39
 104432.096     9.342    -0.51   10.14
 104721.330     8.442    -3.11   10.03
 105010.565     7.822    -2.14   10.00
 105299.802     6.860    -3.33    9.93
 105589.039     5.673    -4.10    9.49
 105878.277     4.206    -5.07    8.73
 106167.517     2.311    -6.55    6.84
 106456.757     1.439    -3.02    5.62
 106745.999     0.072    -4.73    3.55
 107035.242    -0.095    -0.58    3.33
 107324.486     2.664     9.54    7.33
 107613.731     6.277    12.49   10.59
 107902.977     9.239    10.24   12.07
 108192.224    12.173    10.15   12.60
 108481.472    14.055     6.51   12.57
 108770.721    16.972    10.08   12.21
 109059.971    18.335     4.71   12.35
 109349.223    19.087     2.60   12.30
 109638.475    20.157     3.70   12.47
 109927.729    22.352     7.59   11.88
 110216.983    25.800    11.92    9.93
 110506.239    27.439     5.67    8.57
 110795.496    29.501     7.13    4.74
 111084.754    30.437     3.24    3.85
 111374.013    30.291    -0.50    4.46
 111663.273    30.274    -0.06    5.16
 111952.534    30.655     1.32    5.25
 112241.797    30.811     0.54    5.44
 112531.060    31.121     1.07    5.60
 112820.325    31.552     1.49    5.26
 113109.590    32.725     4.05    3.94
 113398.857    32.483    -0.84    4.33
 113688.125    32.328    -0.53    4.61
 113977.394    32.639     1.07    4.35
 114266.664    32.518    -0.42    4.42
 114555.935    32.328    -0.66    4.37
 114845.207    32.239    -0.31    4.32
 115134.481    31.984    -0.88    4.21
 115423.755    31.305    -2.34    4.90
 115713.031    31.246    -0.21    4.54
 116002.307    30.656    -2.04    4.09
 116291.585    30.405    -0.87    3.55
 116580.864    29.800    -2.09    4.38
 116870.144    29.040    -2.63    5.86
 117159.426    28.924    -0.40    5.83
 117448.708    29.173     0.86    5.85
 117737.991    29.690     1.79    5.24
 118027.276    29.555    -0.47    5.26
 118316.562    29.253    -1.04    5.31
 118605.848    29.277     0.08    5.39
 118895.136    30.005     2.52    4.68
 119184.425    30.070     0.22    4.79
 119473.716    30.522     1.56    4.78
 119763.007    29.339    -4.09    6.07
 120052.299    29.901     1.95    5.74
 120341.593    29.805    -0.33    6.02
 120630.888    28.901    -3.12    6.87
 120920.184    27.647    -4.34    7.06
 121209.481    25.052    -8.97    7.43
 121498.779    24.139    -3.16    7.38
 121788.078    24.472     1.15    7.20
 122077.378    25.507     3.58    7.38
 122366.680    27.240     5.99    7.13
 122655.983    29.156     6.62    7.00
 122945.287    31.122     6.80    6.27
 123234.592    32.272     3.97    5.63
 123523.898    32.952     2.35    4.98
 123813.205    33.156     0.70    4.71
 124102.514    33.858     2.43    4.21
 124391.823    33.745    -0.39    4.25
 124681.134    33.855     0.38    4.15
 124970.446    34.558     2.43    4.13
 125259.759    35.071     1.77    4.31
 125549.073    36.282     4.18    3.54
 125838.389    36.989     2.44    2.96
 126127.705    37.380     1.35    2.76
 126417.023    37.335    -0.15    2.79
 126706.342    37.552     0.75    2.55
 126995.662    36.897    -2.26    2.67
 127284.983    36.673    -0.77    2.45
 127574.305    36.587    -0.30    2.21
 127863.629    36.581    -0.02    2.50
 128152.954    36.725     0.50    2.46
 128442.279    36.872     0.51    2.35
 128731.607    36.478    -1.36    2.82
 129020.935    36.393    -0.29    2.75
 129310.264    36.252    -0.49    2.73
 129599.595    35.522    -2.52    4.10
 129888.926    33.909    -5.57    6.59
 130178.259    32.033    -6.48    8.11
 130467.593    29.570    -8.52    9.17
 130756.929    27.291    -7.88    9.18
 131046.265    24.422    -9.92    8.82
 131335.603    22.139    -7.89    8.13
 131624.942    22.449     1.07    8.14
 131914.282    24.223     6.13    8.81
 132203.623    26.674     8.47    8.98
 132492.965    28.222     5.35    9.15
 132782.309    29.926     5.89    8.38
 133071.654    31.208     4.43    7.56
 133361.000    32.003     2.75    7.01
 133650.347    31.087    -3.17    7.91
 133939.695    30.622    -1.61    8.12
 134229.045    31.022     1.38    8.18
 134518.395    32.122     3.80    7.61
 134807.747    31.989    -0.46    7.97
 135097.100    32.225     0.82    7.95
 135386.455    33.005     2.70    7.92
 135675.810    34.794     6.18    6.31
 135965.167    36.422     5.63    3.42
 136254.525    37.139     2.48    2.80
 136543.884    37.103    -0.12    2.45
 136833.244    37.052    -0.17    2.38
 137122.606    37.121     0.24    2.73
 137411.969    36.958    -0.56    3.14
 137701.333    36.986     0.10    3.50
 137990.698    36.655    -1.14    3.64
 138280.064    36.432    -0.77    3.71
 138569.432    36.472     0.14    4.01
 138858.801    36.472     0.00    3.64
 139148.171    36.449    -0.08    3.67
 139437.542    36.483     0.12    3.52
 139726.915    35.984    -1.73    4.16
 140016.288    35.984     0.00    4.72
 140305.663    36.311     1.13    4.65
 140595.039    36.415     0.36    4.68
 140884.417    36.499     0.29    4.60
 141173.795    36.915     1.43    4.20
 141463.175    36.535    -1.31    4.49
 141752.556    36.484    -0.18    4.29
 142041.939    36.121    -1.25    4.78
 142331.322    35.339    -2.70    5.79
 142620.707    35.501     0.56    4.81
 142910.093    33.889    -5.57    6.87
 143199.480    32.621    -4.38    8.32
 143488.868    32.139    -1.67    9.56
 143778.258    29.305    -9.79   10.94
 144067.649    28.461    -2.92   10.60
 144357.041    29.024     1.95   10.80
 144646.435    28.871    -0.53   11.06
 144935.829    29.777     3.13   10.59
 145225.225    31.587     6.26    9.92
 145514.622    34.272     9.28    8.58
 145804.021    36.680     8.32    6.08
 146093.420    37.984     4.51    4.92
 146382.821    38.405     1.46    4.39
 146672.223    39.363     3.31    3.10
 146961.627    39.189    -0.60    3.63
 147251.031    39.172    -0.06    3.87
 147540.437    39.342     0.59    3.67
 147829.844    39.289    -0.18    3.60
 148119.253    39.018    -0.94    3.82
 148408.662    39.274     0.89    3.88
 148698.073    39.346     0.25    3.63
 148987.486    38.955    -1.35    4.19
 149276.899    38.939    -0.06    4.31
 149566.314    38.799    -0.48    4.29
 149855.565    38.139    -2.28    4.76
 150144.708    38.001    -0.48    4.93
 150433.852    37.755    -0.85    4.73
 150722.997    38.255     1.73    3.41
 151012.144    38.512     0.89    2.88
 151301.292    38.570     0.20    2.60
 151590.441    38.788     0.75    2.66
 151879.591    38.565    -0.77    2.70
 152168.742    38.522    -0.15    2.76
 152457.895    38.703     0.63    2.93
 152747.049    38.444    -0.90    3.45
 153036.205    37.799    -2.23    4.84
 153325.361    36.022    -6.15    6.37
 153614.519    33.052   -10.27    8.22
 153903.679    29.876   -10.98   10.66
 154192.839    24.346   -19.13   13.28
 154482.001    18.604   -19.86   13.12
 154771.164    16.552    -7.10   13.01
 155060.328    16.501    -0.18   12.90
 155349.494    17.008     1.75   13.64
 155638.661    19.621     9.04   14.05
 155927.829    23.255    12.57   12.75
 156216.999    27.335    14.11    9.55
 156506.169    29.656     8.03    5.60
 156795.341    30.598     3.26    3.10
 157084.515    30.722     0.43    2.77
 157373.689    30.811     0.31    2.60
 157662.865    30.805    -0.02    2.60
 157952.043    31.449     2.23    2.54
 158241.221    31.884     1.51    2.41
 158530.401    31.255    -2.18    2.96
 158819.582    32.289     3.57    4.58
 159108.765    33.604     4.55    5.87
 159397.948    35.206     5.54    6.88
 159687.133    36.542     4.62    7.20
 159976.320    38.505     6.79    7.13
 160265.508    40.539     7.03    6.65
 160554.697    42.225     5.83    5.60
 160843.887    42.872     2.24    5.59
 161133.078    43.972     3.80    4.86
 161422.271    44.489     1.79    4.23
 161711.466    43.071    -4.90    6.33
 162000.661    42.495    -1.99    7.31
 162289.858    41.755    -2.56    7.31
 162579.056    40.683    -3.71    7.56
 162868.256    39.555    -3.90    9.03
 163157.457    40.104     1.90   10.54
 163446.659    41.647     5.33   10.32
 163735.862    43.522     6.48   10.89
 164025.067    45.311     6.19   11.29
 164314.273    46.639     4.59   11.52
 164603.480    48.407     6.11   10.54
 164892.689    50.705     7.95    7.67
 165181.899    51.889     4.09    6.79
 165471.111    52.772     3.05    6.59
 165760.323    53.104     1.15    6.92
 166049.538    53.889     2.71    6.56
 166338.753    53.889     0.00    6.77
 166627.970    54.794     3.13    6.15
 166917.188    55.439     2.23    6.28
 167206.407    56.173     2.54    6.30
 167495.628    56.397     0.78    5.36
 167784.850    57.363     3.34    4.86
 168074.074    57.587     0.77    5.06
 168363.298    56.860    -2.51    7.03
 168652.524    56.225    -2.20    7.95
 168941.752    55.529    -2.41    8.57
 169230.981    55.432    -0.33    8.72
 169520.211    55.858     1.47    8.62
 169809.442    55.590    -0.93    8.81
 170098.675    55.539    -0.18    8.64
 170387.910    56.122     2.02    8.31
 170677.145    55.963    -0.55    8.58
 170966.382    55.984     0.07    8.51
 171255.620    56.630     2.24    8.09
 171544.860    57.173     1.88    8.56
 171834.101    58.205     3.57    7.76
 172123.343    57.966    -0.83    7.85
 172412.587    58.501     1.85    7.54
 172701.832    58.770     0.93    6.74
 172991.079    59.039     0.93    5.96
 173280.326    59.499     1.59    5.10
 173569.576    58.828    -2.32    5.80
 173858.826    58.681    -0.51    6.14
 174148.078    58.507    -0.60    6.16
 174437.331    57.579    -3.21    7.34
 174726.586    57.489    -0.31    7.69
 175015.842    57.055    -1.50    8.16
 175305.099    56.663    -1.36    8.31
 175594.358    56.454    -0.72    8.36
 175883.618    56.529     0.26    8.96
 176172.880    56.190    -1.17   10.27
 176462.143    56.499     1.07    9.73
 176751.407    55.994    -1.75   10.56
 177040.673    56.363     1.28   10.55
 177329.940    57.466     3.81   10.20
 177619.208    59.067     5.53    9.69
 177908.478    61.008     6.71    8.24
 178197.749    63.105     7.25    6.30
 178487.022    63.239     0.46    6.12
 178776.296    63.190    -0.17    6.05
 179065.571    62.016    -4.06    6.49
 179354.848    61.020    -3.44    7.06
 179644.126    58.552    -8.53    9.69
 179933.406    55.647   -10.04   11.23
 180222.686    55.001    -2.23   11.08
 180511.969    54.897    -0.36   12.13
 180801.253    54.621    -0.95   12.60
 181090.538    55.639     3.52   12.59
 181379.824    57.483     6.38   11.87
 181669.112    61.552    14.07    9.13
 181958.401    63.363     6.26    8.07
 182247.692    64.259     3.10    6.48
 182536.984    64.708     1.55    5.46
 182826.278    64.972     0.91    5.19
 183115.573    65.495     1.81    5.17
 183404.869    65.022    -1.63    6.63
 183694.167    64.665    -1.23    7.05
 183983.466    64.811     0.51    7.19
 184272.767    65.289     1.65    6.98
 184562.069    65.868     2.00    6.25
 184851.372    65.939     0.25    6.05
 185140.677    67.460     5.26    4.84
 185429.983    67.449    -0.04    6.74
 185719.291    67.858     1.41    6.54
 186008.600    67.088    -2.66    6.63
 186297.911    66.105    -3.40    7.61
 186587.222    66.570     1.61    7.83
 186876.536    66.172    -1.37    8.08
 187165.851    65.840    -1.15    8.53
 187455.167    65.455    -1.33    9.35
 187744.484    65.555     0.35    9.59
 188033.804    65.989     1.50    9.24
 188323.124    67.189     4.15    8.99
 188612.446    68.466     4.42    8.51
 188901.769    68.613     0.51    9.38
 189191.094    69.432     2.83    9.07
 189480.420    69.834     1.39    8.87
 189769.748    71.189     4.68    7.88
 190059.077    71.577     1.34    7.91
 190348.408    72.739     4.01    6.84
 190637.740    72.846     0.37    6.48
 190927.073    73.397     1.90    4.77
 191216.408    73.155    -0.83    4.86
 191505.744    73.223     0.24    4.58
 191795.082    73.604     1.32    4.56
 192084.421    74.104     1.73    3.77
 192373.762    73.512    -2.05    4.58
 192663.104    73.003    -1.76    5.34
 192952.448    72.735    -0.92    5.27
 193241.793    72.439    -1.03    5.12
 193531.139    72.567     0.44    4.92
 193820.487    73.339     2.67    4.89
 194109.837    74.449     3.84    4.58
 194399.187    74.958     1.76    4.50
 194688.540    75.242     0.98    5.01
 194977.893    74.897    -1.19    6.14
 195267.249    74.535    -1.25    6.29
 195556.605    74.949     1.43    5.53
 195845.963    75.405     1.58    4.20
 196135.323    76.087     2.36    3.71
 196424.684    76.605     1.79    3.82
 196714.047    77.103     1.72    3.89
 197003.411    77.311     0.72    4.41
 197292.776    76.762    -1.90    6.08
 197582.143    76.372    -1.35    6.30
 197871.512    76.942     1.97    6.35
 198160.881    77.051     0.38    6.66
 198450.253    77.742     2.39    5.23
 198739.626    77.800     0.20    5.05
 199029.000    77.272    -1.82    6.34
 199318.376    77.189    -0.29    6.56
 199607.753    77.570     1.32    7.86
 199897.132    76.851    -2.49    9.56
 200186.512    76.612    -0.82    9.85
 200475.894    75.989    -2.16   10.45
 200765.277    76.478     1.69   10.32
 201054.662    76.415    -0.22    9.98
 201344.048    76.410    -0.02    8.94
 201633.436    76.739     1.14    8.91
 201922.825    77.139     1.38    8.90
 202212.216    77.311     0.60    8.95
 202501.608    78.039     2.51    8.93
 202791.001    78.222     0.63    8.49
 203080.397    78.742     1.80    8.07
 203369.793    80.022     4.42    6.68
 203659.191    79.328    -2.40    7.85
 203948.591    79.909     2.01    6.79
 204237.992    80.789     3.04    6.29
 204527.395    80.863     0.26    5.54
 204816.799    81.311     1.55    5.67
 205106.205    82.246     3.23    5.18
 205395.612    82.105    -0.49    5.15
 205685.020    82.122     0.06    4.79
 205974.431    82.205     0.29    4.40
 206263.842    82.794     2.03    4.31
 206553.256    83.067     0.94    3.43
 206842.670    83.105     0.13    3.54
 207132.086    83.208     0.35    3.60
 207421.504    83.255     0.16    3.29
 207710.923    83.562     1.06    3.69
 208000.344    83.932     1.28    3.63
 208289.767    83.639    -1.01    3.76
 208579.190    84.070     1.49    4.00
 208868.616    84.434     1.26    3.59
 209158.043    84.587     0.53    3.52
 209447.471    84.690     0.36    3.43
 209736.901    85.156     1.61    3.57
 210026.332    85.828     2.32    2.84
 210315.765    85.929     0.35    3.41
 210605.200    85.562    -1.27    3.71
 210894.636    85.562     0.00    3.83
 211184.073    85.577     0.05    3.55
 211473.512    85.294    -0.98    4.18
 211762.953    86.339     3.61    3.87
 212052.287    86.240    -0.34    4.10
 212341.403    86.073    -0.58    4.79
 212630.520    86.674     2.08    4.90
 212919.639    86.308    -1.27    4.97
 213208.759    86.419     0.38    5.02
 213497.881    85.422    -3.45    5.11
 213787.005    85.385    -0.13    5.17
 214076.130    86.242     2.97    5.03
 214365.257    86.834     2.05    4.97
 214654.385    85.690    -3.95    5.82
 214943.515    85.989     1.03    5.55
 215232.646    86.139     0.52    5.86
 215521.779    86.155     0.06    6.03
 215810.913    86.342     0.65    5.66
 216100.049    85.363    -3.39    6.24
 216389.186    85.805     1.53    5.85
 216678.326    85.415    -1.35    5.57
 216967.466    85.305    -0.38    5.21
 217256.608    84.572    -2.54    5.17
 217545.752    84.210    -1.25    4.80
 217834.897    84.811     2.08    4.40
 218124.044    84.907     0.33    4.23
 218413.192    84.722    -0.64    4.12
 218702.342    84.529    -0.67    4.28
 218991.494    84.889     1.25    4.14
 219280.647    84.604    -0.98    4.97
 219569.801    85.104     1.73    5.09
 219858.958    85.272     0.58    5.93
 220148.115    86.054     2.70    5.86
 220437.275    86.332     0.96    6.24
 220726.435    87.380     3.62    6.07
 221015.598    87.139    -0.83    6.27
 221304.762    87.346     0.72    5.72
 221593.928    87.346     0.00    5.24
 221883.095    87.844     1.72    4.61
 222172.263    87.639    -0.71    4.56
 222461.434    87.570    -0.24    4.37
 222750.606    86.949    -2.15    4.74
 223039.779    86.346    -2.09    5.70
 223328.954    86.881     1.85    5.58
 223618.131    86.495    -1.33    6.37
 223907.309    85.022    -5.09    7.95
 224196.489    81.314   -12.82   13.77
 224485.670    79.001    -8.00   15.27
 224774.853    78.205    -2.75   15.90
 225064.038    78.308     0.36   17.20
 225353.224    77.860    -1.55   16.74
 225642.412    74.835   -10.46   17.18
 225931.601    71.742   -10.70   17.17
 226220.792    68.924    -9.74   18.32
 226509.985    64.631   -14.85   19.81
 226799.179    57.483   -24.72   22.65
 227088.375    52.363   -17.71   21.26
 227377.572    51.376    -3.41   21.21
 227666.771    53.001     5.62   22.69
 227955.971    54.789     6.18   23.17
 228245.173    60.172    18.61   24.38
 228534.377    67.722    26.11   22.75
 228823.583    75.772    27.84   17.71
 229112.790    79.604    13.25   14.81
 229401.998    80.918     4.54   13.61
 229691.208    82.139     4.22   13.93
 229980.420    83.057     3.17   14.30
 230269.633    83.322     0.92   14.29
 230558.848    84.174     2.95   13.60
 230848.065    85.449     4.41   11.43
 231137.283    86.996     5.35    8.67
 231426.503    87.772     2.68    7.46
 231715.725    88.562     2.73    5.42
 232004.948    89.689     3.89    3.30
 232294.172    89.846     0.54    2.97
 232583.399    90.191     1.20    2.64
 232872.627    90.715     1.81    2.21
 233161.856    91.088     1.29    2.42
 233451.088    91.865     2.69    3.00
 233740.320    92.811     3.27    3.30
 234029.555    93.673     2.98    3.36
 234318.791    94.277     2.09    3.44
 234608.029    95.225     3.28    3.73
 234897.268    96.663     4.97    3.93
 235186.509    97.708     3.61    3.87
 235475.752    96.932    -2.68    7.62
 235764.996    96.518    -1.43    9.27
 236054.242    94.455    -7.13   11.48
 236343.489    93.089    -4.73   12.04
 236632.739    93.104     0.05   11.88
 236921.989    92.889    -0.75   11.86
 237211.242    93.085     0.68   11.49
 237500.496    92.897    -0.65   11.21
 237789.752    94.555     5.73   10.78
 238079.009    94.664     0.38   10.70
 238368.268    95.680     3.51    9.56
 238657.529    95.907     0.78    9.18
 238946.791    96.087     0.62    7.73
 239236.055    97.501     4.89    4.58
 239525.321    98.089     2.03    4.12
 239814.588    98.204     0.40    4.28
 240103.857    97.932    -0.94    5.09
 240393.128    97.722    -0.73    7.18
 240682.400    98.577     2.96    8.03
 240971.674    98.483    -0.33    9.42
 241260.949    97.639    -2.92   10.78
 241550.227    96.189    -5.01   12.00
 241839.506    97.739     5.36   11.50
 242128.786    98.363     2.16   11.26
 242418.068    98.986     2.15    9.05
 242707.352    94.363   -15.98   12.61
 242996.638    92.631    -5.99   12.72
 243285.925    91.922    -2.45   12.48
 243575.214    90.630    -4.47   13.28
 243864.505    88.359    -7.85   14.83
 244153.797    87.259    -3.80   14.63
 244443.091    87.772     1.77   15.56
 244732.387    88.630     2.97   14.69
 245021.684    88.884     0.88   14.46
 245310.983    89.811     3.20   14.85
 245600.283    89.700    -0.38   15.77
 245889.586    92.008     7.98   16.40
 246178.890    91.655    -1.22   16.34
 246468.196    89.316    -8.09   18.07
 246757.503    86.156   -10.92   20.80
 247046.812    80.570   -19.31   24.08
 247336.123    73.257   -25.28   24.37
 247625.435    67.311   -20.55   21.24
 247914.749    66.073    -4.28   19.88
 248204.065    64.552    -5.26   19.60
 248493.383    64.708     0.54   19.60
 248782.702    68.518    13.17   20.87
 249072.023    77.311    30.39   22.81
 249361.345    84.972    26.48   21.82
 249650.670    92.380    25.61   18.46
 249939.996    98.689    21.81   14.99
 250229.323   101.835    10.88   10.03
 250518.653   103.535     5.88    9.43
 250807.984   104.722     4.10    8.96
 251097.317   101.783   -10.16   12.43
 251386.651   100.008    -6.14   13.99
 251675.987   100.389     1.32   14.33
 251965.325   103.018     9.09   13.79
 252254.665   104.621     5.54   13.89
 252544.006   105.222     2.08   13.68
 252833.349   105.417     0.68   13.04
 253122.694   104.363    -3.64   12.30
 253412.041   103.905    -1.58   12.56
 253701.389   105.683     6.14   13.26
 253990.739   107.631     6.73   14.67
 254280.090   111.223    12.42   15.15
 254569.444   113.393     7.50   16.25
 254858.799   116.834    11.89   16.77
 255148.156   118.328     5.17   16.58
 255437.514   116.272    -7.11   17.03
 255726.874   113.035   -11.19   17.66
 256016.236   109.789   -11.22   17.45
 256305.600   109.789     0.00   16.61
 256594.966   110.665     3.03   18.33
 256884.333   113.935    11.30   19.80
 257173.702   114.863     3.21   18.09
 257463.072   113.905    -3.31   19.06
 257752.445   112.257    -5.70   18.06
 258041.819   111.772    -1.68   15.52
 258331.194   110.777    -3.44   13.66
 258620.572   110.437    -1.17   12.56
 258909.951   111.005     1.96   12.15
 259199.332   111.005     0.00   11.39
 259488.715   108.171    -9.79   11.42
 259778.100   105.656    -8.69   12.21
 260067.486   103.949    -5.90   14.59
 260356.874   104.472     1.81   14.89
 260646.264   102.346    -7.35   15.17
 260935.655    99.922    -8.37   15.15
 261225.048    97.725    -7.59   16.01
 261514.443    96.656    -3.69   16.42
 261803.840    96.621    -0.12   16.61
 262093.239    97.535     3.16   16.49
 262382.639    96.467    -3.69   17.15
 262672.041    96.139    -1.13   17.21
 262961.445    94.749    -4.80   18.88
 263250.850    94.210    -1.86   18.50
 263540.258    92.405    -6.24   18.37
 263829.667    93.909     5.20   17.41
 264119.077    94.986     3.72   16.32
 264408.490    96.596     5.56   14.18
 264697.904    97.770     4.06   12.18
 264987.320    96.104    -5.76   12.36
 265276.738    89.889   -21.48   15.68
 265566.158    85.772   -14.22   15.38
 265855.579    80.800   -17.18   12.83
 266145.003    76.889   -13.51   10.33
 266434.428    71.239   -19.52   11.01
 266723.854    66.782   -15.40   12.30
 267013.283    67.558     2.68   14.59
 267302.713    69.783     7.69   17.95
 267592.145    71.342     5.39   20.20
 267881.579    73.444     7.26   21.51
 268171.015    78.121    16.16   22.41
 268460.452    82.222    14.17   21.78
 268749.891    88.071    20.21   21.10
 269039.332    90.106     7.03   20.57
 269328.775    91.305     4.14   19.72
 269618.219    90.817    -1.69   21.23
 269907.666    90.410    -1.41   21.67
 270197.114    89.846    -1.95   22.54
 270486.564    87.975    -6.46   23.44
 270776.015    85.037   -10.15   24.48
 271065.469    81.035   -13.83   23.44
 271354.924    78.915    -7.33   21.70
 271644.381    77.070    -6.37   20.55
 271933.840    77.417     1.20   20.26
 272223.301    76.173    -4.30   19.91
 272512.763    78.305     7.37   20.74
 272802.227    82.432    14.26   24.31
 273091.693    84.104     5.78   25.79
 273381.161    86.090     6.86   24.92
 273670.631    87.539     5.01   25.04
 273960.102    85.139    -8.29   25.34
 274249.551    83.700    -4.97   25.51
 274538.635    80.415   -11.37   22.99
 274827.721    80.639     0.78   23.06
 275116.810    81.484     2.92   24.66
 275405.900    80.614    -3.01   25.74
 275694.991    80.294    -1.11   26.49
 275984.085    81.342     3.63   27.62
 276273.180    75.514   -20.16   20.57
 276562.277    73.572    -6.72   18.00
 276851.376    71.865    -5.91   16.16
 277140.477    68.621   -11.22   13.08
 277429.580    70.755     7.38   16.35
 277718.684    71.397     2.22   16.87
 278007.791    72.570     4.06   18.50
 278296.899    75.766    11.06   21.88
 278586.009    77.223     5.04   23.06
 278875.120    78.123     3.11   22.38
 279164.234    76.889    -4.27   20.62
 279453.349    80.622    12.91   24.96
 279742.466    82.998     8.22   26.00
 280031.585    86.784    13.09   28.31
 280320.706    92.922    21.23   28.75
 280609.829    93.005     0.29   26.06
 280898.954    98.328    18.41   25.98
 281188.080   104.621    21.76   25.74
 281477.208   107.472     9.86   24.01
 281766.338   110.562    10.69   21.72
 282055.470   115.532    17.19   22.46
 282344.604   120.389    16.80   24.29
 282633.739   120.996     2.10   24.24
 282922.877   116.444   -15.74   24.14
 283212.016   113.880    -8.87   23.33
 283501.157   116.712     9.80   23.52
 283790.300   121.173    15.43   26.37
 284079.444   121.880     2.45   26.52
 284368.591   120.984    -3.10   25.66
 284657.739   124.070    10.67   24.39
 284946.890   122.385    -5.83   22.61
 285236.042   122.851     1.61   21.85
 285525.196   120.622    -7.71   22.96
 285814.352   114.759   -20.28   20.11
 286103.509   110.297   -15.43   21.44
 286392.669   107.270   -10.47   22.01
 286681.830   105.105    -7.49   20.87
 286970.994   106.631     5.27   22.74
 287260.159   108.876     7.76   24.95
 287549.326   111.518     9.14   25.99
 287838.495   119.572    27.85   25.28
 288127.665   126.432    23.72   24.41
 288416.838   125.745    -2.37   23.09
 288706.012   122.346   -11.76   23.13
 288995.189   120.529    -6.28   25.41
 289284.367   118.228    -7.96   26.12
 289573.547   113.239   -17.25   25.86
 289862.729   108.909   -14.97   22.24
 290151.912   109.535     2.16   24.47
 290441.098   112.639    10.73   25.71
 290730.286   113.346     2.44   25.17
 291019.475   114.242     3.10   24.97
 291308.666   118.156    13.53   26.24
 291597.859   117.122    -3.58   25.15
 291887.054   111.811   -18.37   22.61
 292176.251   109.317    -8.62   20.28
 292465.450   106.389   -10.13   20.24
 292754.651   101.893   -15.55   20.37
 293043.853    99.171    -9.41   17.38
 293333.058    97.805    -4.72   14.57
 293622.264    96.439    -4.73   13.74
 293911.472    97.484     3.61   15.50
 294200.683    99.371     6.53   14.62
 294489.895   100.239     3.00   13.53
 294779.108   102.884     9.15   15.33
 295068.324   109.499    22.87   24.78
 295357.542   117.622    28.09   30.09
 295646.762   122.121    15.56   30.96
 295935.983   125.342    11.14   32.01
 296225.206   129.208    13.37   32.23
 296514.432   128.106    -3.81   31.23
 296803.659   122.139   -20.63   29.70
 297092.888   112.552   -33.15   28.08
 297382.119   109.604   -10.19   26.76
 297671.352   111.432     6.32   30.43
 297960.587   112.352     3.18   30.08
 298249.823   116.156    13.15   32.92
 298539.062   120.805    16.08   33.45
 298828.303   126.759    20.59   31.09
 299117.545   130.828    14.07   27.37
 299406.789   131.467     2.21   25.07
 299696.036   127.789   -12.72   22.76
 299985.284   127.105    -2.36   22.12
 300274.534   124.437    -9.23   21.45
 300563.786   122.139    -7.95   20.58
 300853.040   119.372    -9.57   21.48
 301142.296   117.071    -7.96   21.97
 301431.553   114.939    -7.37   21.62
 301720.813   114.035    -3.12   22.17
 302010.075   113.681    -1.22   20.58
 302299.338   111.963    -5.94   20.46
 302588.604   112.305     1.18   21.04
 302877.871   111.389    -3.17   17.22
 303167.141   112.535     3.96   17.84
 303456.412   113.205     2.32   19.11
 303745.685   112.311    -3.09   19.28
 304034.960   111.901    -1.42   18.58
 304324.237   109.732    -7.50   16.86
 304613.516   110.444     2.46   16.60
 304902.797   109.942    -1.73   16.86
 305192.080   113.279    11.54   17.40
 305481.365   116.039     9.54   19.22
 305770.652   121.639    19.36   21.84
 306059.940   122.139     1.73   23.17
 306349.231   122.155     0.06   23.52
 306638.524   123.055     3.11   24.25
 306927.818   124.846     6.19   24.50
 307217.115   124.442    -1.39   24.78
 307506.413   118.272   -21.33   26.07
 307795.714   112.325   -20.56   23.72
 308085.016   107.991   -14.98   22.67
 308374.320   102.901   -17.59   19.40
 308663.626   100.282    -9.06   18.10
 308952.935    99.605    -2.34   17.18
 309242.245   100.759     3.99   16.91
 309531.557   102.811     7.09   20.68
 309820.871   100.880    -6.67   19.52
 310110.187    99.621    -4.35   18.66
 310399.505    98.690    -3.22   17.70
 310688.825   100.104     4.89   17.65
 310978.147   105.893    20.01   23.58
 311267.471   107.621     5.98   25.30
 311556.797   107.905     0.98   23.62
 311846.124   106.700    -4.17   22.73
 312135.454   108.342     5.68   22.28
 312424.786   111.385    10.52   30.21
 312714.120   115.339    13.67   35.21
 313003.455   119.975    16.02   36.26
 313292.793   125.911    20.52   35.89
 313582.133   136.794    37.62   37.16
 313871.474   146.206    32.53   38.16
 314160.818   150.572    15.09   33.61
 314450.164   151.489     3.17   28.80
 314739.511   155.052    12.32   27.30
 315028.861   152.749    -7.96   27.50
 315318.212   147.542   -17.99   29.70
 315607.566   137.222   -35.67   29.97
 315896.921   124.039   -45.56   27.02
 316186.279   116.001   -27.78   25.56
 316475.638   108.478   -26.00   20.94
 316765.000   106.222    -7.80   18.92
 317054.363   104.972    -4.32   18.56
 317343.729   108.529    12.29   19.70
 317633.096   111.817    11.36   18.37
 317922.466   115.489    12.69   15.65
 318211.837   118.794    11.42   16.29
 318501.211   121.039     7.76   17.83
 318790.586   124.897    13.33   20.50
 319079.964   130.483    19.30   21.18
 319369.343   135.022    15.69   20.32
 319658.724   137.863     9.82   20.87
 319948.108   142.966    17.64   30.06
 320237.493   146.228    11.27   35.73
 320526.881   150.483    14.70   36.03
 320816.270   151.972     5.15   34.27
 321105.662   149.422    -8.81   31.29
 321395.055   150.535     3.85   26.90
 321684.451   148.764    -6.12   26.06
 321973.848   140.922   -27.10   26.01
 322263.248   128.725   -42.15   28.50
 322552.650   118.572   -35.08   26.03
 322842.053   111.518   -24.38   20.32
 323131.459   105.363   -21.27   11.61
 323420.866   104.139    -4.23   10.71
 323710.276   108.208    14.06   14.80
 323999.688   112.844    16.02   17.32
 324289.101   118.104    18.18   16.87
 324578.517   121.444    11.54   15.67
 324867.935   122.299     2.96   15.66
 325157.354   123.922     5.61   13.78
 325446.776   123.800    -0.42   13.96
 325736.200   123.461    -1.17   14.25
 326025.626   118.783   -16.16   14.83
 326315.054   113.911   -16.83   14.83
 326604.484   109.656   -14.70   15.43
 326893.916   105.647   -13.85   15.87
 327183.350   103.205    -8.44   14.53
 327472.786   103.203    -0.01   15.45
 327762.224   103.402     0.69   16.41
 328051.664   106.555    10.90   18.75
 328341.106   111.805    18.14   19.60
 328630.550   115.789    13.76   18.08
 328919.997   117.257     5.07   15.23
 329209.445   117.009    -0.86   13.41
 329498.895   117.607     2.07   13.05
 329788.348   115.824    -6.16   12.53
