-231599.058    22.695     0.00    6.62
-231309.759    21.876    -2.83    6.02
-231020.461    20.633    -4.29    5.98
-230731.164    18.718    -6.62    7.25
-230441.868    17.434    -4.44    7.05
-230152.573    15.756    -5.80    7.19
-229863.279    14.467    -4.46    7.78
-229573.986    13.340    -3.90    7.66
-229284.694    12.798    -1.87    7.92
-228995.403    12.902     0.36    8.42
-228706.113    13.739     2.89    8.66
-228416.824    15.260     5.26    8.95
-228127.536    17.295     7.03    8.50
-227838.249    22.035    16.39    6.21
-227548.963    23.886     6.40    4.66
-227259.679    25.088     4.15    4.17
-226970.395    26.154     3.69    3.53
-226681.112    27.538     4.78    2.82
-226391.830    27.451    -0.30    4.22
-226102.549    26.673    -2.69    5.67
-225813.269    26.594    -0.27    5.65
-225523.991    26.601     0.02    6.09
-225234.713    26.230    -1.28    5.95
-224945.436    26.260     0.10    5.79
-224656.160    26.357     0.34    5.36
-224366.885    26.560     0.70    4.64
-224077.611    27.194     2.19    3.91
-223788.339    27.216     0.08    3.93
-223499.067    26.868    -1.21    3.28
-223209.796    27.109     0.84    3.18
-222920.526    27.113     0.01    2.81
-222631.257    26.701    -1.43    2.69
-222341.989    26.527    -0.60    2.68
-222052.722    25.898    -2.17    3.06
-221763.456    26.056     0.54    3.19
-221474.191    26.018    -0.13    3.14
-221184.927    25.645    -1.29    3.25
-220895.664    25.935     1.00    3.47
-220606.402    26.301     1.26    3.33
-220317.141    26.734     1.50    3.27
-220027.881    26.967     0.81    2.89
-219738.622    27.829     2.98    2.88
-219449.364    28.443     2.12    2.58
-219160.107    28.866     1.46    2.33
-218870.851    28.536    -1.14    2.47
-218581.596    28.398    -0.48    2.43
-218292.341    27.708    -2.38    3.81
-218003.088    26.476    -4.26    4.91
-217713.836    25.408    -3.69    5.96
-217424.585    25.068    -1.18    6.48
-217135.334    24.105    -3.33    6.96
-216846.085    23.563    -1.87    6.74
-216556.836    23.443    -0.41    6.49
-216267.589    25.101     5.73    5.44
-215978.342    25.656     1.92    4.66
-215689.097    25.019    -2.20    5.23
-215399.852    23.639    -4.77    6.76
-215110.609    22.052    -5.49    7.40
-214821.366    19.208    -9.83    8.64
-214532.124    15.853   -11.60    9.14
-214242.883    12.019   -13.26    9.11
-213953.643     9.501    -8.70    7.82
-213664.405     8.458    -3.61    7.05
-213375.167     9.459     3.46    7.53
-213085.930    10.197     2.55    7.74
-212796.694    13.639    11.90    8.30
-212507.458    17.967    14.96    8.05
-212218.224    20.966    10.37    7.17
-211928.991    22.588     5.61    6.10
-211639.759    23.899     4.54    5.50
-211350.527    25.255     4.69    4.74
-211061.297    26.033     2.69    4.49
-210772.068    27.056     3.54    3.69
-210482.839    27.391     1.16    3.41
-210193.611    27.864     1.63    3.16
-209904.385    28.050     0.64    2.93
-209615.159    27.101    -3.28    4.68
-209325.934    26.001    -3.80    6.02
-209036.710    23.611    -8.26    7.14
-208747.487    22.002    -5.56    7.14
-208458.265    22.050     0.16    7.17
-208169.044    20.951    -3.80    6.91
-207879.824    20.255    -2.40    6.91
-207590.605    19.622    -2.19    6.44
-207301.386    19.234    -1.34    6.24
-207011.995    19.118    -0.40    6.37
-206722.581    19.191     0.25    6.26
-206433.168    19.618     1.47    6.42
-206143.756    20.268     2.25    6.48
-205854.345    20.511     0.84    6.64
-205564.935    20.899     1.34    6.62
-205275.525    22.105     4.17    6.63
-204986.117    23.084     3.38    6.08
-204696.710    22.639    -1.54    6.00
-204407.303    22.718     0.27    5.53
-204117.897    21.950    -2.65    5.55
-203828.492    21.651    -1.03    5.38
-203539.089    21.768     0.40    4.74
-203249.686    21.734    -0.12    5.02
-202960.283    22.902     4.04    5.67
-202670.882    24.001     3.80    5.76
-202381.482    24.795     2.74    5.11
-202092.083    25.868     3.71    3.48
-201802.684    25.657    -0.73    3.53
-201513.287    25.296    -1.25    3.74
-201223.890    24.501    -2.74    4.06
-200934.494    22.932    -5.42    3.95
-200645.099    21.398    -5.30    5.02
-200355.705    20.226    -4.05    5.28
-200066.312    20.656     1.49    5.45
-199776.920    21.174     1.79    5.76
-199487.529    21.899     2.51    6.02
-199198.138    22.681     2.70    5.83
-198908.748    24.384     5.89    4.84
-198619.360    25.984     5.53    3.32
-198329.972    26.713     2.52    3.00
-198040.585    27.001     1.00    3.13
-197751.199    27.563     1.94    3.09
-197461.814    28.329     2.65    2.84
-197172.430    28.834     1.75    2.78
-196883.046    29.234     1.38    2.58
-196593.664    29.565     1.14    2.66
-196304.282    30.234     2.31    2.41
-196014.901    30.451     0.75    2.45
-195725.521    30.668     0.75    2.47
-195436.142    30.656    -0.04    2.38
-195146.764    30.120    -1.85    2.55
-194857.387    29.829    -1.00    2.58
-194568.010    29.594    -0.81    2.40
-194278.635    29.127    -1.61    2.19
-193989.260    28.801    -1.13    1.93
-193699.886    28.222    -2.00    2.13
-193410.513    28.134    -0.30    2.07
-193121.141    28.425     1.00    2.34
-192831.770    28.181    -0.84    2.24
-192542.399    28.476     1.02    2.37
-192253.030    29.088     2.11    2.47
-191963.661    29.713     2.16    2.46
-191674.293    30.534     2.84    2.35
-191384.926    30.881     1.20    2.31
-191095.560    31.312     1.49    1.99
-190806.195    31.415     0.36    2.05
-190516.831    31.518     0.35    2.13
-190227.467    31.137    -1.32    2.42
-189938.104    30.798    -1.17    2.63
-189648.742    30.398    -1.38    2.49
-189359.381    30.212    -0.64    2.32
-189070.021    30.050    -0.56    2.22
-188780.662    30.068     0.06    2.17
-188491.303    30.097     0.10    2.67
-188201.945    30.198     0.35    2.96
-187912.589    29.967    -0.80    2.89
-187623.233    30.018     0.18    2.83
-187333.877    30.208     0.66    2.79
-187044.523    30.542     1.15    2.60
-186755.169    30.674     0.46    2.78
-186465.817    31.191     1.79    2.60
-186176.465    31.415     0.77    2.42
-185887.114    31.401    -0.05    2.00
-185597.764    31.368    -0.12    2.04
-185308.414    31.019    -1.21    2.40
-185019.066    30.251    -2.65    3.13
-184729.718    29.538    -2.46    3.16
-184440.371    29.312    -0.78    3.28
-184151.025    28.651    -2.28    3.46
-183861.680    27.560    -3.77    3.64
-183572.335    26.656    -3.12    4.00
-183282.992    26.127    -1.83    3.95
-182993.649    25.364    -2.64    3.88
-182704.307    24.933    -1.49    3.82
-182414.966    24.551    -1.32    3.95
-182125.625    24.742     0.66    3.90
-181836.286    24.674    -0.24    3.87
-181546.947    24.651    -0.08    3.99
-181257.609    24.300    -1.21    3.87
-180968.272    23.476    -2.85    3.99
-180678.936    22.357    -3.87    4.25
-180389.600    21.340    -3.51    4.59
-180100.265    19.674    -5.76    4.83
-179810.931    18.432    -4.29    4.26
-179521.598    16.901    -5.29    3.14
-179232.266    16.467    -1.50    2.72
-178942.934    16.296    -0.59    2.55
-178653.604    16.451     0.54    2.54
-178364.274    16.844     1.36    2.07
-178074.945    17.255     1.42    1.99
-177785.616    17.588     1.15    2.01
-177496.289    17.918     1.14    1.80
-177206.962    18.035     0.41    1.88
-176917.636    18.001    -0.12    1.63
-176628.311    18.105     0.36    1.76
-176338.986    18.198     0.32    1.80
-176049.663    18.205     0.02    1.93
-175760.340    18.052    -0.53    2.12
-175471.018    18.134     0.28    2.19
-175181.696    18.139     0.02    2.25
-174892.376    18.359     0.76    2.26
-174603.056    18.051    -1.07    2.25
-174313.737    18.191     0.48    2.25
-174024.419    18.318     0.44    2.30
-173735.102    18.708     1.35    2.04
-173445.785    18.639    -0.24    2.13
-173156.469    18.726     0.30    2.02
-172867.154    18.812     0.30    2.04
-172577.840    18.574    -0.82    2.19
-172288.526    18.243    -1.15    1.99
-171999.214    17.691    -1.91    2.22
-171709.902    17.734     0.15    2.09
-171420.591    17.137    -2.07    2.66
-171131.280    16.629    -1.75    2.65
-170841.970    16.137    -1.70    2.61
-170552.661    15.933    -0.70    2.38
-170263.353    15.844    -0.31    2.38
-169974.046    15.864     0.07    2.65
-169684.739    15.933     0.24    2.60
-169395.433    16.468     1.85    2.18
-169106.128    16.758     1.01    2.18
-168816.824    16.877     0.41    2.07
-168527.520    16.950     0.25    2.14
-168238.217    17.107     0.54    2.21
-167948.915    17.460     1.22    2.18
-167659.614    17.534     0.26    2.12
-167370.313    17.760     0.78    2.02
-167081.013    18.086     1.13    1.99
-166791.714    18.195     0.38    2.01
-166502.416    17.534    -2.28    2.63
-166213.118    17.434    -0.35    2.71
-165923.821    17.468     0.12    2.66
-165634.525    17.205    -0.91    2.58
-165345.229    17.037    -0.58    2.50
-165055.935    17.035    -0.01    2.35
-164766.641    16.967    -0.24    1.98
-164477.347    16.886    -0.28    1.65
-164188.055    16.801    -0.29    1.82
-163898.763    16.809     0.03    1.87
-163609.472    16.812     0.01    1.88
-163320.182    16.398    -1.43    2.24
-163030.892    16.201    -0.68    2.55
-162741.603    16.069    -0.46    2.61
-162452.315    15.510    -1.93    2.71
-162163.028    14.898    -2.11    2.74
-161873.741    14.756    -0.49    2.76
-161584.455    14.301    -1.57    2.55
-161295.170    14.484     0.63    2.45
-161005.885    14.823     1.17    2.61
-160716.602    15.208     1.33    2.63
-160427.318    15.501     1.01    2.48
-160138.036    15.408    -0.32    2.59
-159848.754    15.760     1.22    2.59
-159559.474    16.083     1.11    2.55
-159270.193    16.312     0.79    2.51
-158980.914    16.501     0.66    2.72
-158691.635    16.760     0.89    2.80
-158402.357    15.967    -2.74    4.49
-158113.079    13.651    -8.01    6.73
-157823.803    11.450    -7.61    7.93
-157534.527    10.068    -4.78    7.62
-157245.252     9.877    -0.66    7.32
-156955.977     9.795    -0.29    6.93
-156666.703    10.301     1.75    6.17
-156377.430    11.551     4.32    6.35
-156088.157    13.919     8.19    6.02
-155798.886    15.877     6.77    4.52
-155509.615    17.364     5.14    4.19
-155220.344    18.001     2.21    4.01
-154931.074    18.001    -0.00    3.99
-154641.805    18.869     3.00    4.40
-154352.537    19.846     3.38    4.25
-154063.269    20.751     3.13    4.31
-153774.003    21.528     2.69    4.33
-153484.736    22.201     2.33    4.19
-153195.471    23.120     3.18    4.06
-152906.206    23.432     1.08    3.94
-152616.942    22.527    -3.13    3.67
-152327.678    22.784     0.89    3.65
-152038.415    22.951     0.58    3.94
-151749.153    23.364     1.43    4.27
-151459.892    22.751    -2.12    4.60
-151170.631    23.001     0.86    5.26
-150881.371    23.142     0.49    5.46
-150592.111    22.768    -1.29    6.05
-150302.852    22.295    -1.64    6.61
-150013.594    21.820    -1.64    6.95
-149724.337    21.284    -1.85    6.80
-149435.080    19.915    -4.73    6.54
-149145.824    18.881    -3.58    6.07
-148856.569    18.056    -2.85    5.64
-148567.314    17.801    -0.88    5.48
-148278.060    16.866    -3.23    4.85
-147988.806    15.884    -3.39    4.73
-147699.553    15.174    -2.46    4.52
-147410.301    14.806    -1.27    4.39
-147121.050    14.434    -1.28    3.74
-146831.799    14.001    -1.50    3.13
-146542.549    13.784    -0.75    2.80
-146253.299    13.764    -0.07    2.47
-145964.051    13.881     0.40    2.34
-145674.802    14.139     0.89    2.30
-145385.555    14.570     1.49    2.55
-145096.308    14.935     1.26    2.40
-144806.971    15.260     1.12    2.39
-144517.587    15.329     0.24    2.37
-144228.204    15.639     1.07    2.29
-143938.821    15.846     0.71    2.19
-143649.439    15.807    -0.14    2.02
-143360.058    15.883     0.26    1.83
-143070.678    15.884     0.01    1.60
-142781.298    16.160     0.95    1.57
-142491.918    16.295     0.47    1.71
-142202.540    16.518     0.77    1.77
-141913.162    16.679     0.56    1.77
-141623.784    17.017     1.17    1.97
-141334.407    17.216     0.69    2.06
-141045.031    17.467     0.87    2.10
-140755.656    17.686     0.76    2.01
-140466.281    17.933     0.85    1.90
-140176.906    18.034     0.35    1.75
-139887.533    18.277     0.84    1.76
-139598.160    18.284     0.02    1.74
-139308.787    18.282    -0.01    1.81
-139019.416    18.238    -0.15    1.83
-138730.045    18.034    -0.71    2.07
-138440.674    18.151     0.40    2.28
-138151.304    17.784    -1.27    2.41
-137861.935    17.915     0.45    2.43
-137572.566    17.730    -0.64    2.51
-137283.198    17.588    -0.49    2.70
-136993.831    17.645     0.20    2.45
-136704.464    17.818     0.60    2.45
-136415.098    17.774    -0.15    2.60
-136125.732    17.618    -0.54    2.39
-135836.367    17.898     0.97    2.12
-135547.003    17.951     0.18    2.21
-135257.639    18.134     0.63    2.08
-134968.276    17.883    -0.87    2.19
-134678.913    17.708    -0.60    2.10
-134389.552    17.581    -0.44    2.26
-134100.190    17.279    -1.04    2.38
-133810.829    17.001    -0.96    2.50
-133521.469    16.574    -1.47    2.33
-133232.110    15.679    -3.09    3.09
-132942.751    14.734    -3.27    4.03
-132653.393    13.818    -3.17    4.44
-132364.035    13.760    -0.20    4.10
-132074.678    13.351    -1.41    4.34
-131785.321    13.432     0.28    4.00
-131495.965    13.484     0.18    4.05
-131206.610    13.536     0.18    3.74
-130917.255    13.829     1.01    3.01
-130627.901    13.886     0.20    2.72
-130338.547    13.726    -0.55    2.65
-130049.194    13.628    -0.34    2.57
-129759.842    13.364    -0.92    2.48
-129470.490    13.191    -0.60    3.33
-129181.138    11.904    -4.45    4.73
-128891.788    11.134    -2.66    5.62
-128602.438    10.542    -2.05    6.03
-128313.088     9.581    -3.32    6.35
-128023.739     9.536    -0.15    6.16
-127734.391     9.594     0.20    6.20
-127445.043     8.730    -2.99    6.12
-127155.696     8.184    -1.89    6.11
-126866.349     8.657     1.63    5.93
-126577.003     9.950     4.47    5.56
-126287.657     9.019    -3.22    6.30
-125998.312     8.151    -3.00    6.90
-125708.968     7.706    -1.54    7.25
-125419.624     8.932     4.24    7.70
-125130.281     8.967     0.12    8.40
-124840.938     7.809    -4.00    8.59
-124551.596     6.883    -3.20    8.39
-124262.254     7.984     3.81    8.23
-123972.913     9.134     3.97    8.12
-123683.573    10.101     3.34    7.97
-123394.233    11.107     3.48    7.53
-123104.894    13.984     9.94    5.83
-122815.555    15.605     5.60    2.73
-122526.217    15.427    -0.62    2.76
-122236.879    15.115    -1.08    2.69
-121947.542    14.370    -2.58    3.10
-121658.205    13.708    -2.29    3.00
-121368.869    13.306    -1.39    2.78
-121079.533    13.178    -0.44    2.96
-120790.199    13.544     1.26    3.51
-120500.864    14.051     1.75    3.43
-120211.530    14.432     1.32    3.52
-119922.197    14.879     1.54    3.34
-119632.864    15.205     1.13    3.17
-119343.532    15.950     2.58    2.79
-119054.200    16.807     2.96    2.84
-118764.869    17.260     1.57    2.97
-118475.538    18.270     3.49    4.15
-118186.208    19.915     5.69    5.08
-117896.878    20.657     2.56    5.24
-117607.549    22.181     5.27    5.84
-117318.221    23.657     5.10    5.91
-117028.893    24.639     3.40    5.93
-116739.565    25.243     2.09    6.13
-116450.238    26.346     3.81    5.89
-116160.912    28.201     6.41    5.00
-115871.586    29.760     5.39    4.08
-115582.261    30.751     3.42    2.40
-115292.936    30.645    -0.37    3.28
-115003.611    30.088    -1.93    4.30
-114714.288    29.318    -2.66    5.02
-114424.964    29.084    -0.81    5.22
-114135.642    28.679    -1.40    5.23
-113846.319    28.663    -0.06    5.18
-113556.997    29.191     1.83    4.75
-113267.676    30.171     3.39    3.76
-112978.355    30.679     1.76    3.28
-112689.035    31.018     1.17    2.89
-112399.716    30.898    -0.41    3.30
-112110.396    30.984     0.30    3.50
-111821.078    30.756    -0.79    3.76
-111531.759    30.201    -1.92    4.35
-111242.442    30.051    -0.52    4.73
-110953.124    28.984    -3.69    4.95
-110663.808    28.634    -1.21    5.39
-110374.492    27.881    -2.60    5.50
-110085.176    26.398    -5.13    5.62
-109795.861    25.815    -2.02    5.22
-109506.546    25.035    -2.69    5.08
-109217.232    23.328    -5.90    6.74
-108927.918    20.896    -8.41    7.19
-108638.605    20.051    -2.92    7.38
-108349.292    18.932    -3.87    7.56
-108059.980    18.662    -0.94    7.42
-107770.668    18.051    -2.11    7.24
-107481.357    17.747    -1.05    7.66
-107192.046    18.019     0.94    7.17
-106902.736    18.306     0.99    6.94
-106613.426    18.968     2.29    6.84
-106324.116    19.899     3.22    6.08
-106034.807    20.468     1.96    5.70
-105745.499    20.019    -1.55    5.81
-105456.191    19.984    -0.12    5.73
-105166.884    19.818    -0.58    5.80
-104877.577    19.674    -0.50    5.51
-104588.270    19.251    -1.46    4.70
-104298.964    18.289    -3.32    4.80
-104009.659    17.260    -3.56    4.21
-103720.354    16.864    -1.37    3.93
-103431.049    16.967     0.36    4.54
-103141.745    17.837     3.01    4.93
-102852.441    18.570     2.54    5.14
-102563.138    19.764     4.13    5.27
-102273.835    20.777     3.50    5.03
-101984.533    21.288     1.76    4.96
-101695.231    21.525     0.82    4.35
-101405.930    21.751     0.78    4.03
-101116.629    21.640    -0.38    4.17
-100827.328    21.546    -0.33    4.46
-100538.028    21.984     1.52    4.84
-100248.729    22.815     2.87    5.10
 -99959.430    24.459     5.68    4.60
 -99670.131    25.651     4.12    3.75
 -99380.833    26.019     1.27    3.39
 -99091.535    26.450     1.49    2.98
 -98802.238    26.019    -1.49    3.14
 -98512.941    24.883    -3.93    5.58
 -98223.645    22.408    -8.55    8.08
 -97934.349    20.812    -5.52    8.32
 -97645.053    19.086    -5.97    8.22
 -97355.758    19.002    -0.29    8.50
 -97066.464    18.868    -0.47    8.34
 -96777.170    18.738    -0.45    8.60
 -96487.876    19.747     3.49    8.37
 -96198.583    21.834     7.22    6.63
 -95909.290    22.127     1.01    7.37
 -95619.997    21.933    -0.67    7.09
 -95330.705    22.450     1.78    7.00
 -95041.414    23.340     3.08    6.50
 -94752.123    23.887     1.89    5.84
 -94462.832    24.698     2.80    4.93
 -94173.542    24.351    -1.20    5.72
 -93884.252    23.448    -3.12    6.59
 -93594.962    22.016    -4.95    6.65
 -93305.673    19.534    -8.58    8.28
 -93016.385    18.201    -4.61    8.44
 -92727.097    17.450    -2.60    8.01
 -92437.809    17.511     0.21    7.60
 -92148.522    17.351    -0.55    7.11
 -91859.235    17.493     0.49    5.93
 -91569.948    18.033     1.87    5.71
 -91280.662    18.634     2.08    3.66
 -90991.377    18.359    -0.95    3.20
 -90702.091    18.205    -0.53    3.51
 -90412.806    17.588    -2.13    3.29
 -90123.522    17.542    -0.16    3.47
 -89834.238    17.493    -0.17    3.44
 -89544.954    16.864    -2.17    2.87
 -89255.671    16.777    -0.30    2.71
 -88966.389    17.122     1.19    2.96
 -88677.106    16.919    -0.70    3.31
 -88387.824    17.052     0.46    3.28
 -88098.543    16.901    -0.52    3.65
 -87809.261    16.846    -0.19    3.67
 -87519.981    16.879     0.11    3.85
 -87230.700    17.017     0.48    3.67
 -86941.420    16.668    -1.21    3.58
 -86652.141    16.706     0.13    3.23
 -86362.862    16.458    -0.86    3.10
 -86073.583    16.432    -0.09    3.16
 -85784.304    16.001    -1.49    3.95
 -85495.026    15.726    -0.95    4.53
 -85205.749    15.689    -0.13    4.69
 -84916.472    15.243    -1.54    4.81
 -84627.195    15.415     0.60    5.30
 -84337.918    15.335    -0.28    5.30
 -84048.642    15.815     1.66    5.08
 -83759.367    16.492     2.34    4.32
 -83470.091    17.708     4.20    2.63
 -83180.816    18.137     1.48    2.52
 -82891.542    18.520     1.32    2.46
 -82602.232    18.501    -0.06    2.64
 -82312.876    18.468    -0.12    2.47
 -82023.520    18.476     0.03    2.45
 -81734.165    18.148    -1.13    2.58
 -81444.810    17.609    -1.86    2.94
 -81155.456    17.188    -1.46    2.75
 -80866.102    17.594     1.41    2.75
 -80576.748    17.768     0.60    2.71
 -80287.395    17.565    -0.70    3.21
 -79998.042    16.932    -2.19    3.59
 -79708.689    17.384     1.56    3.89
 -79419.337    17.806     1.46    3.50
 -79129.985    17.607    -0.69    3.44
 -78840.633    17.645     0.13    3.88
 -78551.282    17.510    -0.47    4.04
 -78261.931    17.674     0.57    3.69
 -77972.581    17.335    -1.17    3.58
 -77683.231    17.101    -0.81    3.45
 -77393.881    17.019    -0.28    3.30
 -77104.532    16.134    -3.06    4.86
 -76815.183    13.551    -8.93    6.96
 -76525.834    10.739    -9.72    8.31
 -76236.485     8.171    -8.87    8.63
 -75947.137     5.519    -9.17    8.12
 -75657.790     4.851    -2.31    7.67
 -75368.443     5.398     1.89    8.01
 -75079.096     7.451     7.09    8.24
 -74789.749    10.053     8.99    7.99
 -74500.403    12.306     7.78    6.86
 -74211.057    13.696     4.81    5.17
 -73921.711    14.501     2.78    4.07
 -73632.366    14.279    -0.77    3.77
 -73343.021    13.657    -2.15    3.58
 -73053.676    13.538    -0.41    3.23
 -72764.332    13.451    -0.30    3.14
 -72474.988    13.191    -0.90    2.86
 -72185.645    12.918    -0.95    2.50
 -71896.302    13.107     0.65    2.04
 -71606.959    13.070    -0.13    2.12
 -71317.616    13.001    -0.24    2.31
 -71028.274    13.450     1.55    2.62
 -70738.932    13.607     0.54    2.70
 -70449.590    13.726     0.41    2.69
 -70160.249    14.001     0.95    2.66
 -69870.908    13.823    -0.61    2.65
 -69581.567    13.764    -0.21    2.25
 -69292.227    13.404    -1.25    2.07
 -69002.887    13.154    -0.86    1.89
 -68713.547    13.069    -0.29    1.84
 -68424.208    13.072     0.01    1.81
 -68134.869    12.674    -1.38    1.88
 -67845.530    12.357    -1.09    2.05
 -67556.192    12.118    -0.83    1.96
 -67266.854    11.726    -1.35    2.02
 -66977.516    11.270    -1.58    2.03
 -66688.178    11.018    -0.87    1.83
 -66398.841    11.335     1.10    1.88
 -66109.504    11.886     1.90    2.01
 -65820.168    12.434     1.90    2.45
 -65530.832    12.915     1.66    2.49
 -65241.496    13.527     2.11    2.18
 -64952.160    13.668     0.49    1.97
 -64662.825    13.551    -0.41    2.28
 -64373.490    13.151    -1.38    2.03
 -64084.155    12.968    -0.63    2.08
 -63794.820    12.730    -0.82    1.89
 -63505.486    12.335    -1.36    1.92
 -63216.152    12.035    -1.04    1.80
 -62926.819    11.950    -0.29    1.52
 -62637.485    11.214    -2.54    2.85
 -62348.152     9.751    -5.06    4.04
 -62058.820     8.704    -3.62    4.70
 -61769.487     8.398    -1.06    5.07
 -61480.155     8.415     0.06    5.27
 -61190.823     8.318    -0.34    5.59
 -60901.492     8.493     0.61    5.86
 -60612.160     9.137     2.23    6.26
 -60322.829     9.915     2.69    6.33
 -60033.499    10.686     2.66    6.11
 -59744.168    11.591     3.13    6.18
 -59454.838    12.118     1.82    5.74
 -59165.508    13.000     3.05    4.69
 -58876.178    14.450     5.01    2.60
 -58586.849    14.432    -0.06    2.61
 -58297.520    14.764     1.15    2.48
 -58008.191    14.570    -0.67    2.44
 -57718.863    14.509    -0.21    2.47
 -57429.534    14.243    -0.92    2.46
 -57140.206    14.139    -0.36    2.65
 -56850.879    14.277     0.48    2.57
 -56561.551    14.105    -0.60    2.73
 -56272.224    14.099    -0.02    2.72
 -55982.897    14.432     1.15    2.66
 -55693.570    14.451     0.06    2.64
 -55404.244    14.091    -1.24    2.89
 -55114.918    14.103     0.04    2.78
 -54825.592    14.033    -0.24    2.71
 -54536.266    14.035     0.01    2.60
 -54246.941    13.818    -0.75    2.49
 -53957.616    13.756    -0.21    2.34
 -53668.291    14.191     1.50    2.28
 -53378.966    14.781     2.04    2.23
 -53089.642    15.101     1.11    2.27
 -52800.317    15.129     0.10    2.20
 -52510.994    15.105    -0.08    2.44
 -52221.670    15.234     0.45    2.28
 -51932.347    15.247     0.05    1.94
 -51643.023    15.268     0.07    1.93
 -51353.700    15.137    -0.45    1.86
 -51064.378    15.277     0.49    1.90
 -50775.055    15.764     1.68    1.85
 -50485.733    15.967     0.70    1.72
 -50196.411    16.268     1.04    1.67
 -49907.089    16.484     0.75    1.60
 -49617.768    16.634     0.52    1.86
 -49328.447    17.201     1.96    2.08
 -49039.126    17.581     1.31    2.22
 -48749.805    17.751     0.59    2.40
 -48460.484    18.553     2.77    2.66
 -48171.164    19.218     2.30    2.63
 -47881.844    19.967     2.59    2.66
 -47592.524    19.877    -0.31    2.63
 -47303.204    20.243     1.26    2.75
 -47013.885    20.431     0.65    3.17
 -46724.565    19.751    -2.35    3.60
 -46435.246    19.035    -2.47    3.54
 -46145.928    18.501    -1.85    3.55
 -45856.609    17.812    -2.38    3.19
 -45567.291    17.826     0.05    3.05
 -45277.973    17.696    -0.45    2.66
 -44988.655    17.052    -2.23    2.37
 -44699.337    17.081     0.10    2.54
 -44410.019    16.864    -0.75    2.66
 -44120.702    16.570    -1.01    2.75
 -43831.385    16.536    -0.12    2.89
 -43542.068    16.829     1.01    2.69
 -43252.752    17.345     1.78    2.87
 -42963.435    18.036     2.39    2.72
 -42674.119    18.622     2.03    2.59
 -42384.803    18.777     0.54    2.40
 -42095.487    19.035     0.89    2.15
 -41806.171    18.684    -1.21    2.12
 -41516.856    18.295    -1.35    2.26
 -41227.541    17.734    -1.94    2.53
 -40938.226    17.806     0.25    2.58
 -40648.911    17.312    -1.71    2.56
 -40359.596    17.251    -0.21    2.60
 -40070.282    17.154    -0.34    2.46
 -39780.967    17.701     1.89    2.69
 -39491.653    18.056     1.23    2.54
 -39202.339    17.760    -1.02    2.43
 -38913.026    17.639    -0.42    2.38
 -38623.712    17.568    -0.25    2.13
 -38334.399    17.640     0.25    2.12
 -38045.086    17.795     0.53    1.88
 -37755.773    17.968     0.60    1.94
 -37466.460    17.967    -0.00    2.00
 -37177.147    17.918    -0.17    2.48
 -36887.835    17.730    -0.65    2.62
 -36598.522    17.726    -0.02    3.09
 -36309.210    17.768     0.15    3.68
 -36019.898    17.901     0.46    3.59
 -35730.587    18.238     1.17    3.60
 -35441.275    18.691     1.56    3.06
 -35151.964    18.544    -0.51    2.61
 -34862.653    18.284    -0.90    2.55
 -34573.342    17.932    -1.22    1.95
 -34284.031    17.584    -1.20    2.15
 -33994.720    17.122    -1.60    2.23
 -33705.409    16.738    -1.33    2.34
 -33416.099    16.368    -1.28    2.27
 -33126.789    15.915    -1.56    2.12
 -32837.479    15.812    -0.36    2.18
 -32548.169    15.948     0.47    2.15
 -32258.859    16.001     0.18    2.05
 -31969.549    15.868    -0.46    2.13
 -31680.240    14.318    -5.36    4.80
 -31390.931    13.415    -3.12    5.66
 -31101.622    13.395    -0.07    5.73
 -30812.313    13.768     1.29    6.03
 -30523.004    14.691     3.19    6.41
 -30233.695    15.134     1.53    6.61
 -29944.387    16.103     3.35    6.16
 -29655.078    18.122     6.98    3.73
 -29365.770    18.036    -0.30    3.86
 -29076.462    17.019    -3.52    4.13
 -28787.154    16.001    -3.52    3.99
 -28497.846    15.295    -2.44    3.48
 -28208.539    15.611     1.09    3.09
 -27919.231    14.932    -2.35    2.56
 -27629.924    14.493    -1.52    2.16
 -27340.616    14.097    -1.37    1.99
 -27051.309    14.251     0.53    1.84
 -26762.002    14.468     0.75    1.80
 -26472.695    14.177    -1.00    1.76
 -26183.389    14.070    -0.37    1.81
 -25894.082    14.018    -0.18    1.68
 -25604.776    14.035     0.06    1.62
 -25315.469    13.934    -0.35    1.58
 -25026.163    14.036     0.35    1.79
 -24736.857    14.450     1.43    2.01
 -24447.551    14.795     1.19    1.99
 -24158.245    15.084     1.00    2.65
 -23868.940    15.510     1.47    2.98
 -23579.634    16.243     2.53    3.12
 -23290.329    16.679     1.51    3.31
 -23001.023    16.844     0.57    3.66
 -22711.718    17.103     0.90    3.84
 -22422.413    17.518     1.43    3.94
 -22133.108    17.984     1.61    3.94
 -21843.803    18.684     2.42    3.77
 -21554.498    19.091     1.41    3.73
 -21265.194    18.493    -2.07    4.83
 -20975.889    16.105    -8.25    7.94
 -20686.585    14.103    -6.92    9.42
 -20397.276    11.148   -10.21    9.83
 -20107.950     9.668    -5.11    9.35
 -19818.625     9.518    -0.52    9.12
 -19529.299    10.681     4.02    9.15
 -19239.974    12.839     7.46    8.76
 -18950.648    16.134    11.39    6.58
 -18661.323    18.171     7.04    3.91
 -18371.998    18.812     2.22    3.03
 -18082.673    18.791    -0.07    3.48
 -17793.348    18.544    -0.86    3.68
 -17504.023    18.238    -1.05    3.88
 -17214.699    18.345     0.37    4.29
 -16925.374    16.801    -5.34    6.52
 -16636.049    16.216    -2.02    7.00
 -16346.725    15.357    -2.97    7.54
 -16057.401    15.381     0.08    7.55
 -15768.076    15.230    -0.52    7.91
 -15478.752    15.053    -0.61    7.75
 -15189.428    16.743     5.84    6.45
 -14900.104    16.984     0.83    6.02
 -14610.780    16.864    -0.42    6.05
 -14321.456    16.378    -1.68    6.08
 -14032.132    17.001     2.16    5.14
 -13742.809    17.611     2.11    3.96
 -13453.485    17.795     0.63    3.65
 -13164.161    17.588    -0.72    3.87
 -12874.838    17.804     0.75    4.35
 -12585.515    17.451    -1.22    5.11
 -12296.191    16.268    -4.09    6.22
 -12006.868    15.844    -1.46    6.69
 -11717.545    15.829    -0.05    7.47
 -11428.222    15.568    -0.90    7.66
 -11138.899    15.381    -0.65    8.08
 -10849.576    16.134     2.60    8.07
 -10560.253    17.519     4.79    7.24
 -10270.930    19.553     7.03    4.88
  -9981.607    19.054    -1.72    5.43
  -9692.284    18.730    -1.12    5.63
  -9402.962    18.451    -0.96    5.63
  -9113.639    17.484    -3.34    5.86
  -8824.316    17.120    -1.26    6.13
  -8534.994    15.591    -5.28    7.63
  -8245.671    13.881    -5.91    8.54
  -7956.349    10.815   -10.60    9.59
  -7667.027     7.484   -11.51    8.69
  -7377.704     5.328    -7.45    8.06
  -7088.382     3.145    -7.55    6.40
  -6799.060     1.222    -6.65    4.40
  -6509.738     0.036    -4.10    0.39
  -6220.415    -0.016    -0.18    0.00
  -5931.093    -0.016     0.00    0.00
  -5641.771    -0.016     0.00    0.00
  -5352.449    -0.016     0.00    0.00
  -5063.127    -0.016     0.00    0.00
  -4773.805    -0.016     0.00    0.00
  -4484.484    -0.016     0.00    0.00
  -4195.162    -0.016     0.00    0.00
  -3905.840    -0.016     0.00    0.00
  -3616.518    -0.016     0.00    0.00
  -3327.196    -0.016     0.00    0.00
  -3037.875    -0.016     0.00    0.00
  -2748.553    -0.016     0.00    0.00
  -2459.231    -0.016     0.00    0.00
  -2169.910    -0.016     0.00    0.00
  -1880.588    -0.016     0.00    0.00
  -1591.267    -0.016     0.00    0.00
  -1301.945    -0.016     0.00    0.00
  -1012.624    -0.016     0.00    0.00
   -723.302    -0.016     0.00    0.00
   -433.981    -0.016     0.00    0.00
   -144.659    -0.016     0.00    0.00
    144.662    -0.016     0.00    0.00
    433.984    -0.016     0.00    0.00
    723.305    -0.016     0.00    0.00
   1012.627    -0.016     0.00    0.00
   1301.948    -0.016     0.00    0.00
   1591.269    -0.016     0.00    0.00
   1880.591    -0.016     0.00    0.00
   2169.912    -0.016     0.00    0.00
   2459.234    -0.016     0.00    0.00
   2748.555    -0.016     0.00    0.00
   3037.876    -0.016     0.00    0.00
   3327.198    -0.016     0.00    0.00
   3616.519    -0.016     0.00    0.00
   3905.840    -0.016     0.00    0.00
   4195.162    -0.016     0.00    0.00
   4484.483    -0.016     0.00    0.00
   4773.804    -0.016     0.00    0.00
   5063.126    -0.016     0.00    0.00
   5352.447    -0.016     0.00    0.00
   5641.768    -0.016     0.00    0.00
   5931.090    -0.016     0.00    0.00
   6220.411     1.501     5.24    4.85
   6509.732     5.301    13.13    9.33
   6799.054     8.544    11.21   10.91
   7088.375    12.500    13.68   11.31
   7377.697    15.948    11.92   10.61
   7667.018    19.551    12.45    8.18
   7956.340    22.388     9.81    5.95
   8245.661    22.542     0.53    4.91
   8534.982    22.869     1.13    4.44
   8824.304    23.450     2.01    4.04
   9113.626    23.120    -1.14    4.17
   9402.947    22.234    -3.06    4.47
   9692.269    21.935    -1.03    4.06
   9981.590    21.001    -3.23    4.75
  10270.912    20.134    -3.00    5.46
  10560.234    19.560    -1.98    5.31
  10849.555    19.466    -0.33    5.37
  11138.877    19.295    -0.59    5.60
  11428.199    19.260    -0.12    5.58
  11717.520    19.751     1.70    5.44
  12006.842    20.560     2.80    5.09
  12296.164    21.651     3.77    4.01
  12585.486    22.329     2.34    2.84
  12874.808    22.588     0.89    2.30
  13164.130    22.368    -0.76    2.26
  13453.452    22.329    -0.13    2.80
  13742.774    21.668    -2.29    3.36
  14032.096    21.881     0.74    3.58
  14321.418    21.966     0.30    3.21
  14610.740    21.151    -2.82    3.72
  14900.063    19.968    -4.09    4.52
  15189.385    19.629    -1.17    4.56
  15478.707    19.657     0.09    4.56
  15768.030    19.967     1.07    4.55
  16057.352    20.289     1.11    4.35
  16346.675    20.708     1.45    4.34
  16635.997    21.214     1.75    4.49
  16925.320    21.605     1.35    3.79
  17214.642    22.157     1.91    3.17
  17503.965    22.208     0.18    2.00
  17793.288    22.036    -0.60    2.05
  18082.611    21.734    -1.04    2.14
  18371.934    21.105    -2.18    2.16
  18661.256    20.560    -1.88    2.16
  18950.579    20.591     0.11    2.14
  19239.903    20.384    -0.72    2.13
  19529.226    20.279    -0.36    2.16
  19818.549    20.594     1.09    2.07
  20107.872    21.035     1.52    2.00
  20397.196    21.037     0.01    2.10
  20686.519    21.346     1.07    2.14
  20975.843    21.493     0.51    2.07
  21265.166    21.801     1.07    2.19
  21554.490    21.936     0.47    2.43
  21843.814    21.791    -0.50    2.38
  22133.137    21.751    -0.14    2.63
  22422.461    21.809     0.20    2.78
  22711.785    22.051     0.84    2.80
  23001.109    22.001    -0.17    2.93
  23290.433    21.432    -1.97    3.58
  23579.758    19.425    -6.94    5.95
  23869.082    17.198    -7.70    6.91
  24158.406    15.234    -6.79    7.34
  24447.731    11.527   -12.81    7.24
  24737.055     9.001    -8.73    6.27
  25026.380     6.601    -8.30    4.74
  25315.705     4.932    -5.77    2.61
  25605.030     4.035    -3.10    1.31
  25894.355     3.829    -0.71    0.93
  26183.680     3.916     0.30    0.91
  26473.005     3.815    -0.35    1.12
  26762.330     3.829     0.05    1.24
  27051.655     3.846     0.06    1.25
  27340.981     4.247     1.39    2.00
  27630.306     4.801     1.91    3.64
  27919.632     5.594     2.74    4.15
  28208.958     7.568     6.82    5.83
  28498.284     9.139     5.43    6.20
  28787.609     9.826     2.37    5.44
  29076.936    10.801     3.37    6.62
  29366.262     8.934    -6.45    7.15
  29655.588     7.361    -5.44    7.26
  29944.914     5.054    -7.97    6.79
  30234.241     3.329    -5.96    5.63
  30523.568     2.226    -3.81    4.17
  30812.894     2.122    -0.36    4.14
  31102.221     2.755     2.19    4.35
  31391.548     3.312     1.93    4.53
  31680.875     3.812     1.73    4.75
  31970.203     3.312    -1.73    4.63
  32259.530     2.684    -2.17    4.33
  32548.857     2.234    -1.56    4.23
  32838.185     1.760    -1.64    3.99
  33127.513     1.551    -0.72    4.42
  33416.841     0.806    -2.58    3.64
  33706.168     0.674    -0.46    3.52
  33995.497     0.001    -2.33    0.13
  34284.825    -0.016    -0.06    0.00
  34574.153    -0.016     0.00    0.00
  34863.482    -0.016     0.00    0.00
  35152.810    -0.016     0.00    0.00
  35442.139    -0.016     0.00    0.00
  35731.468    -0.016     0.00    0.00
  36020.797    -0.016     0.00    0.00
  36310.126    -0.016     0.00    0.00
  36599.456    -0.016     0.00    0.00
  36888.785    -0.016     0.00    0.00
  37178.115    -0.016     0.00    0.00
  37467.445    -0.016     0.00    0.00
  37756.774    -0.016     0.00    0.00
  38046.105    -0.016     0.00    0.00
  38335.435    -0.016     0.00    0.00
  38624.765    -0.016     0.00    0.00
  38914.096    -0.016     0.00    0.00
  39203.426    -0.016     0.00    0.00
  39492.757    -0.016     0.00    0.00
  39782.088    -0.016     0.00    0.00
  40071.419    -0.016     0.00    0.00
  40360.751    -0.016     0.00    0.00
  40650.082    -0.016     0.00    0.00
  40939.414    -0.016     0.00    0.00
  41228.745    -0.016     0.00    0.00
  41518.077    -0.016     0.00    0.00
  41807.409    -0.016     0.00    0.00
  42096.707    -0.016     0.00    0.00
  42386.003    -0.016     0.00    0.00
  42675.300    -0.016     0.00    0.00
  42964.598    -0.016     0.00    0.00
  43253.895    -0.016     0.00    0.00
  43543.192    -0.016     0.00    0.00
  43832.490    -0.016     0.00    0.00
  44121.788    -0.016     0.00    0.00
  44411.086    -0.016     0.00    0.00
  44700.384    -0.016     0.00    0.00
  44989.683    -0.016     0.00    0.00
  45278.981    -0.016     0.00    0.00
  45568.280    -0.016     0.00    0.00
  45857.579    -0.016     0.00    0.00
  46146.878    -0.016     0.00    0.00
  46436.177    -0.016     0.00    0.00
  46725.477    -0.016     0.00    0.00
  47014.776    -0.016     0.00    0.00
  47304.076    -0.016     0.00    0.00
  47593.376    -0.016     0.00    0.00
  47882.676    -0.016     0.00    0.00
  48171.977    -0.016     0.00    0.00
  48461.278    -0.016     0.00    0.00
  48750.578    -0.016     0.00    0.00
  49039.879    -0.016     0.00    0.00
  49329.181    -0.016     0.00    0.00
  49618.482    -0.016     0.00    0.00
  49907.784    -0.016     0.00    0.00
  50197.085    -0.016     0.00    0.00
  50486.387     0.001     0.06    0.13
  50775.690     0.864     2.98    3.93
  51064.992     2.718     6.41    7.11
  51354.295     4.458     6.02    8.90
  51643.597     6.306     6.39    9.97
  51932.900     8.901     8.97   11.06
  52222.204    11.818    10.08   11.13
  52511.507    14.601     9.62   10.71
  52800.811    16.588     6.87    9.85
  53090.115    18.306     5.94    8.37
  53379.419    19.588     4.43    6.73
  53668.723    20.784     4.14    5.16
  53958.028    20.884     0.35    4.94
  54247.332    20.633    -0.87    5.34
  54536.637    19.984    -2.24    5.71
  54825.943    18.019    -6.79    7.13
  55115.248    16.452    -5.42    7.58
  55404.554    13.851    -8.99    8.60
  55693.859    11.171    -9.26    8.82
  55983.166     8.588    -8.93    8.14
  56272.472     6.914    -5.78    7.13
  56561.778     6.425    -1.69    6.76
  56851.085     6.798     1.29    6.24
  57140.392     7.887     3.77    6.49
  57429.699     9.851     6.79    7.14
  57719.007    12.020     7.50    7.17
  58008.315    13.018     3.45    7.00
  58297.622    14.019     3.46    7.06
  58586.931    15.410     4.81    6.98
  58876.239    16.364     3.29    6.91
  59165.548    16.139    -0.77    6.76
  59454.857    14.932    -4.17    6.52
  59744.166    14.226    -2.44    6.27
  60033.475    13.525    -2.42    6.37
  60322.785    12.743    -2.70    6.34
  60612.095    11.351    -4.81    5.88
  60901.405     9.914    -4.97    5.18
  61190.715     9.829    -0.29    4.48
  61480.026    10.787     3.31    4.87
  61769.337    12.318     5.29    5.02
  62058.648    13.312     3.44    5.39
  62347.959    14.967     5.72    5.23
  62637.271    16.208     4.29    4.79
  62926.583    17.866     5.73    4.95
  63215.895    18.544     2.34    4.61
  63505.207    18.834     1.00    4.94
  63794.520    19.105     0.94    5.12
  64083.833    18.493    -2.12    5.80
  64373.146    17.896    -2.06    6.06
  64662.459    17.251    -2.23    5.79
  64951.773    16.689    -1.94    5.51
  65241.087    15.501    -4.11    5.64
  65530.401    14.967    -1.85    5.57
  65819.716    14.520    -1.55    5.22
  66109.031    13.510    -3.49    5.57
  66398.346    13.560     0.18    5.84
  66687.661    13.118    -1.53    5.84
  66976.977    12.984    -0.46    6.08
  67266.292    12.195    -2.73    5.90
  67555.609    12.815     2.14    6.04
  67844.925    12.622    -0.67    5.53
  68134.242    12.476    -0.51    5.08
  68423.559    11.542    -3.23    4.48
  68712.876    11.398    -0.50    4.07
  69002.194    12.191     2.74    3.87
  69291.511    12.234     0.15    4.05
  69580.830    12.533     1.03    4.56
  69870.148    12.560     0.10    4.72
  70159.467    12.510    -0.18    5.30
  70448.786    12.501    -0.03    5.73
  70738.105    11.704    -2.76    6.01
  71027.424    11.560    -0.49    5.60
  71316.744    11.070    -1.69    5.42
  71606.064    10.823    -0.86    5.17
  71895.385    10.381    -1.53    5.36
  72184.706    10.770     1.35    4.89
  72474.027    10.760    -0.03    5.53
  72763.348    10.708    -0.18    5.73
  73052.670    10.820     0.39    5.66
  73341.992    12.122     4.50    6.15
  73631.314    14.001     6.50    5.99
  73920.636    15.381     4.77    5.24
  74209.959    16.536     3.99    4.85
  74499.282    17.734     4.14    4.44
  74788.606    18.493     2.62    3.92
  75077.930    19.018     1.81    3.45
  75367.254    19.823     2.79    3.03
  75656.578    19.708    -0.40    3.30
  75945.903    20.018     1.07    3.32
  76235.228    19.442    -1.99    3.47
  76524.553    18.984    -1.58    4.12
  76813.879    18.288    -2.41    4.88
  77103.205    16.157    -7.37    6.38
  77392.531    14.679    -5.11    6.33
  77681.858    12.476    -7.62    7.11
  77971.185     9.801    -9.25    7.32
  78260.512     7.657    -7.41    6.99
  78549.840     4.662   -10.35    5.48
  78839.168     3.163    -5.18    5.02
  79128.496     1.301    -6.44    2.28
  79417.824     0.634    -2.30    1.33
  79707.153     0.312    -1.11    1.05
  79996.483     0.034    -0.96    0.39
  80285.812    -0.016    -0.17    0.00
  80575.142    -0.016     0.00    0.00
  80864.472    -0.016     0.00    0.00
  81153.803    -0.016     0.00    0.00
  81443.134    -0.016     0.00    0.00
  81732.465    -0.016     0.00    0.00
  82021.796    -0.016     0.00    0.00
  82311.128    -0.016     0.00    0.00
  82600.461    -0.016     0.00    0.00
  82889.793    -0.016     0.00    0.00
  83179.126    -0.016     0.00    0.00
  83468.460    -0.016     0.00    0.00
  83757.793    -0.016     0.00    0.00
  84047.127    -0.016     0.00    0.00
  84336.461    -0.016     0.00    0.00
  84625.796    -0.016     0.00    0.00
  84915.131    -0.016     0.00    0.00
  85204.467    -0.016     0.00    0.00
  85493.802    -0.016     0.00    0.00
  85783.138    -0.016     0.00    0.00
  86072.475    -0.016     0.00    0.00
  86361.812    -0.016     0.00    0.00
  86651.149    -0.016     0.00    0.00
  86940.486    -0.016     0.00    0.00
  87229.824    -0.016     0.00    0.00
  87519.163    -0.016     0.00    0.00
  87808.501    -0.016     0.00    0.00
  88097.840    -0.016     0.00    0.00
  88387.180    -0.016     0.00    0.00
  88676.519    -0.016     0.00    0.00
  88965.860    -0.016     0.00    0.00
  89255.200    -0.016     0.00    0.00
  89544.541    -0.016     0.00    0.00
  89833.882    -0.016     0.00    0.00
  90123.224    -0.016     0.00    0.00
  90412.566    -0.016     0.00    0.00
  90701.908    -0.016     0.00    0.00
  90991.251    -0.016     0.00    0.00
  91280.594    -0.016     0.00    0.00
  91569.937    -0.016     0.00    0.00
  91859.281    -0.016     0.00    0.00
  92148.625    -0.016     0.00    0.00
  92437.970    -0.016     0.00    0.00
  92727.315    -0.016     0.00    0.00
  93016.661    -0.016     0.00    0.00
  93306.006    -0.016     0.00    0.00
  93595.352    -0.016     0.00    0.00
  93884.699    -0.016     0.00    0.00
  94174.046    -0.016     0.00    0.00
  94463.393    -0.016     0.00    0.00
  94752.741    -0.016     0.00    0.00
  95042.089    -0.016     0.00    0.00
  95331.438    -0.016     0.00    0.00
  95620.787    -0.016     0.00    0.00
  95910.136    -0.016     0.00    0.00
  96199.486    -0.016     0.00    0.00
  96488.836    -0.016     0.00    0.00
  96778.187    -0.016     0.00    0.00
  97067.538    -0.016     0.00    0.00
  97356.889    -0.016     0.00    0.00
  97646.241    -0.016     0.00    0.00
  97935.593    -0.016     0.00    0.00
  98224.946    -0.016     0.00    0.00
  98514.299    -0.016     0.00    0.00
  98803.652    -0.016     0.00    0.00
  99093.006    -0.016     0.00    0.00
  99382.360    -0.016     0.00    0.00
  99671.715    -0.016     0.00    0.00
  99961.070    -0.016     0.00    0.00
 100250.425    -0.016     0.00    0.00
 100539.781    -0.016     0.00    0.00
 100829.138    -0.016     0.00    0.00
 101118.494    -0.016     0.00    0.00
 101407.852    -0.016     0.00    0.00
 101697.209    -0.016     0.00    0.00
 101986.567    -0.016     0.00    0.00
 102275.926    -0.016     0.00    0.00
 102565.285    -0.016     0.00    0.00
 102854.644    -0.016     0.00    0.00
 103144.004    -0.016     0.00    0.00
 103433.364    -0.016     0.00    0.00
 103722.725    -0.016     0.00    0.00
 104012.086    -0.016     0.00    0.00
 104301.376    -0.016     0.00    0.00
 104590.644    -0.016     0.00    0.00
 104879.913    -0.016     0.00    0.00
 105169.183    -0.016     0.00    0.00
 105458.452    -0.016     0.00    0.00
 105747.722    -0.016     0.00    0.00
 106036.993    -0.016     0.00    0.00
 106326.264     0.002     0.06    0.13
 106615.536     0.001    -0.00    0.13
 106904.807     0.148     0.51    0.86
 107194.080     0.295     0.51    1.14
 107483.353     0.901     2.10    2.18
 107772.626     1.395     1.71    3.10
 108061.900     2.260     2.99    4.28
 108351.174     2.784     1.81    4.88
 108640.449     2.713    -0.25    4.85
 108929.724     2.668    -0.16    4.77
 109218.999     2.323    -1.19    4.63
 109508.275     1.450    -3.02    3.69
 109797.552     0.781    -2.31    2.52
 110086.829     0.401    -1.31    1.61
 110376.106     0.226    -0.60    1.34
 110665.384    -0.016    -0.84    0.00
 110954.662    -0.016     0.00    0.00
 111243.941    -0.016     0.00    0.00
 111533.220    -0.016     0.00    0.00
 111822.500    -0.016     0.00    0.00
 112111.780    -0.016     0.00    0.00
 112401.061    -0.016     0.00    0.00
 112690.342    -0.016     0.00    0.00
 112979.624    -0.016     0.00    0.00
 113268.906    -0.016     0.00    0.00
 113558.189    -0.016     0.00    0.00
 113847.472    -0.016     0.00    0.00
 114136.755    -0.016     0.00    0.00
 114426.039     0.120     0.47    0.54
 114715.324     0.501     1.32    1.05
 115004.609     0.984     1.67    1.54
 115293.894     1.570     2.03    1.77
 115583.180     2.222     2.25    2.39
 115872.466     3.743     5.26    4.55
 116161.753     5.520     6.14    6.22
 116451.041     6.451     3.22    6.65
 116740.329     7.151     2.42    6.71
 117029.617     8.132     3.39    7.13
 117318.906     8.208     0.26    6.98
 117608.195     7.270    -3.24    6.16
 117897.485     6.501    -2.66    5.06
 118186.776     6.329    -0.59    3.96
 118476.067     7.101     2.67    4.33
 118765.358     7.312     0.73    4.94
 119054.650     9.312     6.91    6.06
 119343.942     9.777     1.61    6.25
 119633.235     9.501    -0.95    6.12
 119922.529    10.050     1.90    6.09
 120211.822    10.122     0.25    6.07
 120501.117    10.374     0.87    5.94
 120790.412    10.609     0.81    5.46
 121079.707    11.052     1.53    5.62
 121369.003    11.484     1.49    5.59
 121658.300    10.544    -3.25    5.32
 121947.596    10.798     0.88    5.82
 122236.894    10.743    -0.19    5.79
 122526.192    10.881     0.48    5.59
 122815.490    10.679    -0.70    5.42
 123104.789    10.851     0.59    5.45
 123394.089    10.178    -2.33    5.28
 123683.389     9.252    -3.20    5.02
 123972.690     8.696    -1.92    4.39
 124261.991     7.914    -2.70    4.35
 124551.292     7.689    -0.78    3.75
 124840.595     8.345     2.27    4.43
 125129.897     9.191     2.93    4.89
 125419.200    10.984     6.20    5.21
 125708.504    12.967     6.85    5.02
 125997.808    13.734     2.65    4.60
 126287.113    14.634     3.11    3.79
 126576.419    14.468    -0.58    3.95
 126865.725    13.730    -2.55    4.25
 127155.031    12.967    -2.64    4.13
 127444.338    12.154    -2.81    4.25
 127733.645    11.295    -2.97    3.88
 128022.953    11.001    -1.02    3.40
 128312.262    11.234     0.81    3.35
 128601.571    11.448     0.74    3.54
 128890.881    11.536     0.30    3.19
 129180.191    11.036    -1.73    3.00
 129469.502    11.084     0.17    2.70
 129758.813    10.967    -0.40    2.63
 130048.125    10.418    -1.90    2.48
 130337.437    10.191    -0.78    2.12
 130626.750    10.413     0.77    2.18
 130916.064    10.701     1.00    2.37
 131205.378    10.801     0.35    2.43
 131494.692     9.936    -2.99    3.63
 131784.007     9.247    -2.38    4.50
 132073.323     7.915    -4.60    4.99
 132362.639     6.442    -5.09    5.32
 132651.956     5.019    -4.92    4.96
 132941.274     3.263    -6.07    3.58
 133230.592     2.157    -3.82    2.39
 133519.910     1.588    -1.97    1.79
 133809.229     1.329    -0.89    1.79
 134098.549     0.881    -1.55    1.62
 134387.869     0.551    -1.14    1.41
 134677.190     0.243    -1.06    0.81
 134966.511     0.018    -0.78    0.26
 135255.833     0.556     1.86    2.67
 135545.156     0.812     0.89    3.01
 135834.479     2.018     4.17    4.33
 136123.803     3.551     5.30    5.44
 136413.127     5.099     5.35    5.97
 136702.452     5.948     2.94    5.92
 136991.777     7.381     4.95    5.71
 137281.103     8.777     4.83    5.27
 137570.429     9.818     3.60    4.40
 137859.757    10.410     2.05    3.55
 138149.084    10.501     0.31    2.62
 138438.413    10.340    -0.56    2.70
 138727.742    10.234    -0.37    2.81
 139017.071     9.768    -1.61    3.56
 139306.401     8.883    -3.06    3.99
 139595.732     8.208    -2.33    4.56
 139885.063     7.255    -3.29    4.82
 140174.395     6.534    -2.49    4.81
 140463.727     5.868    -2.30    4.63
 140753.060     4.984    -3.05    4.22
 141042.394     4.168    -2.82    3.38
 141331.728     3.384    -2.71    2.93
 141621.063     3.277    -0.37    2.81
 141910.398     2.818    -1.59    2.23
 142199.734     2.432    -1.33    1.93
 142489.071     2.410    -0.08    2.02
 142778.408     2.384    -0.09    2.03
 143067.746     2.450     0.23    2.50
 143357.085     2.553     0.36    2.60
 143646.424     2.734     0.63    2.58
 143935.763     2.787     0.18    2.55
 144225.104     2.425    -1.25    2.07
 144514.444     2.268    -0.54    2.14
 144803.786     2.088    -0.62    2.23
 145093.128     1.806    -0.97    2.03
 145382.471     1.468    -1.17    1.75
 145671.814     1.053    -1.43    0.97
 145961.158     1.218     0.57    1.16
 146250.503     1.381     0.56    1.39
 146539.848     1.450     0.24    1.54
 146829.194     1.364    -0.30    1.55
 147118.540     1.432     0.24    1.63
 147407.887     1.361    -0.25    1.65
 147697.235     1.174    -0.65    1.58
 147986.583     1.122    -0.18    1.54
 148275.932     0.915    -0.72    1.46
 148565.282     0.686    -0.79    1.39
 148854.632     0.427    -0.90    1.16
 149143.983     0.157    -0.93    0.60
 149433.334    -0.016    -0.60    0.00
 149722.687    -0.016     0.00    0.00
 150012.039    -0.016     0.00    0.00
 150301.393    -0.016     0.00    0.00
 150590.747    -0.016     0.00    0.00
 150880.101    -0.016     0.00    0.00
 151169.457    -0.016     0.00    0.00
 151458.813    -0.016     0.00    0.00
 151748.169    -0.016     0.00    0.00
 152037.526    -0.016     0.00    0.00
 152326.884    -0.016     0.00    0.00
 152616.243    -0.016     0.00    0.00
 152905.602    -0.016     0.00    0.00
 153194.962    -0.016     0.00    0.00
 153484.322    -0.016     0.00    0.00
 153773.684    -0.016     0.00    0.00
 154063.045    -0.016     0.00    0.00
 154352.408    -0.016     0.00    0.00
 154641.771    -0.016     0.00    0.00
 154931.135    -0.016     0.00    0.00
 155220.499    -0.016     0.00    0.00
 155509.864    -0.016     0.00    0.00
 155799.230    -0.016     0.00    0.00
 156088.596    -0.016     0.00    0.00
 156377.963    -0.016     0.00    0.00
 156667.331    -0.016     0.00    0.00
 156956.699    -0.016     0.00    0.00
 157246.068    -0.016     0.00    0.00
 157535.438    -0.016     0.00    0.00
 157824.809    -0.016     0.00    0.00
 158114.180    -0.016     0.00    0.00
 158403.551    -0.016     0.00    0.00
 158692.924    -0.016     0.00    0.00
 158982.297    -0.016     0.00    0.00
 159271.671    -0.016     0.00    0.00
 159561.045    -0.016     0.00    0.00
 159850.420    -0.016     0.00    0.00
 160139.796    -0.016     0.00    0.00
 160429.173    -0.016     0.00    0.00
 160718.550    -0.016     0.00    0.00
 161007.928    -0.016     0.00    0.00
 161297.306    -0.016     0.00    0.00
 161586.685    -0.016     0.00    0.00
 161876.065    -0.016     0.00    0.00
 162165.446    -0.016     0.00    0.00
 162454.827    -0.016     0.00    0.00
 162744.209    -0.016     0.00    0.00
 163033.592    -0.016     0.00    0.00
 163322.975    -0.016     0.00    0.00
 163612.359    -0.016     0.00    0.00
 163901.744    -0.016     0.00    0.00
 164191.130    -0.016     0.00    0.00
 164480.516    -0.016     0.00    0.00
 164769.903    -0.016     0.00    0.00
 165059.290    -0.016     0.00    0.00
 165348.678    -0.016     0.00    0.00
 165638.067    -0.016     0.00    0.00
 165927.457    -0.016     0.00    0.00
 166216.847    -0.016     0.00    0.00
 166506.157    -0.016     0.00    0.00
 166795.396    -0.016     0.00    0.00
 167084.635    -0.016     0.00    0.00
 167373.876    -0.016     0.00    0.00
 167663.117    -0.016     0.00    0.00
 167952.359    -0.016     0.00    0.00
 168241.602    -0.016     0.00    0.00
 168530.845    -0.016     0.00    0.00
 168820.089    -0.016     0.00    0.00
 169109.334    -0.016     0.00    0.00
 169398.580    -0.016     0.00    0.00
 169687.826    -0.016     0.00    0.00
 169977.073    -0.016     0.00    0.00
 170266.320    -0.016     0.00    0.00
 170555.569    -0.016     0.00    0.00
 170844.818    -0.016     0.00    0.00
 171134.068    -0.016     0.00    0.00
 171423.318    -0.016     0.00    0.00
 171712.570    -0.016     0.00    0.00
 172001.822    -0.016     0.00    0.00
 172291.075    -0.016     0.00    0.00
 172580.328    -0.016     0.00    0.00
 172869.582    -0.016     0.00    0.00
 173158.837    -0.016     0.00    0.00
 173448.093    -0.016     0.00    0.00
 173737.350    -0.016     0.00    0.00
 174026.607    -0.016     0.00    0.00
 174315.865    -0.016     0.00    0.00
 174605.124    -0.016     0.00    0.00
 174894.383    -0.016     0.00    0.00
 175183.643    -0.016     0.00    0.00
 175472.904    -0.016     0.00    0.00
 175762.166    -0.016     0.00    0.00
 176051.428    -0.016     0.00    0.00
 176340.691    -0.016     0.00    0.00
 176629.955    -0.016     0.00    0.00
 176919.220    -0.016     0.00    0.00
 177208.485    -0.016     0.00    0.00
 177497.752    -0.016     0.00    0.00
 177787.019    -0.016     0.00    0.00
 178076.286    -0.016     0.00    0.00
 178365.555    -0.016     0.00    0.00
 178654.824    -0.016     0.00    0.00
 178944.094    -0.016     0.00    0.00
 179233.365    -0.016     0.00    0.00
 179522.636    -0.016     0.00    0.00
 179811.908    -0.016     0.00    0.00
 180101.182    -0.016     0.00    0.00
 180390.455    -0.016     0.00    0.00
 180679.730    -0.016     0.00    0.00
 180969.005    -0.016     0.00    0.00
 181258.281    -0.016     0.00    0.00
 181547.558    -0.016     0.00    0.00
 181836.836    -0.016     0.00    0.00
 182126.114    -0.016     0.00    0.00
 182415.394    -0.016     0.00    0.00
 182704.674    -0.016     0.00    0.00
 182993.954    -0.016     0.00    0.00
 183283.236    -0.016     0.00    0.00
 183572.518    -0.016     0.00    0.00
 183861.801    -0.016     0.00    0.00
 184151.085    -0.016     0.00    0.00
 184440.370    -0.016     0.00    0.00
 184729.656    -0.016     0.00    0.00
 185018.942    -0.016     0.00    0.00
 185308.229    -0.016     0.00    0.00
 185597.517    -0.016     0.00    0.00
 185886.805    -0.016     0.00    0.00
 186176.095    -0.016     0.00    0.00
 186465.385    -0.016     0.00    0.00
 186754.676    -0.016     0.00    0.00
 187043.968    -0.016     0.00    0.00
 187333.260    -0.016     0.00    0.00
 187622.554    -0.016     0.00    0.00
 187911.848    -0.016     0.00    0.00
 188201.143    -0.016     0.00    0.00
 188490.439    -0.016     0.00    0.00
 188779.736    -0.016     0.00    0.00
 189069.033    -0.016     0.00    0.00
 189358.331    -0.016     0.00    0.00
 189647.630    -0.016     0.00    0.00
 189936.930    -0.016     0.00    0.00
 190226.231    -0.016     0.00    0.00
 190515.532    -0.016     0.00    0.00
 190804.835    -0.016     0.00    0.00
 191094.138    -0.016     0.00    0.00
 191383.442    -0.016     0.00    0.00
 191672.746    -0.016     0.00    0.00
 191962.052    -0.016     0.00    0.00
 192251.358    -0.016     0.00    0.00
 192540.666    -0.016     0.00    0.00
 192829.974    -0.016     0.00    0.00
 193119.282    -0.016     0.00    0.00
 193408.592    -0.016     0.00    0.00
 193697.903    -0.016     0.00    0.00
 193987.214    -0.016     0.00    0.00
 194276.526    -0.016     0.00    0.00
 194565.839    -0.016     0.00    0.00
 194855.153    -0.016     0.00    0.00
 195144.468    -0.016     0.00    0.00
 195433.783    -0.016     0.00    0.00
 195723.099    -0.016     0.00    0.00
 196012.416    -0.016     0.00    0.00
 196301.734    -0.016     0.00    0.00
 196591.053    -0.016     0.00    0.00
 196880.373    -0.016     0.00    0.00
 197169.693    -0.016     0.00    0.00
 197459.015    -0.016     0.00    0.00
 197748.337    -0.016     0.00    0.00
 198037.660    -0.016     0.00    0.00
 198326.984    -0.016     0.00    0.00
 198616.309    -0.016     0.00    0.00
 198905.634    -0.016     0.00    0.00
 199194.961    -0.016     0.00    0.00
 199484.288    -0.016     0.00    0.00
 199773.616    -0.016     0.00    0.00
 200062.945    -0.016     0.00    0.00
 200352.275    -0.016     0.00    0.00
 200641.606    -0.016     0.00    0.00
 200930.937    -0.016     0.00    0.00
 201220.270    -0.016     0.00    0.00
 201509.603    -0.016     0.00    0.00
 201798.937    -0.016     0.00    0.00
 202088.272    -0.016     0.00    0.00
 202377.608    -0.016     0.00    0.00
 202666.945    -0.016     0.00    0.00
 202956.282    -0.016     0.00    0.00
 203245.621    -0.016     0.00    0.00
 203534.960    -0.016     0.00    0.00
 203824.300    -0.016     0.00    0.00
 204113.641    -0.016     0.00    0.00
 204402.983    -0.016     0.00    0.00
 204692.326    -0.016     0.00    0.00
 204981.670    -0.016     0.00    0.00
 205271.015    -0.016     0.00    0.00
 205560.360    -0.016     0.00    0.00
 205849.706    -0.016     0.00    0.00
 206139.054    -0.016     0.00    0.00
 206428.402    -0.016     0.00    0.00
 206717.751    -0.016     0.00    0.00
 207007.100    -0.016     0.00    0.00
 207296.451    -0.016     0.00    0.00
 207585.803    -0.016     0.00    0.00
 207875.155    -0.016     0.00    0.00
 208164.509    -0.016     0.00    0.00
 208453.863    -0.016     0.00    0.00
 208743.218    -0.016     0.00    0.00
 209032.574    -0.016     0.00    0.00
 209321.931    -0.016     0.00    0.00
 209611.289    -0.016     0.00    0.00
 209900.648    -0.016     0.00    0.00
 210190.008    -0.016     0.00    0.00
 210479.368    -0.016     0.00    0.00
 210768.730    -0.016     0.00    0.00
 211058.092    -0.016     0.00    0.00
 211347.455    -0.016     0.00    0.00
 211636.820    -0.016     0.00    0.00
 211926.185    -0.016     0.00    0.00
 212215.551    -0.016     0.00    0.00
 212504.918    -0.016     0.00    0.00
 212794.285    -0.016     0.00    0.00
 213083.654    -0.016     0.00    0.00
 213373.024    -0.016     0.00    0.00
 213662.394    -0.016     0.00    0.00
 213951.766    -0.016     0.00    0.00
 214241.138    -0.016     0.00    0.00
 214530.512    -0.016     0.00    0.00
 214819.886    -0.016     0.00    0.00
 215109.261    -0.016     0.00    0.00
 215398.637    -0.016     0.00    0.00
 215688.014    -0.016     0.00    0.00
 215977.392    -0.016     0.00    0.00
 216266.771    -0.016     0.00    0.00
 216556.150    -0.016     0.00    0.00
 216845.531    -0.016     0.00    0.00
 217134.913    -0.016     0.00    0.00
 217424.295    -0.016     0.00    0.00
 217713.679    -0.016     0.00    0.00
 218003.063    -0.016     0.00    0.00
 218292.449    -0.016     0.00    0.00
 218581.835    -0.016     0.00    0.00
 218871.222    -0.016     0.00    0.00
 219160.610    -0.016     0.00    0.00
 219449.999    -0.016     0.00    0.00
 219739.389    -0.016     0.00    0.00
 220028.780    -0.016     0.00    0.00
 220318.172    -0.016     0.00    0.00
 220607.565    -0.016     0.00    0.00
 220896.959    -0.016     0.00    0.00
 221186.354    -0.016     0.00    0.00
 221475.749    -0.016     0.00    0.00
 221765.146    -0.016     0.00    0.00
 222054.544    -0.016     0.00    0.00
 222343.942    -0.016     0.00    0.00
 222633.342    -0.016     0.00    0.00
 222922.742    -0.016     0.00    0.00
 223212.143    -0.016     0.00    0.00
 223501.546    -0.016     0.00    0.00
 223790.949    -0.016     0.00    0.00
 224080.353    -0.016     0.00    0.00
 224369.759    -0.016     0.00    0.00
 224659.165    -0.016     0.00    0.00
 224948.572    -0.016     0.00    0.00
 225237.980    -0.016     0.00    0.00
 225527.389    -0.016     0.00    0.00
 225816.799    -0.016     0.00    0.00
 226106.210    -0.016     0.00    0.00
 226395.622    -0.016     0.00    0.00
 226685.035    -0.016     0.00    0.00
 226974.449    -0.016     0.00    0.00
 227263.864    -0.016     0.00    0.00
 227553.280    -0.016     0.00    0.00
 227842.697    -0.016     0.00    0.00
 228132.115    -0.016     0.00    0.00
 228421.534    -0.016     0.00    0.00
 228710.888    -0.016     0.00    0.00
 229000.097    -0.016     0.00    0.00
 229289.306    -0.016     0.00    0.00
 229578.517    -0.016     0.00    0.00
 229867.729    -0.016     0.00    0.00
 230156.942    -0.016     0.00    0.00
 230446.155    -0.016     0.00    0.00
 230735.370    -0.016     0.00    0.00
 231024.586    -0.016     0.00    0.00
 231313.803    -0.016     0.00    0.00
 231603.020    -0.016     0.00    0.00
 231892.239    -0.016     0.00    0.00
 232181.459    -0.016     0.00    0.00
 232470.679    -0.016     0.00    0.00
 232759.901    -0.016     0.00    0.00
 233049.124    -0.016     0.00    0.00
 233338.347    -0.016     0.00    0.00
 233627.572    -0.016     0.00    0.00
 233916.798    -0.016     0.00    0.00
 234206.024    -0.016     0.00    0.00
 234495.252    -0.016     0.00    0.00
 234784.481    -0.016     0.00    0.00
 235073.710    -0.016     0.00    0.00
 235362.941    -0.016     0.00    0.00
 235652.173    -0.016     0.00    0.00
 235941.405    -0.016     0.00    0.00
 236230.639    -0.016     0.00    0.00
 236519.874    -0.016     0.00    0.00
 236809.110    -0.016     0.00    0.00
 237098.346    -0.016     0.00    0.00
 237387.584    -0.016     0.00    0.00
 237676.823    -0.016     0.00    0.00
 237966.063    -0.016     0.00    0.00
 238255.304    -0.016     0.00    0.00
 238544.545    -0.016     0.00    0.00
 238833.788    -0.016     0.00    0.00
 239123.032    -0.016     0.00    0.00
